315559 200 10.000020 Current network file generated by angioadapt
  300.000000  300.000000  500.000000	box dimensions in microns
  15    15    25 	number of tissue points in x,y,z directions
  0.000000			outer bound distance (100. in test case)
  75.000000				max. segment length.  (5. in test case)
   40				nodsegm, max. number of segments per node
  922				total number of segments 
  name type from  to  diam       flow
	1	  4	  1	  2	  7.000000	  59.860676	  0.400000  
	2	  3	  2	  52	  9.923795	  59.860676	  0.400000  
	6	  5	  6	  275	  9.713070	  13.879934	  0.580571  
	7	  5	  275	  216	  8.562503	  7.202652	  0.513647  
	8	  5	  40	  75	  8.747259	  5.300197	  0.568543  
	9	  5	  778	  162	  7.386282	  1.218539	  0.679577  
	12	  5	  52	  13	  3.646271	  4.455722	  0.034144  
	13	  5	  13	  208	  4.322304	  4.455722	  0.034144  
	14	  4	  14	  15	  16.000000	  -59.860676	  0.400000  
	15	  3	  15	  208	  12.283580	  -59.860676	  0.400000  
	17	  5	  673	  270	  11.622828	  -40.422363	  0.436466  
	18	  5	  270	  163	  11.011315	  -27.792839	  0.484894  
	20	  5	  20	  184	  10.077339	  -17.506573	  0.473858  
	21	  5	  21	  72	  8.386263	  -6.600699	  0.419061  
	25	  5	  5	  209	  9.701056	  24.027550	  0.501907  
	27	  5	  184	  400	  8.572864	  -7.866902	  0.439554  
	30	  5	  25	  1828	  3.534578	  -0.007348	  0.623262  
	31	  5	  5	  166	  3.047970	  1.782189	  0.042692  
	32	  5	  75	  33	  6.117235	  2.003031	  0.449293  
	38	  5	  52	  4	  9.908675	  41.858501	  0.471818  
	40	  5	  41	  1021	  5.790376	  0.209995	  0.643279  
	41	  5	  72	  406	  8.037115	  -4.019855	  0.485057  
	45	  5	  33	  46	  6.246758	  2.003031	  0.449293  
	46	  5	  184	  1227	  6.577413	  -3.270941	  0.376048  
	47	  5	  72	  1590	  5.427788	  -1.057706	  0.319969  
	48	  5	  1366	  1753	  3.489260	  -0.129893	  0.006748  
	52	  5	  40	  70	  4.052289	  0.126497	  0.000000  
	62	  5	  46	  63	  5.052101	  1.362890	  0.536033  
	64	  5	  1590	  130	  4.986099	  -0.872524	  0.242646  
	66	  5	  167	  67	  4.317853	  -0.132248	  0.456702  
	68	  5	  52	  69	  7.069716	  13.546453	  0.298420  
	70	  5	  41	  1842	  3.643043	  0.052911	  0.709729  
	74	  5	  209	  166	  4.656238	  4.107687	  0.317522  
	76	  5	  12	  30	  4.250491	  0.033544	  0.586936  
	80	  5	  4	  5	  9.416714	  25.809740	  0.470197  
	83	  5	  63	  83	  5.788177	  1.510416	  0.522716  
	86	  5	  1753	  917	  4.707049	  -0.316095	  0.790333  
	87	  5	  67	  87	  4.312400	  -0.132248	  0.456702  
	89	  5	  69	  112	  7.349722	  13.546453	  0.298420  
	95	  5	  75	  95	  5.164991	  0.770483	  0.464745  
	99	  5	  41	  1103	  5.709033	  0.133635	  0.890099  
	102	  5	  4	  160	  6.385783	  7.325356	  0.424012  
	104	  5	  276	  25	  3.527382	  -0.007348	  0.623262  
	105	  5	  127	  1366	  6.650877	  -1.407453	  0.377432  
	107	  5	  83	  106	  5.355000	  1.195216	  0.600984  
	109	  5	  130	  108	  4.732812	  -0.833693	  0.206713  
	111	  5	  87	  110	  4.281682	  -0.132248	  0.456702  
	114	  5	  70	  1964	  6.274185	  2.045649	  0.561739  
	116	  5	  92	  1104	  7.956598	  3.907957	  0.602302  
	118	  5	  166	  82	  5.465217	  5.889876	  0.234362  
	119	  5	  95	  978	  5.387927	  0.770483	  0.464745  
	122	  5	  4	  121	  6.119174	  6.132093	  0.576005  
	135	  5	  163	  411	  10.296493	  -21.718370	  0.459255  
	137	  5	  271	  134	  5.754045	  5.080713	  0.256948  
	138	  5	  106	  135	  5.404603	  1.195216	  0.600984  
	139	  5	  332	  615	  7.261736	  4.146328	  0.495269  
	140	  5	  108	  654	  4.721430	  -0.833693	  0.206713  
	144	  5	  112	  141	  7.537920	  13.546453	  0.298420  
	145	  5	  1964	  142	  5.500009	  1.067980	  0.546590  
	150	  5	  978	  147	  3.944582	  0.280880	  0.313543  
	152	  5	  1498	  1624	  4.232759	  0.063826	  0.949927  
	155	  5	  160	  152	  5.936205	  3.680612	  0.406730  
	157	  5	  125	  2272	  4.433762	  -0.048208	  0.755874  
	158	  5	  270	  155	  4.714603	  -0.701880	  0.303758  
	159	  5	  127	  156	  6.357166	  -1.066356	  0.448526  
	161	  5	  63	  978	  3.883776	  -0.147526	  0.399689  
	164	  5	  275	  161	  5.120748	  2.137902	  0.621981  
	167	  5	  72	  164	  6.075110	  -1.523138	  0.313694  
	175	  5	  208	  673	  11.815007	  -46.446030	  0.414643  
	176	  5	  209	  6	  9.439330	  13.879934	  0.580571  
	177	  5	  134	  174	  5.772548	  5.080713	  0.256948  
	178	  5	  135	  175	  7.292244	  2.024967	  0.580413  
	180	  5	  654	  884	  4.688727	  -0.833693	  0.206713  
	185	  5	  142	  857	  5.641193	  1.067980	  0.546590  
	189	  5	  82	  271	  6.703670	  6.990379	  0.209633  
	190	  5	  147	  1244	  4.149709	  0.280880	  0.313543  
	193	  5	  121	  190	  5.600584	  3.837880	  0.629812  
	195	  5	  152	  236	  6.199646	  3.680612	  0.406730  
	198	  5	  155	  194	  4.651496	  -0.701880	  0.303758  
	199	  5	  156	  1753	  6.434543	  -1.066356	  0.448526  
	201	  5	  978	  487	  5.058039	  0.342077	  0.616953  
	202	  5	  130	  762	  4.637037	  -0.569419	  0.327771  
	204	  5	  161	  198	  5.368253	  2.137902	  0.621981  
	205	  5	  162	  558	  9.162385	  -1.699502	  0.790256  
	206	  5	  163	  200	  5.491243	  -1.501263	  0.564361  
	211	  5	  163	  204	  5.984200	  -1.610928	  0.694156  
	212	  5	  271	  249	  4.511962	  1.248616	  0.138624  
	222	  5	  2272	  215	  4.403603	  -0.027320	  0.812524  
	223	  5	  216	  40	  8.548246	  5.426693	  0.555290  
	225	  5	  261	  29	  5.701005	  -0.329348	  0.471318  
	227	  5	  174	  220	  5.795014	  5.080713	  0.256948  
	228	  5	  175	  221	  7.202178	  2.024967	  0.580413  
	229	  5	  615	  222	  4.947326	  -2.254925	  0.269027  
	231	  5	  2301	  1369	  7.384599	  -1.377369	  0.586685  
	235	  5	  857	  953	  4.972955	  0.617388	  0.578744  
	243	  5	  190	  234	  5.957854	  3.837880	  0.629812  
	247	  5	  194	  238	  4.592078	  -0.701880	  0.303758  
	248	  5	  1322	  2146	  4.381933	  0.033544	  0.586936  
	251	  5	  198	  438	  5.622955	  2.137902	  0.621981  
	253	  5	  200	  244	  5.472351	  -1.501263	  0.564361  
	254	  5	  164	  364	  5.998167	  -1.282880	  0.327490  
	257	  5	  204	  248	  5.868409	  -1.610928	  0.694156  
	259	  5	  566	  939	  3.579199	  -0.027141	  0.447320  
	261	  5	  208	  252	  8.798704	  -8.958924	  0.506046  
	262	  5	  209	  408	  7.428010	  6.039929	  0.446530  
	263	  5	  160	  254	  5.508376	  3.644744	  0.441464  
	265	  5	  4	  256	  4.405092	  2.591312	  0.376556  
	266	  5	  163	  257	  5.758475	  -2.962279	  0.518793  
	268	  5	  215	  259	  5.753910	  0.187790	  0.958583  
	269	  5	  216	  260	  5.390275	  1.775958	  0.386402  
	272	  5	  75	  778	  8.764230	  2.526682	  0.694730  
	278	  5	  41	  2000	  6.897668	  -0.442065	  0.740215  
	279	  5	  121	  338	  4.944445	  2.294213	  0.485992  
	288	  5	  220	  277	  5.823053	  5.080713	  0.256948  
	289	  5	  221	  1104	  7.075219	  2.024967	  0.580413  
	290	  5	  222	  279	  4.869429	  -2.254925	  0.269027  
	291	  5	  884	  750	  4.622323	  -0.833693	  0.206713  
	292	  5	  1369	  281	  4.175660	  0.168930	  0.338841  
	295	  5	  141	  347	  4.703965	  2.338024	  0.081566  
	298	  5	  394	  1490	  3.450395	  -0.016394	  0.314565  
	299	  5	  1244	  2300	  4.574734	  0.360533	  0.489698  
	301	  5	  1987	  290	  4.708745	  0.397088	  0.209813  
	302	  5	  234	  291	  6.114258	  3.837880	  0.629812  
	303	  5	  235	  292	  6.472298	  -2.965175	  0.217616  
	304	  5	  236	  957	  6.402149	  3.680612	  0.406730  
	306	  5	  238	  295	  4.517778	  -0.701880	  0.303758  
	307	  5	  2146	  296	  4.371115	  0.033544	  0.586936  
	308	  5	  487	  297	  4.437762	  0.208499	  0.647501  
	310	  5	  438	  299	  4.177846	  0.526974	  0.401344  
	311	  5	  558	  300	  9.234785	  -2.270268	  0.770528  
	312	  5	  244	  834	  5.450414	  -1.501263	  0.564361  
	316	  5	  248	  305	  5.778397	  -1.610928	  0.694156  
	317	  5	  249	  306	  4.572225	  1.248616	  0.138624  
	320	  5	  252	  309	  8.841048	  -8.958924	  0.506046  
	321	  5	  408	  310	  6.695009	  3.502826	  0.460791  
	322	  5	  254	  311	  5.806434	  3.644744	  0.441464  
	324	  5	  256	  313	  4.757119	  2.591312	  0.376556  
	325	  5	  257	  314	  5.681475	  -2.962279	  0.518793  
	326	  5	  258	  315	  3.832767	  0.056372	  0.940727  
	327	  5	  259	  1502	  5.061707	  0.144704	  0.972037  
	328	  5	  260	  317	  5.598692	  1.775958	  0.386402  
	330	  5	  778	  381	  7.082393	  1.308143	  0.708845  
	331	  5	  83	  1136	  3.946905	  0.315200	  0.225929  
	332	  5	  70	  321	  4.570552	  0.349960	  0.372924  
	336	  5	  2000	  1244	  4.198971	  0.128173	  0.698623  
	338	  5	  270	  325	  8.321156	  -11.927642	  0.331433  
	340	  5	  2301	  327	  6.660563	  0.743176	  0.503143  
	343	  5	  275	  330	  8.833495	  4.539381	  0.667257  
	344	  5	  162	  331	  5.519014	  0.830927	  0.657857  
	347	  5	  276	  394	  4.214779	  -0.032553	  0.350573  
	350	  5	  215	  336	  6.231138	  -0.215110	  0.940032  
	353	  5	  400	  21	  8.251225	  -6.600699	  0.419061  
	354	  5	  406	  127	  7.295853	  -2.473809	  0.408078  
	355	  5	  277	  341	  6.613490	  6.023669	  0.268194  
	356	  5	  1104	  184	  8.784554	  6.368729	  0.566467  
	357	  5	  279	  342	  4.819261	  -2.254925	  0.269027  
	358	  5	  750	  343	  5.225274	  1.192170	  0.286686  
	359	  5	  281	  344	  4.058414	  -0.208607	  0.211781  
	366	  5	  2300	  351	  3.769114	  -0.095159	  0.171991  
	369	  5	  291	  353	  6.250472	  3.837880	  0.629812  
	370	  5	  292	  374	  6.518279	  -2.965175	  0.217616  
	371	  5	  957	  355	  7.473595	  7.255058	  0.329076  
	373	  5	  295	  357	  4.414193	  -0.701880	  0.303758  
	374	  5	  296	  1619	  4.332180	  0.033544	  0.586936  
	377	  5	  299	  361	  4.351476	  0.526974	  0.401344  
	378	  5	  300	  362	  9.136231	  -2.270268	  0.770528  
	381	  5	  1227	  365	  4.540357	  -0.412830	  0.068957  
	382	  5	  304	  2186	  4.305785	  -0.111206	  0.530359  
	383	  5	  305	  367	  5.669206	  -1.610928	  0.694156  
	384	  5	  306	  368	  4.582044	  1.248616	  0.138624  
	387	  5	  309	  371	  8.876254	  -8.958924	  0.506046  
	388	  5	  310	  849	  6.923265	  3.502826	  0.460791  
	389	  5	  311	  519	  6.095347	  3.644744	  0.441464  
	390	  5	  571	  374	  6.092696	  1.500528	  0.300385  
	391	  5	  313	  375	  4.948816	  2.591312	  0.376556  
	392	  5	  314	  376	  5.597292	  -2.962279	  0.518793  
	393	  5	  315	  820	  3.882146	  0.056372	  0.940727  
	395	  5	  317	  379	  5.766530	  1.775958	  0.386402  
	399	  5	  321	  383	  4.823339	  0.349960	  0.372924  
	400	  5	  1514	  455	  3.514654	  -0.078941	  0.297486  
	402	  5	  338	  456	  4.378351	  1.130458	  0.475908  
	403	  5	  325	  386	  8.377171	  -11.927642	  0.331433  
	405	  5	  327	  388	  6.793901	  0.743176	  0.503143  
	408	  5	  330	  391	  9.006748	  4.539381	  0.667257  
	409	  5	  331	  463	  5.674004	  0.830927	  0.657857  
	410	  5	  332	  393	  7.432487	  -4.146328	  0.495269  
	414	  5	  336	  258	  3.775352	  0.056372	  0.940727  
	415	  5	  2000	  1621	  3.597976	  0.050809	  0.818809  
	416	  5	  338	  399	  4.323767	  1.163755	  0.495787  
	421	  5	  110	  402	  4.401994	  -0.132248	  0.456702  
	422	  5	  1729	  403	  3.531970	  -0.016978	  0.590695  
	426	  5	  364	  1256	  5.224028	  -0.367236	  0.622329  
	428	  5	  261	  1472	  3.484918	  -0.149579	  0.051916  
	429	  5	  12	  125	  4.628086	  -0.048208	  0.755874  
	430	  5	  411	  874	  10.108071	  -18.484241	  0.479382  
	432	  5	  341	  413	  6.611412	  6.023669	  0.268194  
	433	  5	  342	  414	  4.765679	  -2.254925	  0.269027  
	435	  5	  344	  706	  3.597829	  0.117298	  0.297726  
	438	  5	  347	  418	  4.975107	  2.338024	  0.081566  
	439	  5	  953	  419	  4.896629	  -0.460799	  0.518431  
	441	  5	  1490	  2099	  3.337907	  -0.016598	  0.336845  
	442	  5	  351	  1995	  3.720826	  -0.095159	  0.171991  
	446	  5	  355	  674	  7.555672	  7.255058	  0.329076  
	449	  5	  1619	  429	  4.825468	  -0.092679	  0.964922  
	450	  5	  297	  1372	  4.507147	  0.208499	  0.647501  
	451	  5	  298	  1114	  5.590622	  -1.106289	  0.340810  
	452	  5	  361	  432	  4.474632	  0.526974	  0.401344  
	453	  5	  362	  70	  8.987831	  -2.270268	  0.770528  
	454	  5	  834	  434	  5.842364	  -1.978184	  0.483591  
	455	  5	  364	  1249	  5.197723	  -0.773587	  0.229454  
	456	  5	  365	  436	  4.637969	  -0.412830	  0.068957  
	458	  5	  367	  438	  5.537953	  -1.610928	  0.694156  
	459	  5	  368	  439	  4.587059	  1.248616	  0.138624  
	462	  5	  371	  442	  8.902579	  -8.958924	  0.506046  
	466	  5	  375	  446	  5.112778	  2.591312	  0.376556  
	467	  5	  376	  447	  5.507946	  -2.962279	  0.518793  
	470	  5	  379	  450	  5.890158	  1.775958	  0.386402  
	471	  5	  380	  451	  5.239231	  -0.199338	  0.642283  
	472	  5	  381	  452	  7.237338	  1.122888	  0.755788  
	473	  5	  1136	  453	  5.312659	  1.162218	  0.144266  
	474	  5	  383	  970	  4.907971	  0.349960	  0.372924  
	477	  5	  386	  557	  8.438311	  -11.927642	  0.331433  
	478	  5	  271	  458	  4.627231	  1.060319	  0.097823  
	479	  5	  388	  459	  6.882040	  0.743176	  0.503143  
	481	  5	  329	  1212	  3.387887	  -0.041686	  0.033588  
	482	  5	  391	  462	  9.152306	  4.539381	  0.667257  
	484	  5	  393	  771	  7.502223	  -4.146328	  0.495269  
	485	  5	  394	  465	  3.451107	  -0.016159	  0.387103  
	490	  5	  399	  470	  4.527976	  1.163755	  0.495787  
	491	  5	  400	  471	  5.898953	  -1.266203	  0.546384  
	493	  5	  402	  473	  4.927581	  -0.190175	  0.380040  
	497	  5	  406	  2202	  7.128967	  -1.546047	  0.608232  
	498	  5	  1256	  1500	  4.557934	  -0.212962	  0.692005  
	499	  5	  408	  478	  5.605949	  2.537103	  0.426841  
	500	  5	  1472	  1574	  5.803877	  -0.788691	  0.301848  
	501	  5	  276	  1117	  4.229777	  0.039900	  0.400788  
	503	  5	  411	  481	  6.405706	  -3.234128	  0.344224  
	505	  5	  135	  1739	  6.058383	  -0.829751	  0.550780  
	506	  5	  235	  483	  5.770370	  2.965175	  0.217616  
	508	  5	  277	  485	  5.654736	  -0.942956	  0.328784  
	511	  5	  344	  488	  3.560553	  0.139877	  0.377292  
	513	  5	  357	  663	  4.344659	  -0.701880	  0.303758  
	515	  5	  413	  492	  6.607177	  6.023669	  0.268194  
	516	  5	  414	  493	  4.703321	  -2.254925	  0.269027  
	518	  5	  706	  494	  3.821262	  0.117298	  0.297726  
	520	  5	  418	  497	  5.048262	  2.338024	  0.081566  
	525	  5	  489	  501	  3.261597	  -0.024776	  0.030267  
	528	  5	  674	  504	  7.297047	  5.000133	  0.356156  
	529	  5	  427	  505	  3.178850	  0.017881	  0.063726  
	531	  5	  429	  507	  4.834505	  -0.092679	  0.964922  
	533	  5	  1114	  509	  6.806731	  -1.806073	  0.354078  
	534	  5	  432	  828	  4.603119	  0.526974	  0.401344  
	536	  5	  434	  511	  5.789988	  -1.978184	  0.483591  
	538	  5	  436	  513	  4.674736	  -0.412830	  0.068957  
	541	  5	  439	  728	  4.585629	  1.248616	  0.138624  
	542	  5	  939	  516	  5.575233	  -0.377280	  0.885370  
	543	  5	  442	  517	  8.924356	  -8.958924	  0.506046  
	544	  5	  849	  799	  5.875532	  1.978184	  0.483591  
	547	  5	  446	  521	  5.246111	  2.591312	  0.376556  
	548	  5	  447	  522	  5.416689	  -2.962279	  0.518793  
	551	  5	  450	  525	  5.989826	  1.775958	  0.386402  
	552	  5	  451	  1041	  5.326904	  -0.199338	  0.642283  
	554	  5	  453	  528	  6.216264	  1.820632	  0.328239  
	556	  5	  455	  530	  5.507918	  -0.482257	  0.640852  
	557	  5	  456	  531	  4.566558	  1.130458	  0.475908  
	558	  5	  557	  532	  7.627255	  -6.878174	  0.402659  
	559	  5	  458	  616	  4.693088	  1.060319	  0.097823  
	561	  5	  1315	  2029	  3.706209	  0.022508	  0.432149  
	562	  5	  1212	  1118	  5.849878	  -0.403201	  0.733052  
	563	  5	  462	  70	  9.294404	  4.539381	  0.667257  
	564	  5	  463	  1478	  5.808239	  0.830927	  0.657857  
	565	  5	  771	  539	  6.768953	  -2.927988	  0.465071  
	566	  5	  465	  540	  5.398819	  -0.097393	  0.714785  
	570	  5	  1376	  1624	  4.162477	  0.593822	  0.099066  
	571	  5	  470	  545	  4.688423	  1.163755	  0.495787  
	572	  5	  471	  1100	  5.981117	  -1.266203	  0.546384  
	574	  5	  473	  757	  5.697853	  -0.377898	  0.400874  
	579	  5	  478	  553	  5.850596	  2.537103	  0.426841  
	580	  5	  1574	  2127	  4.347054	  -0.447165	  0.196280  
	581	  5	  1117	  304	  4.803020	  0.085894	  0.417383  
	582	  5	  481	  555	  6.445011	  -3.234128	  0.344224  
	583	  5	  1739	  556	  4.896935	  -0.311987	  0.348748  
	584	  5	  483	  557	  5.717436	  2.965175	  0.217616  
	586	  5	  485	  559	  5.689449	  -0.942956	  0.328784  
	589	  5	  488	  562	  3.721156	  0.139877	  0.377292  
	590	  5	  489	  563	  3.871182	  -0.022601	  0.800364  
	591	  5	  663	  672	  5.787777	  3.136000	  0.702788  
	593	  5	  82	  645	  4.378709	  -1.100503	  0.077284  
	598	  5	  1227	  1334	  6.025386	  -1.711684	  0.526342  
	604	  5	  492	  576	  6.599601	  6.023669	  0.268194  
	605	  5	  493	  577	  4.627517	  -2.254925	  0.269027  
	606	  5	  494	  970	  4.283154	  -0.729721	  0.084325  
	609	  5	  497	  581	  5.120286	  2.338024	  0.081566  
	613	  5	  501	  585	  3.261171	  -0.024776	  0.030267  
	615	  5	  374	  616	  5.505610	  -1.464647	  0.132819  
	616	  5	  504	  588	  7.347248	  5.000133	  0.356156  
	617	  5	  505	  589	  3.724528	  -0.012590	  0.769010  
	619	  5	  507	  591	  4.823019	  -0.092679	  0.964922  
	621	  5	  509	  593	  6.769527	  -1.806073	  0.354078  
	622	  5	  828	  594	  4.748804	  -0.415982	  0.236864  
	623	  5	  511	  595	  5.750548	  -1.978184	  0.483591  
	624	  5	  1249	  596	  4.164300	  -0.083255	  0.712155  
	625	  5	  513	  691	  4.717169	  -0.412830	  0.068957  
	627	  5	  728	  599	  5.393671	  -0.835677	  0.437134  
	629	  5	  517	  601	  8.939839	  -8.958924	  0.506046  
	631	  5	  519	  603	  4.371562	  0.682466	  0.105812  
	633	  5	  521	  604	  5.357912	  2.591312	  0.376556  
	634	  5	  522	  605	  5.327244	  -2.962279	  0.518793  
	637	  5	  525	  776	  6.095140	  1.775958	  0.386402  
	639	  5	  452	  1624	  3.764019	  0.109514	  0.339512  
	640	  5	  528	  611	  6.194698	  1.820632	  0.328239  
	641	  5	  970	  612	  4.261770	  0.554119	  0.139917  
	643	  5	  531	  614	  4.691455	  1.130458	  0.475908  
	644	  5	  532	  615	  7.680112	  -6.878174	  0.402659  
	651	  5	  539	  621	  6.835606	  -2.927988	  0.465071  
	652	  5	  540	  1509	  4.816909	  -0.072372	  0.815555  
	654	  5	  452	  624	  4.947938	  0.497715	  0.761286  
	656	  5	  545	  626	  4.814765	  1.163755	  0.495787  
	662	  5	  2202	  632	  4.698527	  -0.576056	  0.353270  
	664	  5	  553	  633	  6.023044	  2.537103	  0.426841  
	666	  5	  555	  1279	  6.489745	  -3.234128	  0.344224  
	668	  5	  557	  637	  5.376164	  -2.084293	  0.258308  
	669	  5	  558	  638	  5.301466	  0.570767	  0.711787  
	670	  5	  559	  639	  5.728960	  -0.942956	  0.328784  
	672	  5	  487	  994	  3.649074	  0.063262	  0.547285  
	673	  5	  562	  642	  3.818650	  0.139877	  0.377292  
	678	  5	  615	  647	  4.351464	  -0.476920	  0.229342  
	680	  5	  141	  648	  8.005802	  7.633983	  0.387922  
	682	  5	  571	  650	  5.482819	  -1.500528	  0.300385  
	683	  5	  2301	  651	  3.675882	  0.105136	  0.351603  
	686	  5	  130	  1885	  5.306082	  1.041020	  0.283207  
	693	  5	  1514	  659	  4.373623	  -0.144449	  0.480266  
	697	  5	  953	  642	  4.629725	  -0.693996	  0.187760  
	698	  5	  353	  663	  6.177375	  3.837880	  0.629812  
	709	  5	  576	  673	  6.588752	  6.023669	  0.268194  
	710	  5	  577	  674	  4.548358	  -2.254925	  0.269027  
	713	  5	  581	  883	  5.246910	  2.338024	  0.081566  
	716	  5	  500	  2270	  4.686392	  -0.235812	  0.308277  
	717	  5	  585	  681	  3.235205	  -0.024776	  0.030267  
	719	  5	  588	  682	  7.400712	  5.000133	  0.356156  
	720	  5	  589	  788	  3.717126	  -0.012590	  0.769010  
	722	  5	  591	  685	  4.797049	  -0.092679	  0.964922  
	723	  5	  1372	  1898	  5.169596	  0.336464	  0.582156  
	724	  5	  593	  687	  6.728220	  -1.806073	  0.354078  
	725	  5	  594	  688	  4.765078	  -0.415982	  0.236864  
	726	  5	  595	  689	  5.705310	  -1.978184	  0.483591  
	730	  5	  599	  693	  5.443463	  -0.835677	  0.437134  
	732	  5	  601	  735	  8.956145	  -8.958924	  0.506046  
	734	  5	  603	  697	  4.554469	  0.682466	  0.105812  
	735	  5	  604	  698	  5.456000	  2.591312	  0.376556  
	736	  5	  605	  519	  5.228229	  -2.962279	  0.518793  
	739	  5	  776	  702	  5.232642	  0.931840	  0.391924  
	742	  5	  611	  705	  6.166680	  1.820632	  0.328239  
	745	  5	  614	  708	  4.806110	  1.130458	  0.475908  
	747	  5	  616	  709	  4.979221	  -0.404328	  0.224594  
	748	  5	  459	  811	  4.160697	  0.108345	  0.121964  
	750	  5	  1118	  712	  3.893936	  -0.096927	  0.097785  
	752	  5	  621	  714	  7.724895	  -3.340818	  0.416123  
	755	  5	  624	  1375	  5.121053	  0.497715	  0.761286  
	757	  5	  626	  718	  4.911167	  1.163755	  0.495787  
	759	  5	  628	  720	  5.241166	  0.162008	  0.287752  
	760	  5	  757	  821	  7.956114	  0.899107	  0.672163  
	764	  5	  633	  724	  6.158110	  2.537103	  0.426841  
	766	  5	  1279	  726	  5.395473	  -1.413496	  0.364814  
	768	  5	  637	  728	  5.400883	  -2.084293	  0.258308  
	769	  5	  638	  729	  5.459513	  0.570767	  0.711787  
	770	  5	  639	  828	  5.779549	  -0.942956	  0.328784  
	775	  5	  672	  735	  8.138501	  6.367611	  0.558743  
	776	  5	  645	  736	  4.382414	  -1.100503	  0.077284  
	778	  5	  647	  738	  4.318131	  -0.476920	  0.229342  
	779	  5	  648	  739	  8.166753	  7.633983	  0.387922  
	780	  5	  1334	  740	  6.474746	  -2.147490	  0.456124  
	781	  5	  650	  741	  5.510630	  -1.500528	  0.300385  
	782	  5	  651	  1661	  3.914242	  0.105136	  0.351603  
	783	  5	  1885	  743	  3.760212	  -0.105406	  0.055112  
	784	  5	  164	  744	  4.360708	  -0.240258	  0.240033  
	790	  5	  659	  600	  4.200295	  -0.144449	  0.480266  
	803	  5	  672	  759	  5.302264	  -0.937398	  0.254901  
	804	  5	  92	  760	  5.508871	  -0.521006	  0.749808  
	808	  5	  298	  1377	  4.610419	  0.514813	  0.327180  
	824	  5	  874	  20	  9.952924	  -17.506573	  0.473858  
	829	  5	  494	  781	  4.693578	  0.847019	  0.113877  
	833	  5	  2270	  992	  3.830447	  0.141725	  0.202673  
	834	  5	  681	  1323	  3.130113	  -0.024776	  0.030267  
	835	  5	  682	  787	  7.457710	  5.000133	  0.356156  
	839	  5	  1898	  791	  6.074818	  0.568725	  0.590887  
	840	  5	  687	  792	  6.680977	  -1.806073	  0.354078  
	841	  5	  688	  793	  4.773766	  -0.415982	  0.236864  
	842	  5	  689	  794	  5.654124	  -1.978184	  0.483591  
	843	  5	  690	  114	  4.005823	  -0.083255	  0.712155  
	844	  5	  691	  795	  4.742570	  -0.412830	  0.068957  
	846	  5	  693	  797	  5.475298	  -0.835677	  0.437134  
	848	  5	  735	  798	  6.169084	  -2.591312	  0.376556  
	850	  5	  697	  800	  4.681516	  0.682466	  0.105812  
	851	  5	  698	  902	  5.579568	  2.591312	  0.376556  
	857	  5	  1624	  1987	  5.405652	  0.767162	  0.204179  
	858	  5	  705	  807	  6.134655	  1.820632	  0.328239  
	861	  5	  708	  809	  4.898636	  1.130458	  0.475908  
	862	  5	  709	  810	  5.010947	  -0.404328	  0.224594  
	866	  5	  2273	  298	  4.930578	  -0.591476	  0.352673  
	867	  5	  714	  914	  4.842336	  -0.426607	  0.147438  
	868	  5	  1509	  815	  4.788565	  -0.072372	  0.815555  
	869	  5	  1375	  1496	  4.611879	  0.312533	  0.806906  
	871	  5	  718	  818	  4.982151	  1.163755	  0.495787  
	876	  5	  724	  823	  6.264428	  2.537103	  0.426841  
	877	  5	  2127	  824	  5.048222	  -0.823433	  0.182581  
	878	  5	  726	  825	  5.407835	  -1.413496	  0.364814  
	881	  5	  729	  827	  5.573300	  0.570767	  0.711787  
	888	  5	  736	  832	  4.382495	  -1.100503	  0.077284  
	890	  5	  738	  834	  4.260754	  -0.476920	  0.229342  
	891	  5	  739	  835	  8.278491	  7.633983	  0.387922  
	892	  5	  740	  1347	  7.846807	  -3.084887	  0.394979  
	893	  5	  741	  837	  5.533034	  -1.500528	  0.300385  
	895	  5	  743	  839	  3.772374	  -0.105406	  0.055112  
	896	  5	  744	  1739	  4.412560	  -0.240258	  0.240033  
	901	  5	  600	  845	  7.394525	  -0.729351	  0.733859  
	902	  5	  750	  846	  5.599939	  -2.025862	  0.253775  
	903	  5	  642	  612	  3.993375	  -0.554119	  0.139917  
	904	  5	  752	  821	  3.474103	  -0.053238	  0.097242  
	906	  5	  271	  850	  5.199735	  -0.399269	  0.292724  
	909	  5	  757	  853	  4.773072	  0.293548	  0.521373  
	911	  5	  759	  855	  5.362476	  -0.937398	  0.254901  
	912	  5	  760	  856	  5.568899	  -0.521006	  0.749808  
	914	  5	  762	  858	  4.759980	  -0.569419	  0.327771  
	916	  5	  1377	  995	  4.633363	  0.514813	  0.327180  
	917	  5	  566	  1574	  4.295029	  0.063489	  0.237457  
	923	  5	  771	  1307	  6.036213	  -1.218341	  0.567841  
	927	  5	  606	  870	  4.410954	  -0.095379	  0.673923  
	928	  5	  776	  714	  4.930502	  0.844117	  0.380305  
	939	  5	  2029	  878	  3.632000	  0.022508	  0.432149  
	945	  5	  781	  882	  4.681427	  0.847019	  0.113877  
	951	  5	  787	  888	  7.511441	  5.000133	  0.356156  
	955	  5	  791	  1008	  5.998793	  0.568725	  0.590887  
	956	  5	  792	  1168	  6.599884	  -1.806073	  0.354078  
	957	  5	  793	  894	  4.779516	  -0.415982	  0.236864  
	958	  5	  794	  895	  5.591806	  -1.978184	  0.483591  
	959	  5	  795	  896	  4.749959	  -0.412830	  0.068957  
	960	  5	  796	  897	  3.161718	  -0.019525	  0.072716  
	961	  5	  797	  1014	  5.503760	  -0.835677	  0.437134  
	964	  5	  800	  901	  4.783930	  0.682466	  0.105812  
	968	  5	  702	  905	  5.310905	  0.931840	  0.391924  
	969	  5	  2376	  1842	  4.500847	  -0.108637	  0.708960  
	970	  5	  1987	  907	  4.558236	  0.370074	  0.198134  
	971	  5	  807	  908	  6.098684	  1.820632	  0.328239  
	973	  5	  809	  910	  4.967503	  1.130458	  0.475908  
	974	  5	  810	  911	  5.036530	  -0.404328	  0.224594  
	975	  5	  811	  1816	  4.248026	  0.108345	  0.121964  
	979	  5	  815	  1927	  5.153309	  0.041246	  0.616789  
	982	  5	  818	  918	  5.032751	  1.163755	  0.495787  
	984	  5	  820	  920	  3.333083	  -0.048521	  0.021861  
	987	  5	  823	  901	  6.346859	  2.537103	  0.426841  
	988	  5	  824	  923	  5.007853	  -0.823433	  0.182581  
	989	  5	  825	  924	  5.412213	  -1.413496	  0.364814  
	990	  5	  727	  925	  4.336168	  -0.165583	  0.556681  
	991	  5	  827	  1130	  5.664033	  0.570767	  0.711787  
	996	  5	  832	  930	  4.376826	  -1.100503	  0.077284  
	999	  5	  835	  932	  8.384472	  7.633983	  0.387922  
	1001	  5	  837	  934	  5.553479	  -1.500528	  0.300385  
	1003	  5	  839	  936	  3.773619	  -0.105406	  0.055112  
	1009	  5	  845	  941	  7.213630	  -0.729351	  0.733859  
	1010	  5	  846	  952	  4.708218	  0.780747	  0.269409  
	1012	  5	  821	  1302	  4.959982	  0.261423	  0.544262  
	1013	  5	  849	  944	  5.333973	  1.524643	  0.431209  
	1014	  5	  850	  945	  5.201202	  -0.399269	  0.292724  
	1017	  5	  853	  1038	  4.893072	  0.293548	  0.521373  
	1019	  5	  855	  949	  5.417301	  -0.937398	  0.254901  
	1020	  5	  856	  950	  5.617655	  -0.521006	  0.749808  
	1021	  5	  857	  951	  4.460045	  0.450592	  0.502534  
	1022	  5	  858	  952	  4.691682	  -0.569419	  0.327771  
	1031	  5	  2286	  1729	  3.291951	  0.009525	  0.509798  
	1034	  5	  870	  1262	  4.325742	  -0.095379	  0.673923  
	1037	  5	  1256	  967	  3.577223	  0.069116	  0.169092  
	1038	  5	  874	  968	  5.227592	  -0.977669	  0.578287  
	1040	  5	  505	  1627	  3.583690	  -0.015522	  0.582235  
	1043	  5	  632	  970	  4.513587	  -0.576056	  0.353270  
	1056	  5	  453	  1090	  5.721129	  -0.966771	  0.557414  
	1059	  5	  628	  1093	  4.761726	  -0.135505	  0.234187  
	1062	  5	  685	  988	  3.299568	  0.009040	  0.801928  
	1064	  5	  757	  1096	  7.542874	  -1.570554	  0.578703  
	1074	  5	  882	  1136	  4.661656	  0.847019	  0.113877  
	1075	  5	  883	  1001	  4.540273	  1.237520	  0.085373  
	1079	  5	  1323	  1003	  5.754089	  -0.298531	  0.624775  
	1080	  5	  888	  1004	  7.563728	  5.000133	  0.356156  
	1085	  5	  1168	  1009	  5.256185	  1.413496	  0.364814  
	1086	  5	  894	  1006	  4.778072	  -0.415982	  0.236864  
	1088	  5	  896	  1012	  4.750398	  -0.412830	  0.068957  
	1089	  5	  897	  1013	  3.153383	  -0.019525	  0.072716  
	1094	  5	  902	  1017	  5.676545	  2.591312	  0.376556  
	1095	  5	  2177	  1385	  3.841385	  -0.052043	  0.528141  
	1096	  5	  752	  2137	  3.809164	  0.053238	  0.097242  
	1097	  5	  905	  1020	  5.363301	  0.931840	  0.391924  
	1099	  5	  907	  720	  5.880316	  -0.307692	  0.444594  
	1100	  5	  908	  1022	  6.057943	  1.820632	  0.328239  
	1102	  5	  910	  1023	  5.018180	  1.130458	  0.475908  
	1103	  5	  911	  1024	  5.054477	  -0.404328	  0.224594  
	1106	  5	  914	  1160	  4.922257	  -0.426607	  0.147438  
	1107	  5	  1927	  1161	  4.785820	  0.025723	  0.637639  
	1114	  5	  901	  1035	  7.148937	  3.219569	  0.358791  
	1115	  5	  923	  1036	  4.960861	  -0.823433	  0.182581  
	1117	  5	  925	  1038	  4.212201	  -0.165583	  0.556681  
	1118	  5	  1130	  1039	  3.639387	  0.080943	  0.325869  
	1122	  5	  930	  1043	  4.363956	  -1.100503	  0.077284  
	1124	  5	  932	  1045	  8.479877	  7.633983	  0.387922  
	1126	  5	  934	  453	  5.575616	  -1.500528	  0.300385  
	1128	  5	  936	  1048	  3.761499	  -0.105406	  0.055112  
	1130	  5	  2186	  1050	  4.448834	  -0.111206	  0.530359  
	1131	  5	  939	  1118	  5.162376	  0.306274	  0.934096  
	1133	  5	  941	  162	  6.945837	  -0.729351	  0.733859  
	1134	  5	  952	  1053	  3.414114	  0.211328	  0.112151  
	1136	  5	  944	  1055	  5.521089	  1.524643	  0.431209  
	1137	  5	  945	  1056	  5.195528	  -0.399269	  0.292724  
	1141	  5	  949	  1059	  5.470282	  -0.937398	  0.254901  
	1142	  5	  950	  1501	  5.682934	  -0.521006	  0.749808  
	1143	  5	  951	  1061	  4.577963	  0.450592	  0.502534  
	1145	  5	  953	  714	  6.273789	  1.508088	  0.495321  
	1149	  5	  957	  1066	  6.948940	  -3.574446	  0.249115  
	1151	  5	  959	  2084	  4.066038	  -0.022601	  0.800364  
	1152	  5	  1307	  1068	  5.404645	  -0.240237	  0.794984  
	1159	  5	  967	  1074	  3.629916	  0.069116	  0.169092  
	1160	  5	  968	  1075	  5.210196	  -0.977669	  0.578287  
	1164	  5	  970	  2388	  6.009208	  -2.936513	  0.379363  
	1166	  5	  974	  1081	  4.435887	  -0.045994	  0.431779  
	1167	  5	  975	  1082	  4.372921	  -0.043086	  0.913398  
	1168	  5	  130	  1594	  4.271815	  -0.510433	  0.289096  
	1174	  5	  939	  1088	  4.304416	  0.089388	  0.799194  
	1177	  5	  2202	  1212	  7.693096	  -0.969990	  0.759648  
	1178	  5	  459	  1432	  5.125747	  0.237397	  0.477549  
	1180	  5	  988	  1094	  3.462517	  0.009040	  0.801928  
	1184	  5	  992	  2014	  3.942940	  0.141725	  0.202673  
	1187	  5	  995	  1100	  4.596657	  0.514813	  0.327180  
	1200	  5	  290	  1112	  4.689078	  -0.213718	  0.221046  
	1204	  5	  472	  1729	  4.239092	  -0.026503	  0.561620  
	1215	  5	  846	  1125	  7.922944	  2.193523	  0.481588  
	1223	  5	  162	  2000	  8.889255	  0.956356	  0.809576  
	1227	  5	  1001	  1137	  4.583971	  1.237520	  0.085373  
	1229	  5	  1003	  1139	  5.780906	  -0.298531	  0.624775  
	1230	  5	  1004	  1140	  7.615225	  5.000133	  0.356156  
	1235	  5	  1009	  1144	  5.294109	  1.413496	  0.364814  
	1238	  5	  1012	  621	  4.743812	  -0.412830	  0.068957  
	1239	  5	  1013	  878	  3.099782	  -0.019525	  0.072716  
	1240	  5	  1014	  1006	  5.530581	  -0.835677	  0.437134  
	1242	  5	  799	  895	  6.134664	  1.978184	  0.483591  
	1243	  5	  1017	  1151	  5.722531	  2.591312	  0.376556  
	1244	  5	  1385	  114	  3.781986	  0.083255	  0.712155  
	1246	  5	  1020	  1153	  5.393445	  0.931840	  0.391924  
	1247	  5	  1021	  1852	  5.925511	  0.209995	  0.643279  
	1248	  5	  1022	  1155	  6.013133	  1.820632	  0.328239  
	1249	  5	  1023	  1156	  5.057791	  1.130458	  0.475908  
	1250	  5	  1024	  1157	  5.064717	  -0.404328	  0.224594  
	1259	  5	  920	  1166	  3.327727	  -0.048521	  0.021861  
	1261	  5	  1035	  1168	  7.206092	  3.219569	  0.358791  
	1269	  5	  1043	  1175	  4.342030	  -1.100503	  0.077284  
	1271	  5	  1045	  1176	  8.565969	  7.633983	  0.387922  
	1274	  5	  1048	  1178	  3.729594	  -0.105406	  0.055112  
	1279	  5	  1053	  1182	  3.533997	  0.211328	  0.112151  
	1281	  5	  1055	  1303	  5.719388	  1.524643	  0.431209  
	1282	  5	  1056	  1185	  5.179826	  -0.399269	  0.292724  
	1285	  5	  1059	  1186	  5.518055	  -0.937398	  0.254901  
	1287	  5	  1061	  1188	  4.653859	  0.450592	  0.502534  
	1291	  5	  1066	  1192	  6.853598	  -3.574446	  0.249115  
	1292	  5	  2084	  1193	  5.238244	  -0.063392	  0.854645  
	1293	  5	  1068	  1194	  5.427833	  -0.240237	  0.794984  
	1298	  5	  1074	  1512	  3.642439	  0.069116	  0.169092  
	1299	  5	  1075	  1199	  5.184067	  -0.977669	  0.578287  
	1303	  5	  2388	  1513	  8.400161	  4.697471	  0.393272  
	1305	  5	  1081	  505	  4.496326	  -0.045994	  0.431779  
	1306	  5	  1082	  259	  4.155236	  -0.043086	  0.913398  
	1312	  5	  1088	  1323	  4.437581	  0.089388	  0.799194  
	1314	  5	  1090	  1320	  5.716829	  -0.966771	  0.557414  
	1317	  5	  1093	  1214	  4.216486	  -0.108345	  0.121964  
	1318	  5	  1094	  1316	  3.509223	  0.009040	  0.801928  
	1327	  5	  1103	  2272	  5.668958	  0.133635	  0.890099  
	1328	  5	  1104	  1223	  4.317605	  -0.435805	  0.180332  
	1334	  5	  1502	  1228	  4.445679	  0.101270	  0.979664  
	1335	  5	  1112	  1229	  4.743133	  -0.213718	  0.221046  
	1337	  5	  1114	  1230	  3.408980	  0.142058	  0.099156  
	1340	  5	  1117	  974	  4.241150	  -0.045994	  0.431779  
	1342	  5	  1316	  290	  4.489425	  0.117349	  0.515549  
	1348	  5	  1125	  344	  4.990745	  0.465782	  0.283128  
	1352	  5	  727	  556	  4.481208	  0.165583	  0.556681  
	1353	  5	  1130	  1240	  4.935905	  0.489823	  0.775560  
	1356	  5	  162	  1661	  4.968549	  0.401408	  0.784788  
	1361	  5	  336	  1498	  3.792814	  0.063826	  0.949927  
	1387	  5	  403	  975	  4.537285	  -0.043086	  0.913398  
	1389	  5	  1137	  1266	  4.622395	  1.237520	  0.085373  
	1391	  5	  1139	  1267	  5.782940	  -0.298531	  0.624775  
	1392	  5	  1140	  1268	  7.665245	  5.000133	  0.356156  
	1395	  5	  1008	  92	  4.935157	  0.307158	  0.626854  
	1397	  5	  1006	  1272	  6.294998	  -1.251659	  0.370575  
	1401	  5	  798	  1151	  6.116536	  -2.591312	  0.376556  
	1404	  5	  2137	  1276	  4.826277	  0.152142	  0.433827  
	1405	  5	  1153	  1307	  5.418699	  0.931840	  0.391924  
	1406	  5	  1852	  1278	  4.625701	  0.081047	  0.590238  
	1407	  5	  1155	  1279	  5.963107	  1.820632	  0.328239  
	1408	  5	  1156	  918	  5.086143	  1.130458	  0.475908  
	1409	  5	  1157	  1307	  5.062788	  -0.404328	  0.224594  
	1412	  5	  1160	  1283	  4.962887	  -0.426607	  0.147438  
	1416	  5	  918	  672	  5.926600	  2.294213	  0.485992  
	1418	  5	  1166	  1288	  3.284903	  -0.048521	  0.021861  
	1423	  5	  1038	  1372	  3.982269	  0.127965	  0.475685  
	1426	  5	  1041	  1644	  4.385093	  -0.099674	  0.490652  
	1427	  5	  1175	  1294	  4.313671	  -1.100503	  0.077284  
	1428	  5	  1176	  1295	  8.642193	  7.633983	  0.387922  
	1429	  5	  1347	  2273	  5.800883	  -1.828996	  0.171815  
	1430	  5	  1178	  1297	  3.677918	  -0.105406	  0.055112  
	1434	  5	  1182	  1301	  4.121856	  0.368515	  0.106688  
	1437	  5	  1185	  1304	  5.155207	  -0.399269	  0.292724  
	1438	  5	  1186	  1305	  5.559023	  -0.937398	  0.254901  
	1439	  5	  1501	  1306	  5.730587	  -0.521006	  0.749808  
	1440	  5	  1188	  1307	  4.703567	  0.450592	  0.502534  
	1442	  5	  92	  1309	  5.390568	  -1.426576	  0.632246  
	1446	  5	  1194	  1313	  5.443989	  -0.240237	  0.794984  
	1448	  5	  1196	  1315	  3.613658	  0.022508	  0.432149  
	1450	  5	  1512	  380	  5.296790	  -0.199338	  0.642283  
	1451	  5	  1199	  1317	  5.150778	  -0.977669	  0.578287  
	1457	  5	  1594	  1320	  4.917455	  0.781516	  0.588966  
	1464	  5	  1212	  1326	  7.186229	  -0.608475	  0.727530  
	1465	  5	  1432	  1316	  3.864893	  0.108309	  0.491647  
	1469	  5	  2060	  1328	  3.153034	  0.157187	  0.099342  
	1475	  5	  1223	  1334	  4.323734	  -0.435805	  0.180332  
	1478	  5	  1496	  2129	  5.458789	  -0.473810	  0.660926  
	1479	  5	  1227	  1338	  5.310635	  -1.146427	  0.262235  
	1480	  5	  1228	  1339	  4.484746	  0.101270	  0.979664  
	1481	  5	  1229	  796	  4.830537	  -0.213718	  0.221046  
	1482	  5	  1230	  1340	  3.541285	  0.142058	  0.099156  
	1492	  5	  1240	  1346	  4.963706	  0.489823	  0.775560  
	1497	  5	  343	  1458	  5.087361	  1.192170	  0.286686  
	1501	  5	  1249	  1353	  3.787081	  -0.240873	  0.218035  
	1503	  5	  487	  1355	  3.663746	  0.070315	  0.589052  
	1507	  5	  755	  1357	  3.870071	  -0.096927	  0.097785  
	1508	  5	  1256	  1514	  4.786027	  -0.223390	  0.415676  
	1521	  5	  402	  878	  3.756873	  0.057928	  0.205020  
	1529	  5	  2177	  606	  4.117211	  0.052043	  0.528141  
	1536	  5	  1322	  30	  4.239902	  -0.033544	  0.586936  
	1541	  5	  953	  1388	  5.553071	  -0.403316	  0.708058  
	1543	  5	  1266	  1390	  4.653500	  1.237520	  0.085373  
	1544	  5	  1267	  1704	  5.772381	  -0.298531	  0.624775  
	1545	  5	  1268	  1392	  7.713995	  5.000133	  0.356156  
	1549	  5	  1272	  1395	  6.295767	  -1.251659	  0.370575  
	1553	  5	  1276	  1398	  4.410238	  0.099674	  0.490652  
	1555	  5	  1278	  1399	  3.559486	  0.025022	  0.423321  
	1560	  5	  1283	  1403	  4.979873	  -0.426607	  0.147438  
	1561	  5	  1161	  2152	  4.863941	  0.025723	  0.637639  
	1565	  5	  1288	  1244	  3.170869	  -0.048521	  0.021861  
	1566	  5	  1036	  1586	  4.857535	  -0.823433	  0.182581  
	1570	  5	  1294	  883	  4.263213	  -1.100503	  0.077284  
	1571	  5	  1295	  1413	  8.711997	  7.633983	  0.387922  
	1573	  5	  1297	  953	  3.585309	  -0.105406	  0.055112  
	1577	  5	  1301	  1657	  4.115242	  0.368515	  0.106688  
	1579	  5	  1303	  1421	  5.858581	  1.524643	  0.431209  
	1580	  5	  1304	  1422	  5.120953	  -0.399269	  0.292724  
	1581	  5	  1305	  1544	  5.611978	  -0.937398	  0.254901  
	1582	  5	  1306	  1424	  5.761094	  -0.521006	  0.749808  
	1587	  5	  1192	  1549	  6.647621	  -3.574446	  0.249115  
	1588	  5	  1193	  2286	  5.304862	  -0.063392	  0.854645  
	1589	  5	  1313	  1430	  5.455053	  -0.240237	  0.794984  
	1593	  5	  1317	  1433	  5.111056	  -0.977669	  0.578287  
	1594	  5	  1513	  1434	  8.028665	  3.191030	  0.429965  
	1597	  5	  2241	  1437	  3.439391	  -0.014435	  0.469607  
	1602	  5	  1326	  1439	  7.345862	  -0.608475	  0.727530  
	1604	  5	  1328	  1182	  3.309493	  0.157187	  0.099342  
	1613	  5	  1338	  1448	  5.358271	  -1.146427	  0.262235  
	1615	  5	  1340	  1450	  3.599769	  0.142058	  0.099156  
	1619	  5	  556	  1453	  3.994480	  -0.146404	  0.113574  
	1620	  5	  1346	  1454	  4.976990	  0.489823	  0.775560  
	1626	  5	  953	  1460	  5.090034	  0.562006	  0.461350  
	1627	  5	  1353	  1461	  3.717509	  -0.240873	  0.218035  
	1630	  5	  1852	  815	  5.898094	  0.113617	  0.743398  
	1631	  5	  1357	  1465	  3.820733	  -0.096927	  0.097785  
	1633	  5	  2272	  1852	  3.842451	  0.011029	  0.728143  
	1640	  5	  1366	  1472	  5.221389	  -0.492708	  0.433668  
	1642	  5	  261	  1474	  3.816617	  -0.037470	  0.372501  
	1643	  5	  1369	  1475	  8.120479	  -2.028556	  0.578923  
	1649	  5	  1375	  1590	  4.293748	  0.185182	  0.684293  
	1650	  5	  1376	  1586	  3.880423	  -0.339041	  0.139540  
	1659	  5	  1385	  600	  4.478929	  -0.135299	  0.641373  
	1661	  5	  1496	  329	  3.308686	  -0.041686	  0.033588  
	1662	  5	  1388	  1489	  5.558776	  -0.403316	  0.708058  
	1665	  5	  459	  2137	  5.859596	  0.397435	  0.622344  
	1667	  5	  1041	  2190	  5.074459	  -0.099664	  0.793930  
	1671	  5	  821	  1262	  5.248636	  0.159482	  0.622658  
	1674	  5	  917	  1500	  4.479144	  0.212962	  0.692005  
	1678	  5	  1114	  419	  4.737152	  0.460799	  0.518431  
	1692	  5	  1390	  1517	  4.676853	  1.237520	  0.085373  
	1694	  5	  1392	  1519	  7.760314	  5.000133	  0.356156  
	1697	  5	  1395	  1522	  6.293871	  -1.251659	  0.370575  
	1700	  5	  1398	  1644	  4.488049	  0.099674	  0.490652  
	1701	  5	  1399	  540	  3.662964	  0.025022	  0.423321  
	1705	  5	  1403	  1529	  4.989852	  -0.426607	  0.147438  
	1715	  5	  1413	  1536	  8.779728	  7.633983	  0.387922  
	1719	  5	  1627	  1937	  3.763211	  -0.015522	  0.582235  
	1723	  5	  1421	  1542	  5.929785	  1.524643	  0.431209  
	1724	  5	  1422	  1543	  5.074826	  -0.399269	  0.292724  
	1726	  5	  1424	  1661	  5.791706	  -0.521006	  0.749808  
	1728	  5	  1309	  970	  5.343164	  -1.426576	  0.632246  
	1732	  5	  1430	  1551	  5.457933	  -0.240237	  0.794984  
	1735	  5	  1433	  1781	  5.034669	  -0.977669	  0.578287  
	1740	  5	  1594	  1558	  4.144789	  0.232694	  0.213107  
	1741	  5	  1439	  1675	  6.217100	  -0.245332	  0.756038  
	1748	  5	  2129	  1319	  3.899701	  -0.128073	  0.235325  
	1749	  5	  1448	  1790	  5.430660	  -1.146427	  0.262235  
	1751	  5	  1450	  1566	  3.630534	  0.142058	  0.099156  
	1752	  5	  878	  971	  3.889121	  0.060911	  0.331362  
	1754	  5	  1453	  1569	  4.012024	  -0.146404	  0.113574  
	1755	  5	  1454	  1100	  4.981078	  0.489823	  0.775560  
	1756	  5	  1347	  1570	  6.457675	  -0.424964	  0.841446  
	1757	  5	  1661	  1571	  3.227300	  0.036347	  0.080749  
	1759	  5	  1458	  453	  5.114779	  1.192170	  0.286686  
	1760	  5	  1460	  714	  5.083621	  0.562006	  0.461350  
	1765	  5	  1465	  1576	  3.755538	  -0.096927	  0.097785  
	1774	  5	  1474	  1675	  3.873753	  -0.037470	  0.372501  
	1778	  5	  1478	  1347	  5.543850	  0.830927	  0.657857  
	1788	  5	  755	  712	  3.755226	  0.096927	  0.097785  
	1789	  5	  1489	  1598	  5.555987	  -0.403316	  0.708058  
	1790	  5	  1490	  1599	  4.364858	  0.056230	  0.670090  
	1791	  5	  2137	  1704	  5.726322	  0.298531	  0.624775  
	1792	  5	  530	  1601	  5.447943	  -0.482257	  0.640852  
	1799	  5	  939	  1855	  4.244445	  -0.045523	  0.782816  
	1802	  5	  1502	  2190	  3.784223	  0.043434	  0.954252  
	1812	  5	  1512	  1366	  5.385142	  0.268455	  0.520455  
	1813	  5	  1513	  1617	  5.984627	  1.506441	  0.315546  
	1835	  5	  1461	  1634	  3.738883	  -0.240873	  0.218035  
	1839	  5	  1517	  1638	  4.691205	  1.237520	  0.085373  
	1841	  5	  1519	  1639	  7.797938	  5.000133	  0.356156  
	1843	  5	  1144	  1951	  5.348324	  1.413496	  0.364814  
	1844	  5	  1522	  1759	  6.289420	  -1.251659	  0.370575  
	1857	  5	  1536	  1653	  8.844838	  7.633983	  0.387922  
	1860	  5	  1937	  1656	  3.734385	  -0.015522	  0.582235  
	1863	  5	  1542	  1658	  5.992267	  1.524643	  0.431209  
	1864	  5	  1543	  1659	  5.010670	  -0.399269	  0.292724  
	1865	  5	  1544	  1660	  5.653747	  -0.937398	  0.254901  
	1870	  5	  1549	  141	  6.377256	  -3.574446	  0.249115  
	1872	  5	  1551	  1667	  5.456442	  -0.240237	  0.794984  
	1878	  5	  1437	  1784	  3.672859	  0.027161	  0.681846  
	1879	  5	  1558	  1966	  4.323148	  0.232694	  0.213107  
	1882	  5	  1442	  566	  3.331854	  0.036347	  0.080749  
	1890	  5	  1569	  1472	  4.025811	  -0.146404	  0.113574  
	1891	  5	  1570	  1792	  6.464401	  -0.424964	  0.841446  
	1897	  5	  1576	  1114	  3.583385	  -0.096927	  0.097785  
	1898	  5	  2356	  1276	  3.539124	  -0.052468	  0.325875  
	1916	  5	  1598	  1702	  5.545664	  -0.403316	  0.708058  
	1920	  5	  2190	  1599	  4.504280	  -0.056230	  0.670090  
	1941	  5	  2127	  500	  3.248055	  -0.050339	  0.006454  
	1946	  5	  1319	  1824	  3.729538	  0.104621	  0.185909  
	1950	  5	  1278	  1490	  4.154830	  0.056026	  0.664786  
	1952	  5	  1634	  1728	  3.575371	  -0.240873	  0.218035  
	1955	  5	  2301	  917	  5.319695	  0.529058	  0.750753  
	1964	  5	  92	  1737	  6.916368	  -1.653217	  0.525415  
	1980	  5	  1320	  1748	  4.232817	  -0.185255	  0.424312  
	1987	  5	  1638	  1755	  4.699888	  1.237520	  0.085373  
	1988	  5	  1639	  1756	  7.827478	  5.000133	  0.356156  
	2002	  5	  1653	  1769	  8.903658	  7.633983	  0.387922  
	2007	  5	  1658	  1594	  6.060782	  1.524643	  0.431209  
	2008	  5	  1659	  1774	  4.918985	  -0.399269	  0.292724  
	2009	  5	  1660	  1775	  5.671274	  -0.937398	  0.254901  
	2016	  5	  1667	  1779	  5.449042	  -0.240237	  0.794984  
	2030	  5	  1566	  364	  3.644736	  0.142058	  0.099156  
	2034	  5	  1571	  1442	  3.351323	  0.036347	  0.080749  
	2051	  5	  1702	  1806	  5.527633	  -0.403316	  0.708058  
	2054	  5	  1601	  1369	  5.280780	  -0.482257	  0.640852  
	2077	  5	  1728	  46	  4.880133	  -0.640142	  0.264620  
	2080	  5	  281	  1829	  4.993512	  0.377537	  0.268634  
	2085	  5	  1737	  1833	  7.031118	  -1.653217	  0.525415  
	2087	  5	  1739	  2054	  6.575156	  -0.758022	  0.535440  
	2091	  5	  2060	  1096	  7.572548	  1.570554	  0.578703  
	2094	  5	  1496	  1838	  6.117868	  -0.825187	  0.365840  
	2096	  5	  1748	  1839	  4.125533	  -0.185255	  0.424312  
	2102	  5	  1753	  1844	  6.023722	  -0.880153	  0.260573  
	2116	  5	  1586	  1475	  7.959013	  2.028556	  0.578923  
	2124	  5	  1755	  1861	  4.706717	  1.237520	  0.085373  
	2125	  5	  1756	  1862	  7.861223	  5.000133	  0.356156  
	2128	  5	  1759	  1864	  6.282135	  -1.251659	  0.370575  
	2131	  5	  1529	  1867	  4.999196	  -0.426607	  0.147438  
	2138	  5	  1769	  1872	  8.953609	  7.633983	  0.387922  
	2142	  5	  1657	  1249	  4.074059	  0.368515	  0.106688  
	2143	  5	  1774	  1728	  4.737328	  -0.399269	  0.292724  
	2144	  5	  1775	  1960	  5.692882	  -0.937398	  0.254901  
	2148	  5	  1779	  1877	  5.431633	  -0.240237	  0.794984  
	2150	  5	  1781	  1879	  4.935710	  -0.977669	  0.578287  
	2151	  5	  1434	  1586	  8.073132	  3.191030	  0.429965  
	2153	  5	  1784	  1965	  3.767762	  0.027161	  0.681846  
	2159	  5	  1790	  1885	  5.492302	  -1.146427	  0.262235  
	2161	  5	  1792	  1886	  6.459423	  -0.424964	  0.841446  
	2171	  5	  606	  907	  5.019653	  0.147422	  0.622459  
	2190	  5	  1617	  1376	  3.279062	  0.254782	  0.045207  
	2195	  5	  2129	  1355	  3.848713	  -0.070315	  0.589052  
	2202	  5	  1833	  1914	  7.126478	  -1.653217	  0.525415  
	2207	  5	  1838	  1917	  6.241635	  -0.825187	  0.365840  
	2208	  5	  1839	  381	  3.907436	  -0.185255	  0.424312  
	2221	  5	  1852	  12	  3.778246	  0.026360	  0.410327  
	2249	  5	  1619	  465	  4.716145	  -0.081235	  0.779966  
	2252	  5	  290	  489	  4.483315	  0.234181	  0.133116  
	2258	  5	  1861	  1949	  4.710145	  1.237520	  0.085373  
	2259	  5	  1862	  1950	  7.901266	  5.000133	  0.356156  
	2261	  5	  1864	  1952	  6.273980	  -1.251659	  0.370575  
	2263	  5	  1867	  1954	  4.999148	  -0.426607	  0.147438  
	2266	  5	  1039	  2035	  3.834150	  0.080943	  0.325869  
	2268	  5	  1872	  1958	  8.999065	  7.633983	  0.387922  
	2273	  5	  1877	  1962	  5.399633	  -0.240237	  0.794984  
	2275	  5	  1879	  1964	  4.830749	  -0.977669	  0.578287  
	2278	  5	  1786	  2041	  7.006609	  -0.282803	  0.705221  
	2280	  5	  1100	  2111	  4.951317	  -0.261567	  0.548652  
	2282	  5	  1886	  1971	  6.444384	  -0.424964	  0.841446  
	2291	  5	  600	  516	  6.261557	  0.449603	  0.843165  
	2292	  5	  1806	  455	  5.472996	  -0.403316	  0.708058  
	2295	  5	  1898	  1979	  5.068638	  -0.232261	  0.603536  
	2311	  5	  1914	  1989	  7.229037	  -1.653217	  0.525415  
	2314	  5	  1917	  907	  6.330137	  -0.825187	  0.365840  
	2320	  5	  1574	  1995	  4.582063	  -0.278038	  0.486335  
	2321	  5	  2222	  2127	  4.871583	  -0.426607	  0.147438  
	2322	  5	  1855	  1996	  4.097331	  -0.045523	  0.782816  
	2342	  5	  500	  1995	  5.445796	  0.373196	  0.406183  
	2362	  5	  1262	  1437	  4.096831	  0.041595	  0.608194  
	2364	  5	  1619	  2080	  4.560353	  -0.075345	  0.357847  
	2365	  5	  1844	  489	  4.932827	  -0.281558	  0.177626  
	2368	  5	  1949	  2030	  4.709903	  1.237520	  0.085373  
	2369	  5	  1950	  846	  7.934852	  5.000133	  0.356156  
	2371	  5	  1952	  2032	  6.261843	  -1.251659	  0.370575  
	2373	  5	  1954	  2034	  4.992301	  -0.426607	  0.147438  
	2377	  5	  1958	  2036	  9.046028	  7.633983	  0.387922  
	2379	  5	  1960	  2037	  5.711153	  -0.937398	  0.254901  
	2381	  5	  1962	  2038	  5.349358	  -0.240237	  0.794984  
	2384	  5	  1965	  2098	  3.844903	  0.027161	  0.681846  
	2385	  5	  1966	  1319	  4.401632	  0.232694	  0.213107  
	2390	  5	  1971	  2044	  6.416453	  -0.424964	  0.841446  
	2397	  5	  1979	  1302	  5.034674	  -0.232261	  0.603536  
	2408	  5	  1989	  1496	  7.323092	  -1.653217	  0.525415  
	2415	  5	  1996	  41	  3.853029	  -0.045523	  0.782816  
	2418	  5	  1125	  2060	  7.700310	  1.727741	  0.535091  
	2419	  5	  2000	  336	  8.147025	  0.335308	  0.942033  
	2465	  5	  1786	  1675	  7.072826	  0.282803	  0.705221  
	2470	  5	  2099	  1842	  3.809344	  0.055726	  0.708231  
	2471	  5	  2030	  2100	  4.702127	  1.237520	  0.085373  
	2472	  5	  1951	  924	  5.394016	  1.413496	  0.364814  
	2473	  5	  2032	  2102	  6.246039	  -1.251659	  0.370575  
	2475	  5	  2034	  2104	  4.977678	  -0.426607	  0.147438  
	2477	  5	  2036	  2106	  9.094594	  7.633983	  0.387922  
	2478	  5	  2037	  2107	  5.726241	  -0.937398	  0.254901  
	2479	  5	  2038	  2108	  5.277834	  -0.240237	  0.794984  
	2482	  5	  2041	  1619	  7.117635	  -0.282803	  0.705221  
	2485	  5	  2044	  2112	  6.373237	  -0.424964	  0.841446  
	2505	  5	  2054	  2300	  6.168464	  -0.758022	  0.535440  
	2509	  5	  1050	  427	  3.084311	  0.017881	  0.063726  
	2520	  5	  2080	  971	  4.635181	  -0.075345	  0.357847  
	2528	  5	  1661	  1621	  4.020572	  -0.050809	  0.818809  
	2531	  5	  1093	  2098	  3.903794	  -0.027161	  0.681846  
	2541	  5	  473	  500	  4.511422	  0.187723	  0.421980  
	2554	  5	  1656	  1927	  3.568935	  -0.015522	  0.582235  
	2555	  5	  1824	  1844	  3.765039	  0.104621	  0.185909  
	2556	  5	  2099	  516	  4.159531	  -0.072323	  0.622999  
	2561	  5	  2100	  2161	  4.689813	  1.237520	  0.085373  
	2563	  5	  2102	  2163	  6.225752	  -1.251659	  0.370575  
	2565	  5	  2104	  2165	  4.953871	  -0.426607	  0.147438  
	2566	  5	  2035	  2166	  3.925484	  0.080943	  0.325869  
	2567	  5	  2106	  2167	  9.142326	  7.633983	  0.387922  
	2568	  5	  2107	  2168	  5.739481	  -0.937398	  0.254901  
	2569	  5	  2108	  2169	  5.179266	  -0.240237	  0.794984  
	2572	  5	  2111	  1008	  4.999702	  -0.261567	  0.548652  
	2573	  5	  2112	  2171	  6.315848	  -0.424964	  0.841446  
	2574	  5	  2300	  994	  3.974355	  -0.092424	  0.397376  
	2589	  5	  2152	  2182	  3.338934	  0.005785	  0.370006  
	2590	  5	  2129	  452	  4.063934	  -0.275422	  0.877182  
	2606	  5	  788	  2152	  4.185463	  -0.019938	  0.715299  
	2618	  5	  1844	  290	  5.225226	  -0.493974	  0.323664  
	2628	  5	  1196	  1262	  3.516879	  -0.022508	  0.432149  
	2635	  5	  1050	  1432	  4.653940	  -0.129088	  0.465720  
	2640	  5	  2161	  2218	  4.673658	  1.237520	  0.085373  
	2642	  5	  2163	  2220	  6.200810	  -1.251659	  0.370575  
	2644	  5	  2165	  2222	  4.926335	  -0.426607	  0.147438  
	2645	  5	  2166	  2223	  3.957409	  0.080943	  0.325869  
	2646	  5	  2167	  2224	  9.188429	  7.633983	  0.387922  
	2647	  5	  2168	  2225	  5.749930	  -0.937398	  0.254901  
	2648	  5	  2169	  2226	  5.062021	  -0.240237	  0.794984  
	2650	  5	  2171	  2228	  6.246699	  -0.424964	  0.841446  
	2658	  5	  820	  2084	  4.517949	  -0.040791	  0.884721  
	2677	  5	  403	  2286	  4.774688	  0.067132	  0.847481  
	2699	  5	  1339	  2300	  4.544496	  0.101270	  0.979664  
	2715	  5	  2218	  2273	  4.654265	  1.237520	  0.085373  
	2717	  5	  2220	  2274	  6.171333	  -1.251659	  0.370575  
	2720	  5	  2223	  2276	  3.967832	  0.080943	  0.325869  
	2721	  5	  2224	  2277	  9.232983	  7.633983	  0.387922  
	2722	  5	  2225	  2317	  5.759523	  -0.937398	  0.254901  
	2723	  5	  2226	  452	  4.870658	  -0.240237	  0.794984  
	2725	  5	  2228	  2343	  6.113632	  -0.424964	  0.841446  
	2732	  5	  2182	  2286	  3.461771	  0.005785	  0.370006  
	2761	  5	  1816	  1214	  4.225643	  0.108345	  0.121964  
	2764	  5	  820	  720	  5.014069	  0.145683	  0.619012  
	2774	  5	  12	  403	  4.191209	  0.041024	  0.671979  
	2775	  5	  2272	  685	  4.944302	  0.101719	  0.950437  
	2778	  5	  2187	  563	  4.023263	  0.022601	  0.800364  
	2782	  5	  2274	  2314	  6.136055	  -1.251659	  0.370575  
	2784	  5	  2276	  2315	  3.963551	  0.080943	  0.325869  
	2785	  5	  2277	  2316	  9.275976	  7.633983	  0.387922  
	2797	  5	  2187	  959	  3.949808	  -0.022601	  0.800364  
	2806	  5	  2356	  796	  3.604185	  0.052468	  0.325875  
	2823	  5	  2270	  1829	  5.215265	  -0.377537	  0.268634  
	2831	  5	  2314	  2339	  6.094718	  -1.251659	  0.370575  
	2832	  5	  2315	  1249	  3.946854	  0.080943	  0.325869  
	2833	  5	  2316	  2341	  9.317039	  7.633983	  0.387922  
	2834	  5	  2317	  2342	  5.762122	  -0.937398	  0.254901  
	2843	  5	  2300	  2348	  4.640566	  -0.108637	  0.708960  
	2846	  5	  472	  628	  4.190835	  0.026503	  0.561620  
	2848	  5	  596	  690	  4.260022	  -0.083255	  0.712155  
	2863	  5	  167	  29	  4.308601	  0.132248	  0.456702  
	2865	  5	  2339	  2359	  6.047262	  -1.251659	  0.370575  
	2867	  5	  2341	  2360	  9.355800	  7.633983	  0.387922  
	2868	  5	  2342	  2361	  5.758887	  -0.937398	  0.254901  
	2869	  5	  2343	  821	  5.925138	  -0.424964	  0.841446  
	2874	  5	  2348	  2376	  4.655499	  -0.108637	  0.708960  
	2878	  5	  1828	  2367	  3.503979	  -0.007348	  0.623262  
	2885	  5	  2241	  971	  3.551296	  0.014435	  0.469607  
	2886	  5	  29	  304	  5.492403	  -0.197100	  0.481125  
	2887	  5	  2359	  2372	  5.992579	  -1.251659	  0.370575  
	2888	  5	  2360	  2373	  9.392792	  7.633983	  0.387922  
	2889	  5	  2361	  740	  5.752667	  -0.937398	  0.254901  
	2892	  5	  796	  2014	  3.942423	  -0.141725	  0.202673  
	2903	  5	  2372	  2384	  5.938825	  -1.251659	  0.370575  
	2904	  5	  2373	  2388	  9.439631	  7.633983	  0.387922  
	2909	  5	  2367	  788	  3.457696	  -0.007348	  0.623262  
	2915	  5	  2384	  1617	  5.875156	  -1.251659	  0.370575  
	2933	  5	  261	  1366	  5.816645	  0.516397	  0.342665  
	2939	  5	  1323	  1439	  5.541925	  0.363143	  0.708270  
 763       total number of nodes
  name    x       y       z
	1	  25.000000	  77.900002	  500.000000  
	2	  55.000000	  95.199997	  500.000000  
	4	  92.644981	  118.974136	  446.411041  
	5	  77.460487	  115.400673	  393.965820  
	6	  81.202965	  115.195015	  348.607666  
	12	  91.315926	  125.966080	  38.189102  
	13	  164.598572	  147.248672	  484.216858  
	14	  275.000000	  222.100006	  500.000000  
	15	  245.000000	  204.800003	  500.000000  
	20	  227.507462	  189.229218	  300.243469  
	21	  218.131912	  178.041443	  246.195511  
	25	  230.959396	  193.613235	  6.159802  
	29	  222.412979	  199.591949	  114.365883  
	30	  73.624756	  146.549774	  0.209551  
	33	  86.823647	  91.515198	  227.063263  
	40	  84.691383	  113.713776	  261.847839  
	41	  77.475861	  121.493111	  120.022598  
	46	  85.126289	  77.007545	  233.893478  
	52	  97.847305	  109.270775	  471.950531  
	63	  92.614082	  67.286652	  231.715530  
	67	  253.163742	  206.778656	  107.053574  
	69	  115.307068	  100.301727	  472.818848  
	70	  74.974159	  145.778717	  263.393158  
	72	  214.213242	  182.640564	  222.302551  
	75	  88.833595	  100.456642	  222.379211  
	82	  33.245007	  91.743340	  381.634094  
	83	  98.405060	  55.439144	  237.079742  
	87	  270.486908	  214.807755	  105.080482  
	92	  237.797043	  180.466171	  232.810013  
	95	  95.989166	  89.881790	  210.847214  
	106	  98.671959	  32.338776	  236.622284  
	108	  175.651794	  122.655518	  226.395233  
	110	  25.672218	  224.066620	  105.066757  
	112	  143.348251	  86.636093	  467.892761  
	114	  32.577351	  83.148979	  150.339752  
	121	  70.528618	  135.791214	  444.975708  
	125	  89.287506	  133.609665	  79.282295  
	127	  202.538254	  193.413345	  162.494263  
	130	  180.175018	  136.891571	  230.314484  
	134	  262.469238	  75.796677	  392.490814  
	135	  230.408783	  240.643753	  235.205887  
	141	  155.824768	  82.472351	  462.825562  
	142	  89.658081	  186.167374	  281.805969  
	147	  104.918129	  78.790474	  176.955093  
	152	  112.327263	  128.818619	  438.629028  
	155	  206.562302	  162.061523	  414.215454  
	156	  189.933121	  192.525482	  157.726761  
	160	  102.668602	  126.684334	  446.146942  
	161	  92.887955	  103.183517	  315.969269  
	162	  75.822990	  119.324760	  189.003342  
	163	  209.530838	  201.685471	  361.751038  
	164	  207.600922	  210.280762	  215.012207  
	166	  62.885952	  106.830452	  385.086304  
	167	  239.180542	  202.426926	  109.809158  
	174	  249.513138	  80.361557	  398.994324  
	175	  230.860443	  227.655106	  246.405136  
	184	  229.549271	  184.588837	  278.175812  
	190	  29.436543	  132.816452	  447.539612  
	194	  207.081223	  149.473160	  421.559601  
	198	  99.461487	  92.609138	  322.120514  
	200	  192.125015	  211.799042	  355.887054  
	204	  226.809647	  235.808685	  349.703766  
	208	  231.797363	  177.741043	  482.408844  
	209	  76.626274	  117.796150	  380.927582  
	215	  99.849632	  117.957054	  113.977417  
	216	  85.722893	  108.685608	  278.194366  
	220	  236.299911	  87.052429	  404.641510  
	221	  231.412292	  215.223282	  253.830231  
	222	  87.956100	  66.141586	  357.280945  
	234	  275.664215	  130.247559	  449.312866  
	235	  128.662125	  30.540836	  368.852509  
	236	  123.000221	  128.160110	  427.447632  
	238	  210.451492	  138.455597	  428.751312  
	244	  181.387207	  220.945145	  353.842041  
	248	  231.950836	  249.179092	  344.759155  
	249	  176.765259	  261.624847	  405.203827  
	252	  237.746918	  164.407166	  486.668732  
	254	  116.886375	  148.620514	  447.060699  
	256	  105.067490	  103.201988	  439.535797  
	257	  204.587311	  203.575272	  374.585052  
	258	  131.709457	  122.495155	  123.942581  
	259	  100.617226	  108.704857	  105.017494  
	260	  87.411118	  96.637642	  277.570343  
	261	  220.430695	  199.377258	  139.584732  
	270	  211.851959	  191.797043	  398.096985  
	271	  274.141022	  73.903152	  386.066284  
	275	  83.527168	  115.243965	  308.975159  
	276	  230.269287	  182.808578	  22.413658  
	277	  221.355484	  96.445343	  409.720215  
	279	  91.415329	  81.270500	  360.262329  
	281	  75.757698	  236.832275	  172.015259  
	290	  156.162506	  181.052612	  128.273804  
	291	  262.062286	  125.481117	  451.016693  
	292	  136.642746	  38.091293	  362.308746  
	295	  216.042923	  129.936752	  435.190186  
	296	  42.407650	  168.465744	  13.991841  
	297	  155.470490	  84.673256	  175.766846  
	298	  254.847168	  93.021210	  248.789520  
	299	  119.364807	  69.360847	  346.143463  
	300	  71.459442	  139.008835	  233.189896  
	304	  200.146637	  201.597168	  84.021332  
	305	  105.822266	  38.696255	  340.275055  
	306	  185.659073	  254.566727	  408.003510  
	309	  243.779419	  150.282166	  488.490814  
	310	  72.959007	  153.961899	  371.397339  
	311	  123.581306	  158.701538	  443.749939  
	313	  113.727783	  93.988846	  436.769714  
	314	  198.699188	  203.383362	  387.406799  
	315	  146.502380	  123.563614	  117.500587  
	317	  88.048256	  79.940941	  277.200409  
	321	  58.489357	  179.586761	  248.605484  
	325	  214.855148	  205.107956	  393.506805  
	327	  112.182762	  223.770767	  133.651077  
	329	  209.876556	  154.254303	  173.601746  
	330	  79.075180	  124.450752	  301.766571  
	331	  63.493641	  114.405365	  200.081589  
	332	  197.579117	  243.127731	  333.605774  
	336	  102.127647	  121.519974	  132.886078  
	338	  80.114601	  159.722015	  446.117401  
	341	  219.765427	  112.587738	  415.616058  
	342	  96.324982	  94.829536	  364.297791  
	343	  155.064819	  67.463310	  229.009979  
	344	  195.640732	  29.997829	  196.283829  
	347	  158.988815	  27.346704	  454.552032  
	351	  130.335632	  28.993273	  151.996399  
	353	  251.687653	  119.963860	  451.716461  
	355	  131.570007	  134.094772	  394.444580  
	357	  225.743637	  121.571022	  442.674255  
	361	  127.356110	  68.127876	  355.752716  
	362	  72.548836	  144.240601	  244.022995  
	364	  173.213776	  243.210739	  200.991089  
	365	  259.826477	  133.869781	  302.977661  
	367	  108.521942	  53.830925	  337.327667  
	368	  197.222397	  248.070007	  409.379669  
	371	  249.043198	  135.834656	  487.681427  
	374	  143.072815	  47.121082	  354.144989  
	375	  124.896759	  83.427193	  435.379852  
	376	  190.857437	  200.905945	  400.008881  
	379	  86.922882	  64.576736	  277.734711  
	380	  207.605957	  234.406921	  136.032425  
	381	  121.410355	  124.726517	  201.258728  
	383	  51.769115	  189.258881	  241.395462  
	386	  219.839691	  219.284653	  388.065704  
	388	  112.699936	  231.245346	  121.299850  
	391	  75.382553	  134.325348	  291.886047  
	393	  191.696121	  238.427032	  326.751312  
	394	  255.817947	  153.745117	  27.159687  
	399	  77.339767	  171.634079	  446.295990  
	400	  221.962341	  174.649200	  259.437866  
	402	  39.348358	  234.616730	  107.077995  
	403	  119.322060	  116.877724	  33.989521  
	406	  218.337234	  180.381989	  188.408585  
	408	  79.753731	  140.826614	  375.787384  
	411	  220.209778	  187.504852	  334.924896  
	413	  218.221832	  127.549126	  421.315552  
	414	  103.014740	  107.649727	  368.325623  
	418	  157.499359	  17.279121	  451.598083  
	419	  120.866264	  271.284485	  256.366669  
	427	  174.699661	  228.322922	  15.564944  
	429	  52.063442	  168.888153	  59.286873  
	432	  137.101974	  65.014175	  366.553589  
	434	  131.924072	  236.164429	  357.236237  
	436	  264.930786	  120.417473	  307.098389  
	438	  110.665321	  68.964523	  336.377899  
	439	  209.957504	  243.123444	  408.823517  
	442	  252.602158	  122.323875	  484.537567  
	446	  137.505264	  73.119148	  435.117310  
	447	  181.282486	  197.267319	  410.484650  
	450	  83.836456	  49.591908	  279.225220  
	451	  207.704346	  254.349350	  121.529343  
	452	  137.461594	  129.474213	  190.077499  
	453	  129.473953	  90.672859	  267.819397  
	455	  136.154160	  261.509094	  194.975952  
	456	  93.624657	  166.192688	  448.585907  
	458	  222.947754	  77.790886	  380.635284  
	459	  116.638847	  243.143234	  103.000092  
	462	  73.985497	  141.099228	  281.239471  
	463	  43.569012	  110.478134	  219.714508  
	465	  276.279755	  148.901016	  33.058052  
	470	  76.637215	  186.022537	  447.807770  
	471	  225.445023	  158.524277	  258.333649  
	472	  170.941528	  126.052460	  46.041046  
	473	  172.073776	  22.013912	  128.418777  
	478	  93.534630	  150.462158	  372.069794  
	481	  220.290939	  175.429550	  334.399994  
	483	  118.444412	  23.139315	  374.521606  
	485	  212.508621	  89.897278	  407.964111  
	487	  141.066177	  85.060211	  175.516953  
	488	  71.080894	  249.064682	  205.959335  
	489	  169.881073	  177.186478	  123.604813  
	492	  217.656357	  143.053726	  425.853882  
	493	  111.862045	  119.973839	  372.216736  
	494	  158.065674	  24.682573	  222.781937  
	497	  153.130249	  5.148848	  446.376831  
	500	  163.400650	  12.406128	  146.060913  
	501	  194.038864	  165.682693	  115.180275  
	504	  134.715927	  137.960861	  367.940613  
	505	  185.019623	  233.873077	  5.386115  
	507	  69.179214	  166.952209	  69.054329  
	509	  121.286163	  279.407257	  268.516937  
	511	  115.825409	  238.988785	  359.524200  
	513	  268.347717	  104.974449	  309.720886  
	516	  42.623528	  106.206856	  140.008057  
	517	  254.133545	  110.337608	  479.720795  
	519	  143.953491	  191.045334	  420.841522  
	521	  150.389771	  63.949749	  433.708954  
	522	  169.869873	  193.692947	  418.232025  
	525	  208.258621	  259.971893	  281.725616  
	528	  136.413635	  99.034004	  272.782471  
	530	  128.411667	  252.510345	  191.231445  
	531	  101.428741	  172.558548	  450.184998  
	532	  220.851166	  246.049942	  369.754486  
	539	  165.998642	  232.223923	  306.133850  
	540	  22.028467	  139.673218	  32.429634  
	545	  77.860985	  201.575226	  450.780151  
	553	  104.872627	  161.131165	  367.927734  
	555	  219.588074	  162.410233	  332.503021  
	556	  243.025101	  239.086136	  199.489517  
	557	  227.566116	  236.865158	  382.464996  
	558	  66.767738	  127.056061	  230.044022  
	559	  199.656342	  80.863586	  404.288452  
	562	  75.736160	  243.009628	  218.366592  
	563	  169.537537	  168.223816	  107.190269  
	566	  29.720827	  168.725082	  148.669708  
	571	  136.452316	  51.517876	  338.582794  
	576	  216.771423	  158.442215	  430.925537  
	577	  122.507896	  130.694489	  375.904083  
	581	  276.205719	  217.908905	  439.414490  
	585	  205.059647	  158.525116	  113.454979  
	588	  137.601761	  136.835815	  357.627899  
	589	  194.358826	  239.140976	  0.031027  
	591	  81.769478	  163.788239	  77.593277  
	593	  122.750389	  274.667999	  283.507568  
	594	  158.230728	  41.650627	  390.077148  
	595	  99.749748	  242.568298	  361.665222  
	596	  165.393265	  289.377014	  166.681931  
	599	  245.865753	  240.046783	  420.758240  
	600	  41.766087	  97.881287	  148.237762  
	601	  253.647675	  100.510132	  474.187164  
	603	  141.141449	  199.516571	  408.589111  
	604	  164.096970	  55.903885	  431.414825  
	605	  158.105804	  191.611893	  421.688202  
	606	  206.925385	  110.055901	  113.628395  
	611	  147.785980	  108.917770	  278.007599  
	612	  58.821587	  218.786652	  230.781982  
	614	  109.444603	  183.371796	  451.969452  
	615	  213.141800	  252.091415	  358.749878  
	616	  185.347748	  90.005798	  371.636169  
	621	  151.471237	  240.471024	  296.839844  
	624	  153.423248	  136.082336	  187.932343  
	626	  80.154396	  217.512939	  455.107330  
	628	  182.168213	  120.882172	  71.186432  
	632	  259.616821	  173.401291	  198.589874  
	633	  114.851280	  173.518555	  364.460602  
	637	  227.188995	  237.312668	  394.318329  
	638	  59.059654	  119.438332	  242.693298  
	639	  186.855515	  72.920784	  399.412811  
	642	  78.639626	  236.561844	  230.984268  
	645	  30.889147	  101.944756	  375.916809  
	647	  195.951828	  249.649719	  352.754944  
	648	  172.289200	  93.888344	  468.461853  
	650	  130.364792	  57.486740	  325.207611  
	651	  97.596260	  187.848557	  161.193405  
	654	  172.141617	  106.720901	  223.244461  
	659	  161.256699	  293.111969	  161.726242  
	663	  242.108490	  112.888390	  451.537506  
	672	  241.688004	  80.989433	  458.898895  
	673	  217.551422	  171.869202	  435.246979  
	674	  130.788101	  136.390640	  378.435822  
	681	  221.280838	  148.188110	  112.734474  
	682	  140.350494	  132.402283	  344.669708  
	685	  91.227997	  158.954681	  85.396370  
	687	  125.293686	  268.135834	  298.379578  
	688	  159.379059	  31.032602	  393.315247  
	689	  83.822548	  243.963058	  364.590485  
	690	  34.038227	  72.074104	  158.446655  
	691	  272.330841	  72.954666	  310.975494  
	693	  128.636398	  15.735366	  426.820282  
	697	  139.595856	  205.257645	  395.600189  
	698	  179.152710	  49.177158	  429.854797  
	702	  194.727295	  225.161987	  292.516449  
	705	  160.801590	  117.203590	  282.974884  
	706	  181.222443	  28.867550	  205.211212  
	708	  115.075920	  197.020004	  453.603485  
	709	  179.944336	  101.914902	  369.375549  
	712	  258.461609	  108.983536	  178.964172  
	714	  140.330566	  239.185684	  286.098114  
	718	  84.740791	  232.635849	  458.499420  
	720	  170.970627	  128.213531	  110.824722  
	724	  123.231331	  186.658829	  362.613892  
	726	  222.176178	  126.746513	  336.826782  
	727	  143.277313	  35.497444	  189.875153  
	728	  226.294464	  239.002762	  405.672150  
	729	  50.146244	  113.570213	  255.127792  
	735	  249.329422	  85.610840	  463.549561  
	736	  26.921955	  113.548378	  371.480316  
	738	  183.456604	  243.388107	  352.046997  
	739	  180.909927	  102.909264	  470.344818  
	740	  272.800446	  148.334381	  286.339417  
	741	  126.518990	  64.116798	  314.063690  
	743	  165.417206	  170.430862	  248.633255  
	744	  214.487076	  218.350266	  213.701828  
	750	  170.091446	  67.401581	  220.713120  
	752	  218.779678	  47.518692	  121.568588  
	755	  259.578156	  93.325096	  193.035278  
	757	  188.051895	  51.058887	  147.138290  
	759	  233.430267	  70.134727	  452.794098  
	760	  249.819092	  185.871002	  228.697433  
	762	  200.015793	  92.938049	  220.563324  
	771	  175.234863	  226.808243	  314.023376  
	776	  194.915161	  237.982010	  287.399445  
	778	  91.032921	  109.639107	  210.668625  
	781	  139.426620	  39.764393	  233.212524  
	787	  142.635483	  125.407753	  332.667938  
	788	  216.446671	  252.492645	  -0.634592  
	791	  210.349533	  125.190529	  192.803467  
	792	  128.427307	  260.629333	  312.649902  
	793	  163.608078	  19.578234	  398.508301  
	794	  69.207352	  241.870789	  367.444977  
	795	  144.580658	  283.235870	  309.718903  
	796	  104.118942	  217.115189	  118.493820  
	797	  142.008957	  15.143772	  429.616913  
	798	  251.537445	  70.522247	  453.967560  
	799	  47.054546	  216.981232	  371.872009  
	800	  137.778778	  209.051849	  380.801849  
	807	  174.118393	  123.843933	  289.047821  
	809	  117.372833	  211.746490	  455.295441  
	810	  172.999634	  114.129700	  364.592773  
	811	  235.811371	  50.828102	  8.273625  
	815	  45.964798	  113.718674	  24.720493  
	818	  91.782425	  245.695511	  460.423340  
	820	  159.558044	  125.297424	  109.749100  
	821	  196.487930	  56.145557	  136.536514  
	823	  129.863693	  199.593628	  362.515472  
	824	  39.562820	  220.930801	  166.388580  
	825	  224.221115	  115.764275	  340.839996  
	827	  39.654846	  108.768494	  266.410675  
	828	  160.146698	  57.893375	  386.754913  
	832	  21.518480	  126.073578	  369.239258  
	834	  171.185410	  233.150421	  353.130890  
	835	  189.412338	  115.000763	  470.706268  
	837	  124.499626	  72.059792	  301.831543  
	839	  157.683899	  178.329971	  249.220917  
	845	  54.160843	  103.016594	  162.027405  
	846	  188.582733	  55.776424	  216.398697  
	849	  71.998634	  168.848434	  361.357635  
	850	  25.081085	  72.286095	  373.626099  
	853	  181.253754	  57.646885	  155.567886  
	855	  226.412231	  57.845123	  447.695557  
	856	  262.411865	  188.785995	  223.989487  
	857	  108.830414	  196.956650	  283.203888  
	858	  202.233490	  83.168579	  218.272110  
	870	  212.404190	  79.660973	  106.326042  
	874	  227.222137	  190.407181	  322.131042  
	878	  69.412460	  229.706451	  70.477440  
	882	  130.258240	  47.755772	  240.284302  
	883	  255.333252	  178.470139	  409.884674  
	884	  170.299149	  87.720352	  220.559296  
	888	  145.253357	  116.533752	  322.097656  
	894	  39.841339	  235.076599	  405.711853  
	895	  54.622021	  233.339279	  370.428223  
	896	  147.384827	  268.105164	  306.654419  
	897	  91.575706	  219.333679	  106.833801  
	901	  134.276093	  211.076584	  363.490540  
	902	  210.074814	  39.994431	  429.676880  
	905	  189.938293	  209.498062	  300.336670  
	907	  178.538986	  135.845291	  128.671265  
	908	  186.920700	  129.720734	  296.876343  
	910	  116.367157	  224.733826	  457.028961  
	911	  167.322510	  125.592216	  358.268585  
	914	  105.996132	  229.624237	  289.749176  
	917	  151.172058	  210.236145	  164.406494  
	918	  100.252922	  255.020187	  460.829163  
	920	  148.935730	  114.949272	  118.253738  
	923	  54.766808	  213.749100	  176.435760  
	924	  227.217056	  103.081924	  346.104980  
	925	  164.630493	  53.688812	  175.927124  
	930	  275.039948	  139.005936	  369.882416  
	932	  197.190201	  127.660515	  468.851746  
	934	  124.885574	  79.998482	  288.537109  
	936	  149.560867	  188.703827	  252.603271  
	939	  29.967651	  128.912628	  141.729706  
	941	  62.362030	  107.974350	  171.566849  
	944	  81.970016	  171.443787	  349.424988  
	945	  35.689312	  72.870819	  362.377686  
	949	  219.438980	  44.361336	  444.245911  
	950	  273.790100	  189.457840	  218.384018  
	951	  123.289101	  192.584534	  289.773865  
	952	  202.631592	  66.453323	  214.232819  
	953	  125.918213	  240.758728	  270.016388  
	957	  133.438675	  119.602051	  417.660553  
	959	  162.006744	  149.844315	  90.223457  
	967	  183.808167	  225.898560	  166.331345  
	968	  245.358353	  194.531662	  324.169189  
	970	  41.935566	  198.369492	  231.077499  
	971	  68.867264	  223.147690	  61.026112  
	974	  195.858887	  211.204758	  36.566368  
	975	  108.150291	  111.791840	  70.509438  
	978	  102.748337	  82.534790	  202.119934  
	988	  113.044724	  178.151031	  90.783279  
	992	  78.558456	  224.813339	  135.617737  
	994	  134.698669	  74.646820	  147.693283  
	995	  241.483719	  123.816376	  248.419540  
	1001	  250.168381	  168.222122	  407.596771  
	1003	  237.757263	  100.362648	  106.972702  
	1004	  149.219772	  105.998878	  312.395477  
	1006	  44.925613	  228.066086	  422.216248  
	1008	  230.119766	  144.635666	  219.757248  
	1009	  132.473007	  252.814850	  347.608154  
	1012	  150.268250	  253.180222	  301.822845  
	1013	  80.750450	  222.965897	  93.604195  
	1014	  160.931610	  10.731953	  428.356720  
	1017	  91.800980	  264.925842	  431.254669  
	1020	  184.487366	  201.161469	  305.269836  
	1021	  69.584579	  123.343369	  93.255913  
	1022	  198.632767	  135.230698	  306.360901  
	1023	  112.673180	  236.446594	  458.776764  
	1024	  163.590317	  136.799438	  351.216797  
	1035	  134.626205	  232.031067	  347.660950  
	1036	  63.408138	  209.272461	  180.686615  
	1038	  173.600830	  62.973656	  166.688568  
	1039	  29.515804	  87.886200	  277.750366  
	1041	  203.090668	  269.131165	  109.061951  
	1043	  268.677795	  151.673050	  373.877136  
	1045	  205.489380	  139.807449	  464.857819  
	1048	  141.646866	  200.606186	  258.342133  
	1050	  154.524734	  214.609283	  72.624283  
	1053	  215.891373	  58.820572	  207.217072  
	1055	  91.923996	  172.411484	  336.777710  
	1056	  45.748947	  75.061302	  350.318573  
	1059	  81.502968	  255.732025	  442.415039  
	1061	  137.106445	  189.280334	  297.599365  
	1066	  139.150436	  106.783653	  422.498413  
	1068	  154.002258	  175.254196	  319.348755  
	1074	  195.817612	  219.791931	  157.412277  
	1075	  260.430908	  196.117737	  324.647705  
	1081	  191.079926	  218.985916	  25.515636  
	1082	  103.808578	  110.083717	  90.723633  
	1088	  275.360931	  132.312088	  131.174194  
	1090	  130.804047	  110.653755	  260.670868  
	1093	  198.080658	  100.422707	  46.364891  
	1094	  122.691589	  187.458160	  91.809868  
	1096	  192.331238	  46.493160	  162.075043  
	1100	  234.747101	  136.864822	  253.370010  
	1103	  82.708191	  128.916855	  108.984123  
	1104	  241.950165	  184.070114	  262.380859  
	1112	  145.049393	  188.306381	  126.961517  
	1114	  121.879768	  282.771820	  252.396133  
	1117	  205.134521	  199.755615	  52.283222  
	1118	  257.357666	  130.841904	  163.493744  
	1125	  194.787247	  40.558643	  194.370880  
	1130	  25.773094	  103.314552	  276.752197  
	1136	  119.157608	  60.755375	  248.701355  
	1137	  246.812836	  155.690155	  402.406738  
	1139	  236.647247	  85.827202	  104.446655  
	1140	  154.909866	  95.105042	  303.682404  
	1144	  128.682617	  262.955353	  354.521942  
	1151	  102.189835	  269.082703	  435.069336  
	1153	  175.917709	  193.343933	  310.629150  
	1155	  208.996338	  140.457809	  317.307709  
	1156	  106.724724	  246.953262	  460.247406  
	1157	  161.785812	  148.198654	  343.514648  
	1160	  74.981941	  223.038040	  287.621155  
	1161	  75.135559	  68.015579	  -0.198731  
	1166	  130.484344	  98.212708	  133.016525  
	1168	  133.432343	  244.749939	  340.592987  
	1175	  263.220642	  162.749619	  381.227631  
	1176	  214.740265	  150.318680	  459.520721  
	1178	  135.322540	  213.204086	  263.604553  
	1182	  223.271957	  53.544395	  202.088699  
	1185	  54.072361	  77.042206	  337.342407  
	1186	  72.178970	  242.607620	  441.850922  
	1188	  149.870010	  186.566513	  306.720245  
	1192	  143.571564	  98.131660	  428.561768  
	1193	  148.979156	  128.946274	  72.255814  
	1194	  146.584595	  165.442703	  319.713898  
	1196	  212.476959	  37.401493	  85.390747  
	1199	  275.366211	  195.836945	  323.619629  
	1212	  235.755249	  154.833878	  164.273911  
	1214	  201.673370	  94.996880	  30.438511  
	1223	  250.035126	  175.437363	  272.523834  
	1227	  237.416153	  171.545212	  284.469330  
	1228	  96.055000	  73.370407	  110.413445  
	1229	  133.445709	  195.999329	  125.072670  
	1230	  129.358047	  267.934784	  240.924377  
	1240	  268.628052	  110.866913	  279.445160  
	1244	  107.229362	  70.025894	  150.525803  
	1249	  170.516632	  264.560822	  204.687943  
	1256	  166.762466	  235.316589	  178.117035  
	1262	  213.762131	  54.648655	  98.994637  
	1266	  245.916977	  142.426346	  395.472321  
	1267	  238.094040	  70.330544	  103.562172  
	1268	  162.379333	  84.781425	  295.084045  
	1272	  71.124619	  192.825073	  414.047211  
	1276	  127.699593	  253.103638	  106.018349  
	1278	  47.601852	  118.062141	  68.953491  
	1279	  216.928268	  144.913635	  328.178192  
	1283	  57.814430	  219.978622	  282.753448  
	1288	  123.972404	  91.233315	  138.295746  
	1294	  259.463257	  170.436417	  390.685089  
	1295	  224.777328	  158.623199	  453.647003  
	1297	  130.470261	  225.000015	  266.952728  
	1301	  117.079727	  274.999939	  203.226639  
	1302	  158.547516	  81.978004	  139.848694  
	1303	  109.696075	  171.339600	  309.641815  
	1304	  60.531857	  78.306213	  323.664215  
	1305	  62.313980	  230.655106	  442.574982  
	1306	  45.390091	  183.819260	  196.904739  
	1307	  162.097473	  184.990829	  316.959930  
	1309	  278.837189	  189.403122	  233.363983  
	1313	  139.571274	  154.515808	  317.725769  
	1315	  79.273224	  250.618240	  77.404236  
	1316	  132.258865	  200.961929	  86.825142  
	1317	  28.744778	  194.062836	  320.833679  
	1319	  150.330109	  160.720078	  186.762268  
	1320	  134.862152	  133.128525	  249.711868  
	1322	  58.184765	  159.641129	  -0.139379  
	1323	  247.059769	  135.756912	  118.642487  
	1326	  240.871185	  154.200974	  149.090866  
	1328	  211.709778	  48.130013	  192.915680  
	1334	  253.712494	  167.349106	  281.144592  
	1338	  225.787277	  170.371628	  282.937195  
	1339	  98.269066	  66.507889	  118.902702  
	1340	  137.062729	  258.166870	  233.587860  
	1346	  257.819244	  116.730431	  277.349213  
	1347	  267.903625	  110.606384	  263.709320  
	1353	  182.949234	  272.233917	  215.259277  
	1355	  145.549973	  98.190971	  172.788818  
	1357	  260.020477	  79.864311	  209.289124  
	1366	  209.211456	  202.270432	  153.087570  
	1369	  106.401428	  213.042114	  177.866562  
	1372	  166.641159	  85.501549	  172.921555  
	1375	  181.243301	  148.258209	  190.615768  
	1376	  106.029579	  171.133530	  181.913712  
	1377	  249.567673	  106.608849	  245.605759  
	1385	  32.230835	  92.267433	  145.946915  
	1388	  127.262123	  251.887634	  259.879425  
	1390	  247.333069	  129.205856	  387.511932  
	1392	  170.312271	  75.782745	  285.161621  
	1395	  80.455711	  180.612930	  411.037079  
	1398	  150.254700	  256.378052	  102.561295  
	1399	  28.393965	  133.247131	  42.174656  
	1403	  48.725235	  218.694153	  277.656433  
	1413	  236.166489	  165.174240	  447.157715  
	1421	  116.381248	  169.572845	  296.567261  
	1422	  64.992004	  78.631104	  310.018768  
	1424	  58.028629	  175.326309	  184.219788  
	1430	  133.925766	  143.922485	  313.214020  
	1432	  134.416916	  210.697998	  82.193962  
	1433	  39.531773	  191.522141	  316.452606  
	1434	  89.322983	  181.949829	  200.389542  
	1437	  217.703720	  50.957825	  80.495407  
	1439	  248.061447	  151.572968	  129.413742  
	1442	  44.036629	  165.598190	  154.590683  
	1448	  215.252213	  168.751663	  278.994263  
	1450	  146.349228	  250.623169	  225.582657  
	1453	  242.361008	  231.369049	  191.431870  
	1454	  249.856369	  122.255836	  272.447998  
	1458	  132.920502	  83.684410	  258.049927  
	1460	  132.556656	  240.215637	  278.356720  
	1461	  63.881508	  56.162457	  227.336548  
	1465	  258.880890	  73.289543	  219.036789  
	1472	  228.246307	  206.645264	  154.834854  
	1474	  234.453781	  185.902512	  131.449707  
	1475	  102.364044	  204.479156	  183.520798  
	1478	  21.644508	  111.025314	  244.786942  
	1489	  129.697037	  259.169708	  251.262161  
	1490	  43.801811	  107.035149	  76.326675  
	1496	  190.581070	  151.775757	  182.493744  
	1498	  112.899376	  131.314590	  137.271591  
	1500	  156.162628	  217.924591	  169.329880  
	1501	  37.833675	  186.506454	  202.997238  
	1502	  93.768112	  82.915016	  104.434242  
	1509	  35.718075	  123.466003	  24.489191  
	1512	  204.225845	  215.599533	  150.635178  
	1513	  84.442947	  175.691864	  207.623291  
	1514	  154.591614	  263.658081	  175.920654  
	1517	  250.036652	  117.931335	  378.784027  
	1519	  177.166641	  68.389915	  274.079895  
	1522	  88.485672	  170.842697	  406.344940  
	1529	  41.016750	  218.006836	  270.420532  
	1536	  248.981064	  169.947189	  439.766388  
	1542	  122.111259	  165.996536	  282.776978  
	1543	  67.875526	  77.986580	  295.890228  
	1544	  44.480846	  204.652969	  442.982147  
	1549	  153.043320	  84.581375	  451.243286  
	1551	  129.916122	  134.805527	  306.682739  
	1558	  137.086548	  161.317642	  231.184570  
	1566	  155.709122	  246.303802	  217.259705  
	1569	  240.090973	  224.726974	  182.824844  
	1570	  254.473862	  100.799957	  260.194916  
	1571	  54.419643	  163.263245	  159.738022  
	1574	  264.374420	  222.477722	  155.854752  
	1576	  256.067413	  66.734116	  230.952011  
	1586	  94.852692	  191.686569	  190.315964  
	1590	  192.535095	  154.965469	  217.216278  
	1594	  138.940292	  147.759354	  251.112885  
	1598	  133.496262	  265.830444	  239.187790  
	1599	  51.189533	  94.023933	  81.518784  
	1601	  116.757103	  233.718735	  185.688049  
	1617	  91.974442	  168.228653	  208.923462  
	1619	  35.558563	  169.824326	  51.346413  
	1621	  86.296402	  135.289719	  149.672882  
	1624	  136.671417	  147.252243	  148.969940  
	1627	  181.862289	  259.076874	  -0.064451  
	1634	  69.740089	  62.699413	  234.638123  
	1638	  252.452438	  110.454292	  370.821167  
	1639	  181.149933	  64.032265	  265.109955  
	1644	  177.663193	  262.042267	  100.671806  
	1653	  261.875549	  172.757462	  431.204529  
	1656	  54.434113	  61.250015	  -0.176357  
	1657	  156.971008	  266.843750	  202.836090  
	1658	  128.014832	  160.138336	  269.731934  
	1659	  69.442665	  76.279434	  280.629608  
	1660	  38.164921	  193.935501	  440.573303  
	1661	  71.219536	  161.010880	  168.614761  
	1667	  127.352295	  127.647377	  298.849274  
	1675	  257.237030	  160.967789	  116.073830  
	1702	  136.119247	  268.894897	  228.199799  
	1704	  113.064232	  274.918365	  104.684708  
	1728	  76.421204	  71.296928	  242.354340  
	1729	  139.242966	  122.298035	  17.846512  
	1737	  224.113235	  173.797028	  221.105713  
	1739	  230.602402	  238.922607	  207.429306  
	1748	  128.252716	  133.201797	  233.081024  
	1753	  179.975906	  192.651703	  152.948975  
	1755	  254.619247	  104.802956	  362.315643  
	1756	  183.884659	  60.873508	  255.910889  
	1759	  99.476364	  158.495361	  394.694153  
	1769	  272.841278	  174.156189	  421.734070  
	1774	  71.314026	  73.930153	  265.816925  
	1775	  34.073730	  185.724442	  436.354553  
	1779	  125.599052	  121.284836	  288.369507  
	1781	  60.409611	  184.712051	  302.664063  
	1784	  217.878601	  58.369141	  73.635269  
	1786	  270.605499	  162.720490	  96.665779  
	1790	  191.344650	  163.208084	  263.498352  
	1792	  244.271057	  93.090340	  253.288528  
	1806	  137.352249	  269.192200	  218.015671  
	1816	  223.699768	  64.560585	  0.015695  
	1824	  158.004074	  176.235046	  162.894180  
	1828	  231.244217	  207.592133	  -0.474963  
	1829	  69.594612	  236.082581	  160.602966  
	1833	  218.049484	  169.669922	  214.094131  
	1838	  186.931198	  146.202728	  157.184616  
	1839	  124.412369	  130.891113	  219.684891  
	1842	  65.459312	  99.846100	  123.815132  
	1844	  168.019089	  183.854034	  140.279388  
	1852	  64.590073	  123.377380	  72.027069  
	1855	  44.382210	  126.619690	  137.717606  
	1861	  256.946686	  99.379585	  350.273834  
	1862	  186.307480	  57.732220	  242.040253  
	1864	  104.668922	  153.029480	  385.361938  
	1867	  25.306927	  218.005112	  246.030914  
	1872	  21.510851	  174.791534	  411.806580  
	1877	  124.645042	  115.883881	  274.337738  
	1879	  67.724197	  182.012512	  295.606720  
	1885	  183.239304	  160.642136	  255.754425  
	1886	  236.824539	  87.701454	  244.612701  
	1898	  177.086823	  102.540749	  166.159927  
	1914	  210.052383	  163.769424	  202.275558  
	1917	  183.779968	  142.196899	  144.139389  
	1927	  60.766327	  76.424179	  -0.223767  
	1937	  181.682770	  269.090820	  -0.164536  
	1949	  258.805542	  95.202026	  335.497589  
	1950	  187.560120	  55.785549	  226.525421  
	1951	  242.614410	  65.883583	  360.418365  
	1952	  109.223549	  148.378571	  372.413208  
	1954	  20.941549	  218.828125	  233.946243  
	1958	  28.555672	  175.049057	  400.270294  
	1960	  28.661209	  172.542572	  424.716370  
	1962	  124.540672	  112.562767	  258.583771  
	1964	  78.388367	  177.540405	  281.876617  
	1965	  215.250137	  68.972397	  65.023033  
	1966	  142.712189	  166.500839	  203.100037  
	1971	  229.612518	  83.171059	  232.339417  
	1979	  170.847443	  100.091980	  156.181213  
	1987	  150.180862	  154.541626	  137.947159  
	1989	  201.245239	  158.250290	  192.070755  
	1995	  141.180496	  11.411610	  153.297089  
	1996	  61.287849	  123.719025	  130.271057  
	2000	  92.900665	  119.503235	  141.757690  
	2014	  89.828369	  220.169693	  127.492538  
	2029	  75.481697	  241.553574	  73.080101  
	2030	  259.824036	  92.776039	  319.504974  
	2032	  112.308990	  145.118500	  357.195862  
	2034	  278.654327	  220.544983	  219.668884  
	2035	  35.614544	  67.735123	  270.036835  
	2036	  34.389359	  175.063843	  386.186951  
	2037	  26.396965	  166.051971	  415.335083  
	2038	  124.990456	  111.607719	  242.486008  
	2041	  25.132206	  166.645660	  70.505913  
	2044	  223.432449	  80.246727	  218.431747  
	2054	  102.748283	  37.041367	  168.855087  
	2060	  196.780029	  42.708260	  184.758530  
	2080	  50.918415	  193.909943	  51.175179  
	2084	  154.788361	  134.034012	  86.170006  
	2098	  207.156738	  85.937599	  53.654945  
	2099	  54.197952	  102.884048	  123.860031  
	2100	  260.733612	  92.213249	  303.147308  
	2102	  113.731552	  143.371307	  340.920624  
	2104	  279.012604	  223.090836	  204.004089  
	2106	  38.387173	  174.965195	  370.474548  
	2107	  24.709560	  160.431915	  401.613678  
	2108	  126.366684	  112.922226	  226.738663  
	2111	  232.059738	  140.993973	  238.655151  
	2112	  218.311905	  78.391312	  202.998260  
	2127	  27.574392	  225.629349	  161.839828  
	2129	  154.584991	  137.029236	  183.565903  
	2137	  117.238533	  258.582733	  105.962448  
	2146	  48.877853	  165.415207	  2.338988  
	2152	  88.905136	  56.801189	  -0.263101  
	2161	  262.824463	  92.566132	  287.355072  
	2163	  114.129227	  143.363800	  324.322357  
	2165	  151.417053	  1.012109	  189.173355  
	2166	  169.376923	  280.006287	  256.977844  
	2167	  40.432064	  175.081543	  354.156677  
	2168	  23.727757	  157.172241	  386.065369  
	2169	  128.950211	  116.284561	  212.630814  
	2171	  213.134537	  75.463890	  188.354996  
	2177	  222.476471	  110.991112	  116.161217  
	2182	  119.248894	  84.998558	  -0.021793  
	2186	  172.980316	  209.658966	  78.541527  
	2187	  166.279373	  158.860306	  96.121979  
	2190	  73.972679	  71.828217	  95.811775  
	2202	  232.752823	  168.200836	  181.230484  
	2218	  264.673431	  95.587067	  273.188171  
	2220	  115.307556	  144.910858	  307.901062  
	2222	  23.646646	  226.859695	  177.313843  
	2223	  170.772430	  273.939758	  245.013474  
	2224	  41.338326	  176.569702	  337.704803  
	2225	  23.331924	  156.129837	  369.671783  
	2226	  131.833054	  120.583649	  202.872192  
	2228	  209.522873	  71.907341	  176.216812  
	2241	  77.867004	  231.982071	  58.846897  
	2270	  63.354210	  234.181610	  150.372162  
	2272	  87.594284	  135.251602	  94.625916  
	2273	  264.958740	  100.480316	  263.250732  
	2274	  115.471230	  147.779907	  291.612061  
	2276	  170.958069	  269.747467	  230.209259  
	2277	  43.773697	  178.242630	  321.365601  
	2286	  133.207184	  115.964775	  30.789219  
	2300	  106.424339	  57.860107	  146.629654  
	2301	  115.076286	  209.776398	  160.758026  
	2314	  113.996147	  150.893951	  275.445984  
	2315	  171.162552	  267.254883	  215.383698  
	2316	  45.108303	  179.773132	  304.893829  
	2317	  25.300007	  156.944077	  336.644714  
	2339	  111.981941	  152.428299	  259.499786  
	2341	  47.107719	  179.794220	  288.627014  
	2342	  24.867702	  155.765549	  320.770233  
	2343	  202.319229	  61.208633	  148.397583  
	2348	  93.846786	  63.730827	  137.257996  
	2356	  121.446213	  240.703094	  110.190498  
	2359	  108.294868	  153.708450	  243.995987  
	2360	  48.270554	  178.429092	  272.839294  
	2361	  22.092039	  153.473465	  306.648346  
	2367	  229.856537	  218.353745	  -0.113330  
	2372	  103.369225	  156.599533	  229.859451  
	2373	  49.247135	  178.005829	  256.920715  
	2376	  85.482986	  71.104126	  131.827560  
	2384	  98.884125	  160.400269	  220.381058  
	2388	  53.474571	  180.823547	  232.288971  
   2  total number of boundary nodes
node bctyp press/flow   HD    PO2
	1	  0	  100.000000	  0.400000	  100.000000
	14	  0	  20.000000	  0.400000	  18.000000

