315559 200 10.000020 Current network file generated by angioadapt
  300.000000  300.000000  500.000000	box dimensions in microns
  12    12    20 	number of tissue points in x,y,z directions
  0.000000			outer bound distance (100. in test case)
  75.000000				max. segment length.  (5. in test case)
   40				nodsegm, max. number of segments per node
  738				total number of segments 
  name type from  to  diam       flow
	1	  4	  1	  2	  7.000000	  57.075451	  0.400000  
	2	  3	  2	  3	  10.108219	  57.075451	  0.400000  
	3	  5	  3	  58	  10.359521	  52.862511	  0.428949  
	4	  5	  58	  119	  10.303767	  41.137959	  0.466621  
	6	  5	  6	  50	  10.661859	  25.884579	  0.570043  
	7	  5	  7	  285	  10.345678	  17.782944	  0.566344  
	8	  5	  285	  89	  10.326945	  13.349739	  0.602303  
	9	  5	  89	  1189	  9.360138	  6.999540	  0.591383  
	10	  5	  531	  194	  7.837533	  2.140570	  0.530331  
	12	  5	  3	  13	  3.686723	  4.212940	  0.036763  
	13	  5	  13	  16	  4.530773	  4.212940	  0.036763  
	14	  4	  14	  15	  16.000000	  -57.075451	  0.400000  
	15	  3	  15	  16	  12.409186	  -57.075451	  0.400000  
	16	  5	  16	  17	  12.433811	  -52.862511	  0.428948  
	17	  5	  17	  195	  12.111230	  -48.276741	  0.430690  
	18	  5	  687	  298	  11.171354	  -27.759836	  0.514988  
	19	  5	  19	  36	  10.668625	  -19.251211	  0.567838  
	25	  5	  30	  51	  10.407353	  32.248875	  0.506310  
	26	  5	  31	  834	  6.776670	  -1.242278	  0.508618  
	27	  5	  1854	  1662	  4.565922	  0.165485	  0.349171  
	33	  5	  34	  458	  8.106937	  1.604043	  0.562532  
	34	  5	  35	  354	  7.511620	  0.973844	  0.537849  
	35	  5	  36	  198	  9.443944	  -9.753517	  0.546809  
	36	  5	  49	  913	  8.249525	  -3.931742	  0.550737  
	39	  5	  30	  117	  6.820768	  8.889088	  0.322631  
	40	  5	  31	  41	  3.458694	  -0.350257	  0.121671  
	45	  5	  34	  358	  4.326416	  0.536527	  0.434060  
	46	  5	  35	  458	  7.178131	  -0.973844	  0.537849  
	47	  5	  36	  86	  7.053490	  -2.100646	  0.673382  
	49	  5	  50	  7	  10.132634	  17.782944	  0.566344  
	50	  5	  51	  6	  10.455048	  27.371851	  0.542196  
	54	  5	  41	  55	  3.409871	  -0.350257	  0.121671  
	55	  5	  798	  1546	  5.535717	  -0.432379	  0.658466  
	58	  5	  89	  59	  8.082797	  3.485601	  0.630736  
	63	  5	  50	  182	  4.823857	  1.648641	  0.325496  
	64	  5	  51	  65	  4.930979	  4.877021	  0.304904  
	68	  5	  198	  49	  8.611454	  -4.626407	  0.595747  
	70	  5	  55	  71	  3.330386	  -0.350257	  0.121671  
	73	  5	  58	  74	  6.541256	  11.724549	  0.296768  
	74	  5	  59	  1258	  8.293681	  3.485601	  0.630736  
	77	  5	  86	  78	  7.162279	  -2.100646	  0.673382  
	78	  5	  63	  79	  5.663815	  -0.694665	  0.850500  
	80	  5	  65	  81	  5.185725	  4.877021	  0.304904  
	84	  5	  198	  85	  5.721678	  -1.957992	  0.328100  
	92	  5	  71	  121	  3.091790	  -0.350257	  0.121671  
	94	  5	  350	  95	  3.929015	  -0.130883	  0.318913  
	95	  5	  74	  124	  6.843788	  11.724549	  0.296768  
	97	  5	  76	  98	  4.663777	  0.536527	  0.434060  
	99	  5	  78	  243	  7.228817	  -2.100646	  0.673382  
	100	  5	  79	  101	  5.656549	  -0.694665	  0.850500  
	102	  5	  81	  103	  3.453643	  1.667153	  0.091712  
	105	  5	  19	  106	  5.022315	  -2.587381	  0.473975  
	106	  5	  85	  463	  5.785835	  -1.957992	  0.328100  
	109	  5	  798	  1755	  6.478162	  0.763626	  0.609104  
	110	  5	  89	  547	  7.680649	  2.864598	  0.594389  
	114	  5	  17	  1933	  7.251648	  -4.585768	  0.410618  
	119	  5	  119	  30	  10.454021	  41.137959	  0.466621  
	123	  5	  95	  1791	  3.897250	  -0.130883	  0.318913  
	125	  5	  1258	  125	  5.097806	  0.879765	  0.529875  
	126	  5	  98	  159	  4.769638	  0.536527	  0.434060  
	129	  5	  101	  129	  5.626239	  -0.694665	  0.850500  
	130	  5	  182	  247	  7.090169	  7.578622	  0.311840  
	131	  5	  103	  131	  3.699999	  1.667153	  0.091712  
	134	  5	  106	  347	  4.631493	  -2.587381	  0.473975  
	135	  5	  463	  552	  5.864454	  -1.957992	  0.328100  
	140	  5	  531	  248	  5.757479	  1.560824	  0.655168  
	145	  5	  117	  145	  3.465300	  1.914505	  0.139908  
	148	  5	  36	  148	  3.977561	  0.977015	  0.004935  
	154	  5	  121	  154	  3.861826	  0.708685	  0.405240  
	158	  5	  125	  158	  5.397049	  0.879765	  0.529875  
	161	  5	  243	  161	  7.299392	  -2.100646	  0.673382  
	164	  5	  131	  164	  3.837912	  1.667153	  0.091712  
	167	  5	  347	  212	  6.728106	  -5.525354	  0.432808  
	168	  5	  552	  409	  4.499582	  -0.575725	  0.252400  
	175	  5	  1933	  175	  6.098757	  -2.337493	  0.362941  
	176	  5	  143	  628	  5.136681	  -0.143348	  0.791520  
	178	  5	  145	  178	  3.785413	  1.914505	  0.139908  
	186	  5	  36	  186	  5.492953	  -2.082918	  0.215458  
	188	  5	  31	  466	  4.931216	  -0.559147	  0.431574  
	195	  5	  194	  34	  8.104688	  2.140570	  0.530331  
	196	  5	  195	  687	  11.925948	  -42.798424	  0.457880  
	198	  5	  834	  551	  5.778024	  -0.487413	  0.579666  
	200	  5	  377	  124	  5.988522	  -5.929981	  0.308043  
	205	  5	  158	  204	  5.519811	  0.879765	  0.529875  
	209	  5	  129	  1594	  5.540558	  -0.694665	  0.850500  
	211	  5	  164	  210	  3.960830	  1.667153	  0.091712  
	217	  5	  547	  267	  3.642579	  0.462557	  0.273039  
	221	  5	  175	  220	  6.117300	  -2.337493	  0.362941  
	222	  5	  628	  221	  5.150470	  -0.143348	  0.791520  
	224	  5	  178	  223	  3.948296	  1.914505	  0.139908  
	228	  5	  182	  227	  6.454654	  -5.929981	  0.308043  
	232	  5	  186	  230	  5.521763	  -2.082918	  0.215458  
	241	  5	  195	  237	  6.576661	  -5.478319	  0.218269  
	244	  5	  63	  49	  5.745156	  0.694665	  0.850500  
	245	  5	  1755	  1570	  6.038497	  0.763626	  0.609104  
	249	  5	  1094	  1429	  4.514776	  0.371339	  0.502789  
	255	  5	  198	  251	  6.483570	  -1.699564	  0.549394  
	256	  5	  298	  19	  11.051280	  -24.680014	  0.533097  
	262	  5	  204	  852	  6.835122	  1.607388	  0.411772  
	264	  5	  161	  259	  5.808875	  -1.082919	  0.505906  
	265	  5	  1594	  260	  5.399248	  -0.694665	  0.850500  
	267	  5	  210	  262	  4.065569	  1.667153	  0.091712  
	268	  5	  212	  263	  6.524571	  -5.525354	  0.432808  
	269	  5	  409	  313	  4.522766	  -0.575725	  0.252400  
	271	  5	  170	  1363	  3.891713	  -0.315671	  0.399466  
	274	  5	  248	  269	  3.495380	  0.205342	  0.231790  
	275	  5	  220	  270	  6.128932	  -2.337493	  0.362941  
	276	  5	  221	  271	  5.151675	  -0.143348	  0.791520  
	278	  5	  223	  273	  4.085312	  1.914505	  0.139908  
	282	  5	  227	  277	  6.377531	  -5.929981	  0.308043  
	285	  5	  230	  280	  5.533381	  -2.082918	  0.215458  
	292	  5	  237	  332	  6.623736	  -5.478319	  0.218269  
	296	  5	  1570	  334	  5.945662	  0.763626	  0.609104  
	301	  5	  247	  548	  7.253846	  7.578622	  0.311840  
	304	  5	  148	  296	  6.287033	  -1.864408	  0.533191  
	305	  5	  251	  468	  6.570185	  -1.699564	  0.549394  
	311	  5	  852	  812	  3.236682	  0.171824	  0.026220  
	313	  5	  259	  947	  5.863081	  -1.082919	  0.505906  
	314	  5	  260	  306	  5.260499	  -0.694665	  0.850500  
	316	  5	  262	  308	  4.154428	  1.667153	  0.091712  
	317	  5	  263	  309	  6.366621	  -5.525354	  0.432808  
	321	  5	  267	  313	  3.920494	  0.462557	  0.273039  
	323	  5	  269	  616	  3.793130	  0.205342	  0.231790  
	324	  5	  270	  316	  6.132214	  -2.337493	  0.362941  
	327	  5	  273	  319	  4.192400	  1.914505	  0.139908  
	331	  5	  277	  323	  6.278362	  -5.929981	  0.308043  
	334	  5	  280	  326	  5.540127	  -2.082918	  0.215458  
	346	  5	  1530	  1911	  4.413946	  0.217685	  0.681823  
	347	  5	  548	  338	  7.297750	  7.578622	  0.311840  
	350	  5	  296	  1807	  6.422998	  -1.864408	  0.533191  
	351	  5	  468	  341	  4.999753	  -1.173953	  0.506318  
	352	  5	  298	  342	  5.577292	  -3.079822	  0.369877  
	364	  5	  354	  1854	  3.378833	  0.112856	  0.171851  
	370	  5	  1100	  547	  4.611752	  -0.633345	  0.521095  
	371	  5	  947	  361	  3.381031	  -0.063354	  0.369412  
	372	  5	  306	  362	  6.045643	  -0.941955	  0.802928  
	373	  5	  341	  1505	  4.363712	  -1.173953	  0.506318  
	374	  5	  308	  364	  4.228216	  1.667153	  0.091712  
	375	  5	  309	  117	  6.193737	  -5.525354	  0.432808  
	376	  5	  313	  365	  3.312985	  -0.113168	  0.168041  
	380	  5	  121	  483	  3.861362	  0.450867	  0.509940  
	382	  5	  316	  370	  6.132886	  -2.337493	  0.362941  
	385	  5	  319	  428	  4.354199	  1.914505	  0.139908  
	389	  5	  323	  377	  6.167834	  -5.929981	  0.308043  
	392	  5	  326	  380	  5.542502	  -2.082918	  0.215458  
	404	  5	  338	  392	  7.348369	  7.578622	  0.311840  
	408	  5	  342	  396	  5.454423	  -3.079822	  0.369877  
	409	  5	  36	  623	  5.696858	  -1.849251	  0.350163  
	412	  5	  81	  6	  3.339051	  -1.487274	  0.057548  
	413	  5	  347	  399	  6.052934	  2.937973	  0.396553  
	418	  5	  124	  404	  6.209389	  5.794568	  0.285230  
	428	  5	  551	  408	  5.594357	  -0.394538	  0.625862  
	434	  5	  361	  417	  3.289290	  -0.063354	  0.369412  
	435	  5	  362	  418	  5.856299	  -0.941955	  0.802928  
	436	  5	  1505	  419	  5.018492	  0.987780	  0.484515  
	438	  5	  365	  899	  3.156248	  -0.113168	  0.168041  
	443	  5	  370	  425	  6.127673	  -2.337493	  0.362941  
	449	  5	  364	  332	  4.295115	  1.667153	  0.091712  
	455	  5	  620	  436	  5.370742	  -1.617319	  0.173471  
	459	  5	  332	  440	  6.214712	  -2.361938	  0.353196  
	465	  5	  392	  639	  5.822681	  6.441184	  0.358776  
	469	  5	  396	  449	  5.321695	  -3.079822	  0.369877  
	471	  5	  121	  451	  4.173806	  0.278321	  0.624558  
	472	  5	  399	  452	  6.171946	  2.937973	  0.396553  
	477	  5	  404	  456	  6.481888	  5.794568	  0.285230  
	479	  5	  1854	  458	  4.234367	  -0.183512	  0.436639  
	483	  5	  332	  461	  4.215897	  -1.449228	  0.143955  
	493	  5	  428	  1317	  7.938355	  6.995831	  0.368408  
	494	  5	  380	  471	  5.454487	  -2.082918	  0.215458  
	501	  5	  417	  511	  3.036284	  -0.063354	  0.369412  
	503	  5	  419	  479	  5.269300	  0.987780	  0.484515  
	504	  5	  899	  480	  4.931214	  -0.471442	  0.653436  
	509	  5	  425	  485	  6.117634	  -2.337493	  0.362941  
	512	  5	  428	  488	  8.223751	  -5.081325	  0.454500  
	519	  5	  436	  494	  5.342193	  -1.617319	  0.173471  
	523	  5	  440	  498	  6.273479	  -2.361938	  0.353196  
	524	  5	  441	  608	  3.205863	  0.171824	  0.026220  
	528	  5	  639	  814	  5.920151	  6.441184	  0.358776  
	532	  5	  449	  507	  5.178570	  -3.079822	  0.369877  
	533	  5	  623	  508	  4.417901	  -0.689698	  0.189120  
	534	  5	  451	  509	  4.486052	  0.278321	  0.624558  
	535	  5	  452	  587	  6.335045	  2.937973	  0.396553  
	536	  5	  1193	  511	  4.913345	  0.529441	  0.755617  
	539	  5	  456	  514	  6.581329	  5.794568	  0.285230  
	541	  5	  458	  516	  5.409976	  0.446687	  0.668064  
	543	  5	  408	  778	  4.740351	  0.166279	  0.355619  
	544	  5	  461	  519	  4.133256	  -1.449228	  0.143955  
	547	  5	  552	  522	  4.311686	  -0.899723	  0.260893  
	549	  5	  466	  994	  4.646761	  -0.559147	  0.431574  
	551	  5	  468	  1392	  5.450914	  -0.525611	  0.645605  
	553	  5	  1317	  687	  8.839193	  15.038587	  0.352464  
	554	  5	  471	  529	  5.445275	  -2.082918	  0.215458  
	562	  5	  161	  1082	  6.295037	  -1.017728	  0.851586  
	568	  5	  947	  541	  4.499444	  -0.814223	  0.585656  
	585	  5	  511	  558	  4.854381	  0.466087	  0.808113  
	586	  5	  479	  559	  5.389380	  0.987780	  0.484515  
	587	  5	  480	  560	  4.864308	  -0.471442	  0.653436  
	590	  5	  483	  952	  4.114922	  0.450867	  0.509940  
	592	  5	  485	  565	  6.102411	  -2.337493	  0.362941  
	594	  5	  487	  656	  4.368402	  -0.099933	  0.364576  
	595	  5	  488	  568	  8.313397	  -5.081325	  0.454500  
	601	  5	  494	  573	  5.317103	  -1.617319	  0.173471  
	604	  5	  1088	  1724	  6.147633	  0.805967	  0.767183  
	605	  5	  498	  577	  6.307311	  -2.361938	  0.353196  
	606	  5	  608	  666	  3.174627	  0.171824	  0.026220  
	609	  5	  814	  581	  5.629311	  -0.464135	  0.775468  
	611	  5	  905	  583	  5.096891	  1.137438	  0.046048  
	613	  5	  507	  81	  4.834853	  -3.079822	  0.369877  
	614	  5	  508	  585	  4.424123	  -0.689698	  0.189120  
	615	  5	  509	  586	  4.594867	  0.278321	  0.624558  
	620	  5	  514	  589	  6.666617	  5.794568	  0.285230  
	622	  5	  516	  591	  4.750098	  0.229002	  0.654986  
	624	  5	  778	  1615	  5.820721	  0.362153	  0.384923  
	625	  5	  519	  594	  4.028242	  -1.449228	  0.143955  
	628	  5	  522	  597	  4.215932	  -0.899723	  0.260893  
	632	  5	  1392	  601	  4.504580	  -0.247291	  0.669292  
	635	  5	  529	  688	  5.414622	  -2.082918	  0.215458  
	637	  5	  531	  606	  3.825294	  0.250703	  0.517139  
	642	  5	  248	  611	  5.300536	  1.355482	  0.719305  
	645	  5	  834	  614	  5.155768	  -0.502183	  0.479231  
	646	  5	  541	  615	  4.379967	  -0.814223	  0.585656  
	652	  5	  547	  621	  7.320838	  1.522048	  0.748430  
	654	  5	  549	  1100	  5.648555	  -0.633345	  0.521095  
	657	  5	  552	  625	  4.777554	  -0.482544	  0.543729  
	667	  5	  306	  634	  4.175155	  0.247291	  0.669292  
	682	  5	  558	  1260	  5.135373	  0.466087	  0.808113  
	683	  5	  559	  650	  5.493165	  0.987780	  0.484515  
	689	  5	  565	  655	  6.083142	  -2.337493	  0.362941  
	692	  5	  568	  657	  8.405485	  -5.081325	  0.454500  
	697	  5	  573	  661	  5.284000	  -1.617319	  0.173471  
	700	  5	  1724	  551	  3.546171	  0.092875	  0.383426  
	701	  5	  577	  665	  6.337829	  -2.361938	  0.353196  
	705	  5	  581	  669	  5.678773	  -0.464135	  0.775468  
	707	  5	  583	  670	  5.080423	  1.137438	  0.046048  
	709	  5	  585	  672	  4.409251	  -0.689698	  0.189120  
	710	  5	  586	  673	  4.674974	  0.278321	  0.624558  
	711	  5	  587	  674	  5.947736	  2.248274	  0.460187  
	713	  5	  589	  1226	  6.730043	  5.794568	  0.285230  
	715	  5	  591	  954	  4.972957	  0.229002	  0.654986  
	717	  5	  1615	  679	  7.493214	  1.075245	  0.671581  
	718	  5	  594	  680	  3.896201	  -1.449228	  0.143955  
	721	  5	  597	  683	  4.086131	  -0.899723	  0.260893  
	722	  5	  954	  1802	  3.295645	  0.039486	  0.306486  
	725	  5	  601	  685	  4.509092	  -0.247291	  0.669292  
	726	  5	  602	  686	  6.165809	  -1.435564	  0.457919  
	730	  5	  606	  689	  4.191269	  0.250703	  0.517139  
	738	  5	  614	  696	  4.597982	  -0.216592	  0.533845  
	739	  5	  615	  697	  4.191730	  -0.814223	  0.585656  
	740	  5	  616	  698	  3.870354	  0.205342	  0.231790  
	744	  5	  620	  701	  5.345503	  1.617319	  0.173471  
	745	  5	  621	  784	  7.786568	  1.522048	  0.748430  
	747	  5	  623	  952	  5.288828	  -1.159553	  0.445951  
	750	  5	  625	  706	  4.773073	  -0.482544	  0.543729  
	752	  5	  19	  148	  6.417075	  -2.841422	  0.351552  
	757	  5	  632	  642	  4.958674	  -0.129092	  0.768724  
	759	  5	  634	  713	  4.419048	  0.247291	  0.669292  
	760	  5	  1505	  794	  8.739394	  -4.872676	  0.677385  
	776	  5	  121	  727	  6.464856	  -2.805858	  0.570317  
	779	  5	  699	  285	  7.010590	  -4.433204	  0.458060  
	780	  5	  614	  731	  4.022289	  -0.285590	  0.437811  
	781	  5	  645	  732	  5.779483	  0.550622	  0.644239  
	782	  5	  555	  1193	  5.355565	  -1.281216	  0.923237  
	786	  5	  650	  737	  5.575047	  0.987780	  0.484515  
	791	  5	  655	  742	  6.057894	  -2.337493	  0.362941  
	793	  5	  657	  744	  8.496798	  -5.081325	  0.454500  
	796	  5	  661	  747	  5.238557	  -1.617319	  0.173471  
	799	  5	  665	  750	  6.363831	  -2.361938	  0.353196  
	803	  5	  669	  754	  5.709308	  -0.464135	  0.775468  
	804	  5	  670	  755	  5.060225	  1.137438	  0.046048  
	806	  5	  672	  756	  4.380857	  -0.689698	  0.189120  
	807	  5	  673	  757	  4.728440	  0.278321	  0.624558  
	808	  5	  674	  758	  6.030511	  2.248274	  0.460187  
	809	  5	  1226	  759	  6.142605	  3.711650	  0.324385  
	812	  5	  679	  1835	  7.882392	  1.465114	  0.639495  
	813	  5	  680	  117	  3.468897	  -1.449228	  0.143955  
	816	  5	  683	  766	  3.922153	  -0.899723	  0.260893  
	818	  5	  685	  768	  4.495245	  -0.247291	  0.669292  
	819	  5	  686	  769	  6.174220	  -1.435564	  0.457919  
	821	  5	  688	  770	  5.365474	  -2.082918	  0.215458  
	822	  5	  689	  771	  4.372142	  0.250703	  0.517139  
	824	  5	  1082	  773	  6.262041	  -1.017728	  0.851586  
	831	  5	  698	  780	  3.922565	  0.205342	  0.231790  
	832	  5	  699	  727	  7.405647	  3.533481	  0.508264  
	834	  5	  701	  783	  5.351088	  1.617319	  0.173471  
	838	  5	  706	  787	  4.757573	  -0.482544	  0.543729  
	845	  5	  713	  1010	  4.614070	  0.247291	  0.669292  
	858	  5	  1925	  802	  4.652436	  0.127978	  0.425562  
	877	  5	  732	  913	  5.689911	  0.550622	  0.644239  
	878	  5	  1193	  820	  4.627627	  0.428843	  0.785164  
	882	  5	  737	  824	  5.637970	  0.987780	  0.484515  
	887	  5	  742	  827	  6.028067	  -2.337493	  0.362941  
	889	  5	  744	  829	  8.584656	  -5.081325	  0.454500  
	892	  5	  747	  832	  5.179613	  -1.617319	  0.173471  
	893	  5	  748	  1607	  5.167280	  0.641825	  0.617870  
	895	  5	  750	  835	  4.929974	  -1.374157	  0.258800  
	897	  5	  752	  1439	  5.647253	  0.202198	  0.740363  
	899	  5	  754	  838	  5.734267	  -0.464135	  0.775468  
	900	  5	  755	  839	  5.035083	  1.137438	  0.046048  
	901	  5	  756	  840	  4.334605	  -0.689698	  0.189120  
	902	  5	  757	  841	  4.765315	  0.278321	  0.624558  
	903	  5	  758	  842	  6.108207	  2.248274	  0.460187  
	904	  5	  759	  843	  6.247434	  3.711650	  0.324385  
	906	  5	  954	  845	  4.378406	  0.189516	  0.727596  
	907	  5	  1835	  1468	  6.486999	  -0.888982	  0.416555  
	911	  5	  766	  699	  3.659890	  -0.899723	  0.260893  
	913	  5	  768	  1010	  4.453653	  -0.247291	  0.669292  
	914	  5	  769	  852	  6.179421	  -1.435564	  0.457919  
	915	  5	  770	  853	  5.317089	  -2.082918	  0.215458  
	916	  5	  771	  854	  4.495962	  0.250703	  0.517139  
	918	  5	  773	  856	  6.227686	  -1.017728	  0.851586  
	920	  5	  611	  334	  6.042398	  1.388052	  0.744445  
	922	  5	  778	  859	  4.937690	  -0.195873	  0.409799  
	923	  5	  697	  794	  5.475108	  -1.580318	  0.535811  
	924	  5	  780	  861	  3.959020	  0.205342	  0.231790  
	927	  5	  783	  864	  5.353315	  1.617319	  0.173471  
	928	  5	  784	  865	  8.077503	  1.522048	  0.748430  
	931	  5	  787	  868	  4.724708	  -0.482544	  0.543729  
	934	  5	  790	  1546	  4.742710	  0.242863	  0.604521  
	942	  5	  798	  1642	  5.267071	  -0.331247	  0.544672  
	943	  5	  1438	  1355	  5.228601	  -0.490086	  0.748082  
	946	  5	  802	  881	  4.592610	  0.127978	  0.425562  
	951	  5	  731	  883	  3.903490	  -0.285590	  0.437811  
	952	  5	  1546	  845	  4.641461	  -0.189516	  0.727596  
	956	  5	  812	  886	  3.497365	  0.171824	  0.026220  
	958	  5	  814	  888	  7.511455	  6.905318	  0.386784  
	969	  5	  418	  531	  5.208896	  -0.941955	  0.802928  
	985	  5	  913	  31	  8.014239	  -3.381121	  0.535510  
	987	  5	  820	  1448	  4.923997	  0.428843	  0.785164  
	990	  5	  1260	  31	  5.909612	  0.758167	  0.885969  
	991	  5	  824	  918	  5.686820	  0.987780	  0.484515  
	992	  5	  560	  1505	  4.527208	  -0.471442	  0.653436  
	994	  5	  827	  920	  5.990605	  -2.337493	  0.362941  
	995	  5	  1381	  921	  5.617190	  0.311992	  0.528994  
	996	  5	  829	  1119	  8.747602	  -5.081325	  0.454500  
	999	  5	  832	  925	  5.107259	  -1.617319	  0.173471  
	1002	  5	  835	  927	  4.889443	  -1.374157	  0.258800  
	1005	  5	  838	  929	  5.749168	  -0.464135	  0.775468  
	1006	  5	  839	  930	  5.004756	  1.137438	  0.046048  
	1007	  5	  840	  1029	  4.223831	  -0.689698	  0.189120  
	1008	  5	  841	  932	  4.782846	  0.278321	  0.624558  
	1009	  5	  842	  933	  6.179697	  2.248274	  0.460187  
	1010	  5	  843	  1386	  6.329227	  3.711650	  0.324385  
	1011	  5	  883	  935	  3.963541	  -0.285590	  0.437811  
	1019	  5	  853	  941	  5.255378	  -2.082918	  0.215458  
	1020	  5	  854	  942	  4.580562	  0.250703	  0.517139  
	1022	  5	  856	  944	  6.167339	  -1.017728	  0.851586  
	1025	  5	  859	  946	  5.031930	  -0.195873	  0.409799  
	1027	  5	  861	  947	  3.973848	  0.205342	  0.231790  
	1028	  5	  727	  948	  4.563346	  0.727623	  0.268975  
	1030	  5	  864	  950	  5.350676	  1.617319	  0.173471  
	1031	  5	  865	  951	  8.220404	  1.522048	  0.748430  
	1034	  5	  868	  953	  4.660907	  -0.482544	  0.543729  
	1039	  5	  794	  958	  8.941478	  -6.452994	  0.642714  
	1047	  5	  881	  1056	  4.463633	  0.127978	  0.425562  
	1052	  5	  886	  968	  3.547630	  0.171824	  0.026220  
	1054	  5	  888	  970	  7.504835	  6.905318	  0.386784  
	1058	  5	  454	  1108	  7.223692	  -2.105489	  0.520366  
	1060	  5	  454	  1363	  4.958845	  0.596857	  0.349651  
	1065	  5	  899	  979	  4.110269	  -0.283551	  0.379205  
	1070	  5	  1381	  354	  8.013195	  -0.860988	  0.585823  
	1071	  5	  905	  982	  4.903856	  -1.137438	  0.046048  
	1076	  5	  645	  1710	  5.760612	  -0.550622	  0.644239  
	1108	  5	  1448	  602	  5.972088	  -1.435564	  0.457919  
	1112	  5	  918	  1016	  5.721013	  0.987780	  0.484515  
	1113	  5	  1468	  1017	  3.306680	  -0.131499	  0.231644  
	1114	  5	  920	  1018	  5.945176	  -2.337493	  0.362941  
	1115	  5	  921	  1019	  5.722718	  0.311992	  0.528994  
	1119	  5	  925	  1023	  5.019939	  -1.617319	  0.173471  
	1120	  5	  1607	  1199	  4.239880	  -0.191421	  0.792728  
	1121	  5	  927	  1025	  4.842434	  -1.374157	  0.258800  
	1123	  5	  929	  1027	  5.752325	  -0.464135	  0.775468  
	1124	  5	  930	  1028	  4.968395	  1.137438	  0.046048  
	1126	  5	  932	  1030	  4.785552	  0.278321	  0.624558  
	1127	  5	  933	  1031	  6.242389	  2.248274	  0.460187  
	1128	  5	  1386	  1032	  4.535545	  1.374157	  0.258800  
	1129	  5	  935	  1033	  4.306307	  0.180349	  0.477829  
	1135	  5	  941	  1038	  5.176819	  -2.082918	  0.215458  
	1136	  5	  942	  1039	  4.634680	  0.250703	  0.517139  
	1137	  5	  944	  1040	  6.086941	  -1.017728	  0.851586  
	1138	  5	  1106	  1260	  4.471584	  -0.174912	  0.651491  
	1139	  5	  946	  1042	  5.116482	  -0.195873	  0.409799  
	1141	  5	  948	  1043	  4.785292	  0.727623	  0.268975  
	1142	  5	  950	  1141	  5.334841	  1.617319	  0.173471  
	1143	  5	  951	  1045	  8.341376	  1.522048	  0.748430  
	1144	  5	  952	  1143	  4.302645	  -0.708685	  0.405240  
	1145	  5	  953	  1047	  4.568176	  -0.482544	  0.543729  
	1149	  5	  958	  1050	  8.724771	  -6.452994	  0.642714  
	1159	  5	  968	  1059	  3.579883	  0.171824	  0.026220  
	1161	  5	  970	  1061	  7.494771	  6.905318	  0.386784  
	1166	  5	  1363	  1737	  4.372083	  0.281187	  0.293728  
	1169	  5	  979	  1069	  4.001841	  -0.283551	  0.379205  
	1172	  5	  982	  1072	  4.913341	  -1.137438	  0.046048  
	1178	  5	  358	  76	  4.276463	  0.536527	  0.434060  
	1187	  5	  1559	  790	  5.052577	  0.242863	  0.604521  
	1202	  5	  1355	  1094	  6.562654	  -1.089199	  0.770020  
	1203	  5	  1094	  1558	  7.999035	  -1.761187	  0.680752  
	1208	  5	  1278	  1381	  6.907014	  -0.449064	  0.674541  
	1209	  5	  555	  1274	  5.731796	  1.281216	  0.923237  
	1230	  5	  1458	  1114	  4.501701	  -0.268898	  0.658352  
	1231	  5	  1016	  1115	  5.744700	  0.987780	  0.484515  
	1233	  5	  1018	  1117	  5.894640	  -2.337493	  0.362941  
	1238	  5	  1023	  1122	  4.914087	  -1.617319	  0.173471  
	1240	  5	  1025	  1124	  4.784090	  -1.374157	  0.258800  
	1241	  5	  1027	  1125	  5.746255	  -0.464135	  0.775468  
	1242	  5	  1028	  1126	  4.926360	  1.137438	  0.046048  
	1243	  5	  1029	  1127	  4.053666	  -0.689698	  0.189120  
	1244	  5	  1030	  1128	  4.777963	  0.278321	  0.624558  
	1245	  5	  1031	  1129	  6.296215	  2.248274	  0.460187  
	1247	  5	  1033	  1131	  4.567148	  0.180349	  0.477829  
	1252	  5	  1038	  1135	  5.080251	  -2.082918	  0.215458  
	1253	  5	  1039	  1549	  4.670522	  0.250703	  0.517139  
	1254	  5	  1040	  1137	  5.995397	  -1.017728	  0.851586  
	1256	  5	  1042	  350	  5.252897	  -0.195873	  0.409799  
	1257	  5	  1043	  1140	  4.938554	  0.727623	  0.268975  
	1261	  5	  1047	  1144	  4.443295	  -0.482544	  0.543729  
	1264	  5	  1050	  1147	  8.549828	  -6.452994	  0.642714  
	1272	  5	  1059	  441	  3.591614	  0.171824	  0.026220  
	1274	  5	  1061	  1156	  7.482786	  6.905318	  0.386784  
	1285	  5	  1072	  1165	  4.920461	  -1.137438	  0.046048  
	1293	  5	  994	  1173	  4.539201	  -0.315671	  0.399466  
	1305	  5	  1793	  1181	  4.762589	  -0.349709	  0.784303  
	1307	  5	  1558	  1182	  8.629598	  -2.605836	  0.664788  
	1308	  5	  834	  1183	  5.078770	  -0.252682	  0.429971  
	1309	  5	  1589	  1438	  4.730522	  -0.263118	  0.750372  
	1311	  5	  1274	  666	  5.313769	  -0.472473	  0.376800  
	1318	  5	  1106	  1188	  4.213722	  0.174912	  0.651491  
	1320	  5	  1108	  1189	  6.429574	  -2.105489	  0.520366  
	1322	  5	  1045	  1868	  8.835357	  1.522048	  0.748430  
	1333	  5	  935	  454	  5.870597	  -0.734838	  0.528335  
	1338	  5	  666	  1203	  4.790215	  -0.300649	  0.577160  
	1342	  5	  1114	  1689	  4.363048	  -0.268898	  0.658352  
	1343	  5	  1115	  1208	  5.759188	  0.987780	  0.484515  
	1345	  5	  1117	  1210	  5.834985	  -2.337493	  0.362941  
	1346	  5	  1019	  1910	  5.861943	  0.311992	  0.528994  
	1347	  5	  1119	  1212	  8.831841	  -3.464006	  0.585711  
	1349	  5	  1122	  1214	  4.780707	  -1.617319	  0.173471  
	1350	  5	  1199	  1514	  4.562307	  0.296006	  0.864455  
	1352	  5	  1125	  1217	  5.728237	  -0.464135	  0.775468  
	1353	  5	  1126	  1218	  4.878971	  1.137438	  0.046048  
	1354	  5	  1127	  587	  3.882797	  -0.689698	  0.189120  
	1355	  5	  1128	  1220	  4.756097	  0.278321	  0.624558  
	1356	  5	  1129	  1221	  6.344603	  2.248274	  0.460187  
	1357	  5	  1032	  1124	  4.673163	  1.374157	  0.258800  
	1358	  5	  1131	  1222	  4.682691	  0.180349	  0.477829  
	1362	  5	  1135	  1226	  4.950726	  -2.082918	  0.215458  
	1363	  5	  1549	  1868	  4.757851	  -0.405040	  0.633200  
	1367	  5	  1140	  1228	  5.055375	  0.727623	  0.268975  
	1368	  5	  1141	  1119	  5.304625	  1.617319	  0.173471  
	1370	  5	  1143	  154	  4.171126	  -0.708685	  0.405240  
	1371	  5	  1144	  1231	  4.285945	  -0.482544	  0.543729  
	1372	  5	  871	  1232	  5.335473	  -0.331247	  0.544672  
	1374	  5	  1147	  50	  8.293991	  -6.452994	  0.642714  
	1380	  5	  1153	  1236	  4.394312	  -0.134150	  0.401045  
	1383	  5	  1156	  1238	  7.469559	  6.905318	  0.386784  
	1389	  5	  1069	  1231	  3.787625	  -0.283551	  0.379205  
	1390	  5	  1669	  1197	  5.375061	  0.449915	  0.650642  
	1392	  5	  1165	  1243	  4.925672	  -1.137438	  0.046048  
	1393	  5	  1166	  1439	  3.896832	  -0.058850	  0.615753  
	1400	  5	  1173	  170	  4.440197	  -0.315671	  0.399466  
	1409	  5	  1182	  1258	  8.470901	  -2.605836	  0.664788  
	1410	  5	  1183	  1259	  5.168883	  -0.252682	  0.429971  
	1414	  5	  871	  1261	  5.415102	  0.331247	  0.544672  
	1415	  5	  1188	  1262	  4.243576	  0.174912	  0.651491  
	1416	  5	  1189	  531	  9.115853	  4.894052	  0.621935  
	1419	  5	  1868	  1480	  5.668833	  0.464135	  0.775468  
	1421	  5	  1193	  1267	  9.077171	  -2.239501	  0.857170  
	1425	  5	  1197	  1056	  5.630689	  0.449915	  0.650642  
	1431	  5	  1203	  1275	  4.760590	  -0.300649	  0.577160  
	1448	  5	  1056	  1835	  7.539371	  1.109909	  0.650199  
	1451	  5	  408	  143	  5.611620	  -0.308833	  0.554492  
	1455	  5	  1208	  1296	  5.766006	  0.987780	  0.484515  
	1456	  5	  1017	  1753	  3.080924	  -0.131499	  0.231644  
	1457	  5	  1210	  1298	  5.763315	  -2.337493	  0.362941  
	1458	  5	  1910	  1299	  5.120556	  0.242863	  0.604521  
	1459	  5	  1212	  1300	  8.907758	  -3.464006	  0.585711  
	1461	  5	  1214	  1302	  4.617530	  -1.617319	  0.173471  
	1463	  5	  1217	  1303	  5.694564	  -0.464135	  0.775468  
	1464	  5	  1218	  1304	  4.827309	  1.137438	  0.046048  
	1466	  5	  1220	  1305	  4.723759	  0.278321	  0.624558  
	1467	  5	  1221	  1306	  6.388010	  2.248274	  0.460187  
	1468	  5	  1222	  1307	  4.757679	  0.180349	  0.477829  
	1469	  5	  696	  1308	  3.536396	  -0.092837	  0.473880  
	1472	  5	  1137	  121	  5.712341	  -1.017728	  0.851586  
	1473	  5	  1228	  1310	  5.142451	  0.727623	  0.268975  
	1477	  5	  1232	  454	  4.906709	  -0.331247	  0.544672  
	1480	  5	  1150	  1315	  4.616307	  -0.106836	  0.664527  
	1481	  5	  1236	  1864	  4.328318	  -0.134150	  0.401045  
	1483	  5	  1238	  1317	  7.453779	  6.905318	  0.386784  
	1486	  5	  1231	  697	  4.825504	  -0.766095	  0.482835  
	1488	  5	  1243	  1322	  4.926833	  -1.137438	  0.046048  
	1504	  5	  1259	  1334	  5.250655	  -0.252682	  0.429971  
	1505	  5	  1260	  1335	  5.743993	  -0.466992	  0.875851  
	1506	  5	  1261	  1336	  5.444412	  0.331247	  0.544672  
	1507	  5	  1262	  1337	  4.259379	  0.174912	  0.651491  
	1511	  5	  1267	  1341	  8.955788	  -2.239501	  0.857170  
	1515	  5	  611	  1344	  3.483210	  0.147780	  0.188476  
	1518	  5	  1274	  1347	  8.670264	  1.753689	  0.776017  
	1519	  5	  1275	  1348	  4.706117	  -0.300649	  0.577160  
	1524	  5	  1281	  752	  5.516109	  0.202198	  0.740363  
	1534	  5	  1088	  1438	  4.281278	  -0.226968	  0.745429  
	1537	  5	  408	  696	  5.171331	  -0.251985	  0.535005  
	1540	  5	  337	  1468	  6.217102	  0.551656	  0.446770  
	1541	  5	  350	  1844	  4.446804	  -0.064991	  0.592829  
	1562	  5	  1296	  1384	  5.766731	  0.987780	  0.484515  
	1563	  5	  1753	  1385	  5.616700	  -0.844648	  0.631502  
	1564	  5	  1298	  1386	  5.681328	  -2.337493	  0.362941  
	1565	  5	  1299	  1387	  5.158667	  0.242863	  0.604521  
	1566	  5	  1300	  1388	  8.981092	  -3.464006	  0.585711  
	1568	  5	  1302	  81	  4.415462	  -1.617319	  0.173471  
	1569	  5	  1303	  1390	  5.650986	  -0.464135	  0.775468  
	1570	  5	  1304	  1317	  4.701507	  1.137438	  0.046048  
	1571	  5	  1305	  1392	  4.682662	  0.278321	  0.624558  
	1572	  5	  1306	  1393	  6.425476	  2.248274	  0.460187  
	1576	  5	  1310	  1397	  5.207978	  0.727623	  0.268975  
	1581	  5	  1315	  1401	  4.590665	  -0.106836	  0.664527  
	1582	  5	  1864	  1490	  4.183086	  -0.134150	  0.401045  
	1588	  5	  1322	  1407	  4.922710	  -1.137438	  0.046048  
	1599	  5	  1334	  1415	  5.326758	  -0.252682	  0.429971  
	1600	  5	  1335	  1416	  5.758191	  -0.466992	  0.875851  
	1601	  5	  1336	  1417	  5.448514	  0.331247	  0.544672  
	1606	  5	  1341	  1505	  8.686846	  -2.239501	  0.857170  
	1609	  5	  1344	  1424	  3.654808	  0.147780	  0.188476  
	1612	  5	  1347	  1427	  8.624716	  1.753689	  0.776017  
	1613	  5	  1348	  1428	  4.620234	  -0.300649	  0.577160  
	1640	  5	  1381	  656	  4.090365	  0.099933	  0.364576  
	1651	  5	  748	  1457	  5.311939	  -0.641825	  0.617870  
	1656	  5	  994	  549	  3.677507	  -0.243476	  0.473203  
	1664	  5	  1056	  1466	  4.774365	  -0.263118	  0.750372  
	1673	  5	  1384	  1474	  5.762098	  0.987780	  0.484515  
	1674	  5	  1385	  1475	  5.398074	  -0.844648	  0.631502  
	1676	  5	  1387	  1477	  5.179473	  0.242863	  0.604521  
	1677	  5	  1388	  1478	  9.048365	  -3.464006	  0.585711  
	1679	  5	  1390	  1480	  5.596141	  -0.464135	  0.775468  
	1682	  5	  1393	  1561	  6.474902	  2.248274	  0.460187  
	1686	  5	  1397	  1486	  5.256679	  0.727623	  0.268975  
	1690	  5	  1401	  1489	  4.547586	  -0.106836	  0.664527  
	1695	  5	  1407	  1493	  4.915397	  -1.137438	  0.046048  
	1704	  5	  1415	  1640	  5.459458	  -0.252682	  0.429971  
	1705	  5	  1416	  1500	  5.761608	  -0.466992	  0.875851  
	1706	  5	  1417	  1501	  5.439753	  0.331247	  0.544672  
	1707	  5	  1337	  198	  4.251023	  0.174912	  0.651491  
	1709	  5	  1434	  1504	  4.927563	  0.129092	  0.768724  
	1713	  5	  1424	  1579	  3.743199	  0.147780	  0.188476  
	1716	  5	  1427	  1896	  8.550190	  1.753689	  0.776017  
	1717	  5	  1428	  1511	  4.513047	  -0.300649	  0.577160  
	1718	  5	  1429	  1584	  4.597109	  0.371339	  0.502789  
	1722	  5	  1434	  1516	  5.017584	  -0.129092	  0.768724  
	1723	  5	  1584	  1517	  5.818870	  0.471272	  0.473481  
	1725	  5	  1437	  1278	  3.114678	  -0.052784	  0.292664  
	1727	  5	  1439	  271	  5.016440	  0.143348	  0.791520  
	1735	  5	  1150	  1524	  4.476507	  0.106836	  0.664527  
	1736	  5	  1448	  1525	  7.670126	  1.864408	  0.533191  
	1744	  5	  1457	  1533	  5.319327	  -0.641825	  0.617870  
	1745	  5	  1458	  1056	  4.499209	  0.268898	  0.658352  
	1751	  5	  1242	  1536	  4.856638	  0.064991	  0.592829  
	1753	  5	  1466	  1538	  4.771470	  -0.263118	  0.750372  
	1755	  5	  1468	  1539	  4.249017	  -0.205828	  0.453708  
	1769	  5	  454	  1181	  4.294672	  0.349709	  0.784303  
	1772	  5	  1355	  1611	  5.412750	  0.599114	  0.787965  
	1779	  5	  1474	  1557	  5.755002	  0.987780	  0.484515  
	1780	  5	  1475	  1558	  5.217859	  -0.844648	  0.631502  
	1782	  5	  1477	  1559	  5.187720	  0.242863	  0.604521  
	1783	  5	  1478	  1560	  9.113766	  -3.464006	  0.585711  
	1788	  5	  1307	  611	  4.528922	  0.180349	  0.477829  
	1790	  5	  1308	  454	  3.231610	  -0.092837	  0.473880  
	1792	  5	  1486	  1564	  5.291313	  0.727623	  0.268975  
	1795	  5	  1489	  1566	  4.472371	  -0.106836	  0.664527  
	1796	  5	  1490	  1753	  3.908322	  -0.134150	  0.401045  
	1798	  5	  1493	  1568	  4.904270	  -1.137438	  0.046048  
	1804	  5	  1500	  1573	  5.750818	  -0.466992	  0.875851  
	1805	  5	  1501	  1574	  5.423573	  0.331247	  0.544672  
	1808	  5	  1504	  1576	  4.886726	  0.129092	  0.768724  
	1814	  5	  1896	  1582	  10.056005	  4.441893	  0.696152  
	1817	  5	  1514	  1585	  6.516695	  0.550622	  0.644239  
	1820	  5	  1516	  1587	  5.015605	  -0.129092	  0.768724  
	1821	  5	  1517	  1588	  5.765604	  0.471272	  0.473481  
	1828	  5	  1524	  1514	  4.460982	  0.106836	  0.664527  
	1829	  5	  1525	  1592	  7.643164	  1.864408	  0.533191  
	1834	  5	  1530	  1597	  4.584818	  -0.217685	  0.681823  
	1837	  5	  1533	  1599	  5.317276	  -0.641825	  0.617870  
	1840	  5	  1536	  1725	  4.902404	  0.064991	  0.592829  
	1842	  5	  1538	  1589	  4.755711	  -0.263118	  0.750372  
	1843	  5	  1539	  1603	  4.234825	  -0.205828	  0.453708  
	1852	  5	  1549	  1669	  5.339779	  0.449915	  0.650642  
	1862	  5	  1070	  1640	  4.511950	  0.134150	  0.401045  
	1867	  5	  696	  1678	  4.346410	  -0.246648	  0.434669  
	1876	  5	  1557	  1630	  5.742553	  0.987780	  0.484515  
	1879	  5	  1560	  1631	  9.177501	  -3.464006	  0.585711  
	1880	  5	  1561	  1632	  6.514749	  2.248274	  0.460187  
	1882	  5	  1564	  204	  5.313262	  0.727623	  0.268975  
	1884	  5	  1566	  1635	  4.352906	  -0.106836	  0.664527  
	1885	  5	  1753	  1088	  4.953554	  0.578999	  0.775710  
	1886	  5	  1568	  1637	  4.891294	  -1.137438	  0.046048  
	1891	  5	  1573	  1702	  5.691419	  -0.466992	  0.875851  
	1892	  5	  1574	  1642	  5.394793	  0.331247	  0.544672  
	1894	  5	  1576	  696	  4.839545	  0.129092	  0.768724  
	1897	  5	  1579	  1514	  3.788713	  0.147780	  0.188476  
	1898	  5	  1511	  1094	  3.758690	  -0.300649	  0.577160  
	1900	  5	  1582	  1646	  9.981537	  4.441893	  0.696152  
	1903	  5	  1585	  1648	  6.464479	  0.550622	  0.644239  
	1904	  5	  1587	  1649	  4.986266	  -0.129092	  0.768724  
	1905	  5	  1588	  1650	  5.726618	  0.471272	  0.473481  
	1906	  5	  1845	  1651	  4.778613	  0.165485	  0.349171  
	1908	  5	  1592	  1653	  7.609827	  1.864408	  0.533191  
	1913	  5	  1597	  1657	  4.505607	  -0.217685	  0.681823  
	1915	  5	  1599	  899	  5.299601	  -0.641825	  0.617870  
	1919	  5	  1603	  1549	  4.202199	  -0.205828	  0.453708  
	1924	  5	  1607	  1922	  6.499562	  0.833246	  0.658040  
	1928	  5	  1611	  1670	  5.135866	  0.487426	  0.836286  
	1932	  5	  1615	  1724	  5.582381	  -0.713093	  0.817164  
	1956	  5	  1278	  1654	  5.658323	  0.194082	  0.709823  
	1963	  5	  1630	  1698	  5.722021	  0.987780	  0.484515  
	1964	  5	  1631	  1699	  9.238367	  -3.464006	  0.585711  
	1965	  5	  1632	  1700	  6.535021	  2.248274	  0.460187  
	1968	  5	  1635	  1702	  4.176672	  -0.106836	  0.664527  
	1970	  5	  1637	  1703	  4.875090	  -1.137438	  0.046048  
	1973	  5	  1640	  1704	  3.442531	  -0.039486	  0.306486  
	1974	  5	  1702	  1815	  6.754130	  -0.573827	  0.836506  
	1979	  5	  1646	  1709	  9.913225	  4.441893	  0.696152  
	1981	  5	  1648	  1710	  6.403363	  0.550622	  0.644239  
	1982	  5	  1649	  632	  4.915582	  -0.129092	  0.768724  
	1983	  5	  1650	  1711	  5.682901	  0.471272	  0.473481  
	1984	  5	  1651	  143	  4.725843	  0.165485	  0.349171  
	1986	  5	  1653	  1713	  7.569405	  1.864408	  0.533191  
	1987	  5	  1654	  642	  5.853982	  0.194082	  0.709823  
	1990	  5	  1657	  516	  4.336248	  -0.217685	  0.681823  
	1994	  5	  1725	  1810	  4.898986	  0.064991	  0.592829  
	1995	  5	  1662	  1719	  5.102286	  0.165485	  0.349171  
	1999	  5	  1922	  1722	  7.829873	  1.294642	  0.685161  
	2002	  5	  1670	  1723	  5.266076	  0.487426	  0.836286  
	2006	  5	  1640	  1726	  3.756722	  -0.079046	  0.540746  
	2010	  5	  1678	  1730	  4.321808	  -0.246648	  0.434669  
	2017	  5	  1153	  1070	  4.301924	  0.134150	  0.401045  
	2021	  5	  1689	  935	  4.154230	  -0.268898	  0.658352  
	2025	  5	  1611	  1739	  3.336011	  0.111687	  0.577078  
	2036	  5	  1278	  1281	  5.444304	  0.202198	  0.740363  
	2045	  5	  1698	  750	  5.695853	  0.987780	  0.484515  
	2046	  5	  1699	  1757	  9.293624	  -3.464006	  0.585711  
	2047	  5	  1700	  1758	  6.549883	  2.248274	  0.460187  
	2050	  5	  1703	  1760	  4.854612	  -1.137438	  0.046048  
	2051	  5	  1704	  1761	  3.441972	  -0.039486	  0.306486  
	2052	  5	  1815	  1803	  7.085196	  -0.652874	  0.800697  
	2053	  5	  1833	  1437	  3.724822	  -0.052784	  0.292664  
	2055	  5	  1709	  1764	  9.835076	  4.441893	  0.696152  
	2057	  5	  1711	  1765	  5.632164	  0.471272	  0.473481  
	2059	  5	  1713	  1766	  7.525716	  1.864408	  0.533191  
	2060	  5	  642	  1808	  4.410079	  0.064991	  0.592829  
	2065	  5	  1719	  1771	  5.116800	  0.165485	  0.349171  
	2068	  5	  1722	  1774	  7.757180	  1.294642	  0.685161  
	2069	  5	  1723	  1775	  5.375359	  0.487426	  0.836286  
	2072	  5	  1726	  1776	  3.635845	  -0.079046	  0.540746  
	2075	  5	  1730	  1779	  4.270977	  -0.246648	  0.434669  
	2081	  5	  1737	  1782	  4.656786	  0.281187	  0.293728  
	2083	  5	  1739	  1783	  3.560429	  0.111687	  0.577078  
	2086	  5	  159	  1785	  4.559249	  0.536527	  0.434060  
	2087	  5	  334	  1820	  9.189996	  2.688205	  0.644051  
	2098	  5	  487	  1792	  4.184894	  0.099933	  0.364576  
	2109	  5	  1757	  1799	  9.344266	  -3.464006	  0.585711  
	2110	  5	  1758	  1800	  6.563681	  2.248274	  0.460187  
	2112	  5	  1760	  1801	  4.828649	  -1.137438	  0.046048  
	2113	  5	  1761	  1802	  3.424076	  -0.039486	  0.306486  
	2116	  5	  1764	  1805	  9.748594	  4.441893	  0.696152  
	2117	  5	  1765	  1806	  5.575282	  0.471272	  0.473481  
	2118	  5	  1766	  1807	  7.481857	  1.864408	  0.533191  
	2122	  5	  1771	  1811	  5.096731	  0.165485	  0.349171  
	2124	  5	  1774	  1813	  7.688589	  1.294642	  0.685161  
	2125	  5	  1775	  1814	  5.459655	  0.487426	  0.836286  
	2126	  5	  1776	  1815	  3.454044	  -0.079046	  0.540746  
	2127	  5	  1898	  1848	  3.890296	  -0.069129	  0.263652  
	2129	  5	  1779	  1850	  4.135819	  -0.246648	  0.434669  
	2131	  5	  1782	  1819	  4.680790	  0.281187	  0.293728  
	2132	  5	  1783	  1793	  3.695529	  0.111687	  0.577078  
	2134	  5	  1785	  334	  4.589067	  0.536527	  0.434060  
	2141	  5	  1792	  1823	  4.222022	  0.099933	  0.364576  
	2142	  5	  1793	  1824	  5.302698	  0.461396	  0.734141  
	2150	  5	  679	  1828	  4.894255	  -0.389869	  0.551003  
	2154	  5	  1823	  1584	  4.178517	  0.099933	  0.364576  
	2160	  5	  1799	  1835	  9.388433	  -3.464006	  0.585711  
	2161	  5	  1800	  1836	  6.568083	  2.248274	  0.460187  
	2162	  5	  1801	  1837	  4.796273	  -1.137438	  0.046048  
	2166	  5	  1805	  1840	  9.658907	  4.441893	  0.696152  
	2167	  5	  1806	  1841	  5.511963	  0.471272	  0.473481  
	2169	  5	  1808	  1843	  4.584540	  0.064991	  0.592829  
	2171	  5	  1810	  1844	  4.873507	  0.064991	  0.592829  
	2172	  5	  1811	  1845	  5.074032	  0.165485	  0.349171  
	2174	  5	  1813	  1846	  7.607591	  1.294642	  0.685161  
	2175	  5	  1814	  1199	  5.513460	  0.487426	  0.836286  
	2180	  5	  1819	  1851	  4.691572	  0.281187	  0.293728  
	2181	  5	  1820	  1852	  9.065746	  2.688205	  0.644051  
	2183	  5	  1791	  1854	  3.971933	  -0.130883	  0.318913  
	2185	  5	  1824	  1855	  5.331951	  0.461396	  0.734141  
	2187	  5	  1886	  1903	  4.923628	  -0.127978	  0.425562  
	2189	  5	  1828	  1859	  4.878963	  -0.389869	  0.551003  
	2198	  5	  1166	  1903	  3.940598	  0.058850	  0.615753  
	2200	  5	  1836	  1866	  6.568870	  2.248274	  0.460187  
	2201	  5	  1837	  1867	  4.755655	  -1.137438	  0.046048  
	2202	  5	  1803	  1868	  6.777489	  -0.652874	  0.800697  
	2204	  5	  1840	  36	  9.557085	  4.441893	  0.696152  
	2205	  5	  1841	  31	  5.393093	  0.471272	  0.473481  
	2207	  5	  1843	  1242	  4.634887	  0.064991	  0.592829  
	2210	  5	  1846	  1873	  7.514368	  1.294642	  0.685161  
	2213	  5	  1850	  1876	  3.904799	  -0.246648	  0.434669  
	2214	  5	  1851	  1877	  4.686625	  0.281187	  0.293728  
	2215	  5	  1852	  1878	  8.982809	  2.688205	  0.644051  
	2218	  5	  1855	  1879	  5.352207	  0.461396	  0.734141  
	2222	  5	  1859	  1881	  4.849095	  -0.389869	  0.551003  
	2231	  5	  1911	  337	  5.747636	  0.551656	  0.446770  
	2232	  5	  1866	  1889	  6.565905	  2.248274	  0.460187  
	2233	  5	  1867	  1890	  4.707098	  -1.137438	  0.046048  
	2239	  5	  1873	  1893	  7.403059	  1.294642	  0.685161  
	2241	  5	  1848	  1894	  3.815573	  -0.069129	  0.263652  
	2242	  5	  1876	  547	  3.583449	  -0.246648	  0.434669  
	2243	  5	  1877	  1911	  4.666723	  0.281187	  0.293728  
	2244	  5	  1878	  1896	  8.890463	  2.688205	  0.644051  
	2245	  5	  1879	  1897	  5.360759	  0.461396	  0.734141  
	2246	  5	  1903	  1898	  3.674518	  -0.069129	  0.263652  
	2247	  5	  1881	  1899	  4.793848	  -0.389869	  0.551003  
	2252	  5	  1886	  1904	  4.973494	  0.127978	  0.425562  
	2255	  5	  1889	  1907	  6.557713	  2.248274	  0.460187  
	2256	  5	  1890	  1908	  4.649240	  -1.137438	  0.046048  
	2259	  5	  1893	  1909	  7.273255	  1.294642	  0.685161  
	2260	  5	  1894	  1910	  3.633809	  -0.069129	  0.263652  
	2263	  5	  1897	  1913	  5.358844	  0.461396	  0.734141  
	2265	  5	  1899	  549	  4.679109	  -0.389869	  0.551003  
	2270	  5	  1904	  1917	  4.947570	  0.127978	  0.425562  
	2273	  5	  1907	  1920	  6.542731	  2.248274	  0.460187  
	2274	  5	  1908	  1921	  4.580697	  -1.137438	  0.046048  
	2275	  5	  1909	  198	  7.149038	  1.294642	  0.685161  
	2279	  5	  1913	  1922	  5.348303	  0.461396	  0.734141  
	2283	  5	  1917	  1925	  4.915794	  0.127978	  0.425562  
	2286	  5	  1911	  1833	  3.621364	  -0.052784	  0.292664  
	2287	  5	  1920	  1928	  6.522175	  2.248274	  0.460187  
	2288	  5	  1921	  1929	  4.495198	  -1.137438	  0.046048  
	2294	  5	  1928	  1931	  6.495271	  2.248274	  0.460187  
	2295	  5	  1929	  1932	  4.388779	  -1.137438	  0.046048  
	2296	  5	  1931	  1933	  6.462183	  2.248274	  0.460187  
	2297	  5	  1932	  1934	  4.257800	  -1.137438	  0.046048  
	2300	  5	  1934	  392	  4.113179	  -1.137438	  0.046048  
 650       total number of nodes
  name    x       y       z
	1	  25.000000	  77.900002	  500.000000  
	2	  55.000000	  95.199997	  500.000000  
	3	  65.094490	  103.071159	  476.313080  
	6	  90.111710	  109.288391	  356.007538  
	7	  91.932587	  105.767143	  301.996307  
	13	  161.104782	  155.987503	  484.764740  
	14	  275.000000	  222.100006	  500.000000  
	15	  245.000000	  204.800003	  500.000000  
	16	  221.713364	  188.831375	  476.722076  
	17	  213.089798	  179.682632	  455.704956  
	19	  215.027176	  184.644897	  348.319458  
	30	  75.524887	  99.453957	  392.886780  
	31	  209.254486	  197.150024	  198.216583  
	34	  76.121468	  128.858307	  115.566414  
	35	  76.575905	  123.360451	  58.199760  
	36	  221.860870	  186.703445	  323.625977  
	41	  203.117020	  210.766159	  207.320480  
	49	  229.736557	  179.072327	  262.044281  
	50	  88.006447	  112.421028	  325.638062  
	51	  88.730057	  106.737312	  370.563690  
	55	  195.962158	  222.642441	  216.631363  
	58	  56.307598	  104.107010	  437.145782  
	59	  116.722855	  103.241432	  204.326599  
	63	  241.367416	  176.028366	  259.442169  
	65	  101.503799	  109.574524	  369.148987  
	71	  188.546143	  233.317703	  225.001770  
	74	  40.210648	  102.038269	  430.687012  
	76	  60.656445	  150.773209	  123.350395  
	78	  261.659821	  184.238327	  297.504791  
	79	  258.848419	  169.786102	  253.471802  
	81	  115.237289	  113.311256	  364.981934  
	85	  228.835205	  198.150818	  286.882355  
	86	  247.908112	  183.767654	  306.952026  
	89	  109.153877	  92.519920	  213.848251  
	95	  137.938599	  168.468292	  17.199282  
	98	  49.175365	  162.013535	  129.963287  
	101	  272.530304	  164.166580	  246.933777  
	103	  136.841309	  110.173119	  375.216949  
	106	  222.395462	  217.595337	  365.634583  
	117	  59.876354	  74.891670	  390.809875  
	119	  68.256989	  103.606720	  421.409088  
	121	  175.972900	  255.407410	  247.584869  
	124	  272.102112	  98.614754	  417.291962  
	125	  162.547073	  129.391998	  200.637436  
	129	  25.348175	  159.014572	  239.159058  
	131	  148.592392	  110.165634	  379.527344  
	143	  212.892273	  159.164047	  80.449112  
	145	  176.411102	  281.367493	  394.539429  
	148	  216.131622	  176.856354	  336.809875  
	154	  163.879288	  253.230209	  254.882874  
	158	  174.960251	  134.687149	  202.358566  
	159	  33.528625	  173.380341	  142.228027  
	161	  27.545740	  189.968842	  267.842102  
	164	  162.307312	  112.241234	  383.789459  
	170	  118.281502	  23.992979	  135.326050  
	175	  187.691696	  146.867050	  468.017822  
	178	  170.169128	  270.078949	  395.099121  
	182	  36.173271	  93.202797	  337.059570  
	186	  230.355988	  189.013580	  350.662933  
	194	  77.066994	  120.145645	  135.237106  
	195	  209.542755	  179.064407	  423.594666  
	198	  219.451553	  182.322021	  287.178741  
	204	  194.434769	  141.847534	  203.458817  
	210	  176.198273	  116.431656	  388.140167  
	212	  79.492729	  43.133564	  378.507751  
	220	  174.767975	  140.143921	  471.292023  
	221	  226.882446	  144.055542	  37.307056  
	223	  164.759567	  256.992462	  393.562103  
	227	  31.581705	  92.489304	  349.566742  
	230	  235.164886	  192.575928	  364.677032  
	237	  214.765244	  170.062637	  422.889252  
	243	  273.330933	  185.892410	  286.739471  
	247	  25.679857	  92.166504	  322.556641  
	248	  52.847580	  116.558052	  178.206467  
	251	  204.814697	  185.751495	  290.251099  
	259	  66.619637	  182.380920	  256.520447  
	260	  65.797783	  144.144577	  212.597534  
	262	  189.805984	  122.312721	  393.491241  
	263	  70.821808	  54.233425	  381.652618  
	267	  147.908142	  39.935043	  244.335587  
	269	  45.876961	  127.090401	  204.370743  
	270	  163.113480	  130.524338	  473.655182  
	271	  230.108536	  135.650909	  17.938641  
	273	  161.294769	  244.657990	  389.981018  
	277	  24.371246	  92.255905	  362.486938  
	280	  239.609818	  198.269608	  377.304077  
	285	  101.478371	  89.203377	  261.507843  
	296	  208.971481	  145.412064	  332.087891  
	298	  203.482697	  180.236893	  379.357330  
	306	  77.259178	  137.409103	  202.795273  
	308	  203.216354	  128.377930	  400.946594  
	309	  64.416847	  64.547493	  385.914734  
	313	  155.154724	  29.630693	  256.494415  
	316	  152.868622	  119.011703	  474.925323  
	319	  159.844452	  234.011429	  384.976807  
	323	  277.291321	  91.825584	  375.448792  
	326	  243.599335	  205.698929	  388.103119  
	332	  228.713974	  137.138245	  421.383514  
	334	  273.796143	  173.413834	  167.719681  
	337	  115.033569	  220.949875	  90.392311  
	338	  264.340179	  95.407585	  310.676697  
	341	  174.542175	  201.073975	  294.631714  
	342	  192.597260	  165.830002	  378.044983  
	347	  229.697754	  247.496857	  375.531097  
	350	  148.946808	  171.030914	  20.404921  
	354	  75.383369	  115.872856	  46.625443  
	358	  70.810143	  137.505600	  118.372673  
	361	  99.721527	  189.397690	  240.444885  
	362	  76.829041	  128.636871	  191.791946  
	364	  216.262497	  133.665588	  410.527008  
	365	  60.032089	  247.563339	  256.400146  
	370	  143.717377	  105.664314	  475.601013  
	377	  273.365021	  92.884842	  387.232269  
	380	  247.081635	  214.082550	  396.594849  
	392	  246.199463	  101.018318	  308.365204  
	396	  181.548538	  154.147415	  376.459839  
	399	  111.891998	  26.077188	  377.664856  
	404	  222.002609	  109.598381	  431.214386  
	408	  198.743011	  197.753494	  121.559486  
	409	  143.807510	  20.993584	  269.621063  
	417	  110.729713	  195.190277	  236.298203  
	418	  75.567070	  120.754517	  183.751877  
	419	  121.671623	  201.902863	  319.783112  
	425	  136.031555	  91.226532	  476.240509  
	428	  161.383194	  201.095505	  363.604279  
	436	  277.993042	  157.069839	  251.351273  
	440	  236.343643	  109.430595	  432.471924  
	441	  39.524384	  168.398666	  185.851410  
	449	  169.025391	  143.469193	  374.337097  
	451	  155.343536	  279.698730	  264.230804  
	452	  121.100159	  31.641251	  379.646210  
	454	  104.668068	  53.537407	  130.227356  
	456	  208.780151	  114.464417	  436.943085  
	458	  76.794449	  133.691772	  69.430573  
	461	  241.763397	  133.382446	  420.843323  
	463	  241.003693	  215.389053	  283.898438  
	466	  216.883713	  208.934570	  189.464874  
	468	  181.921066	  182.837524	  289.808105  
	471	  250.044800	  222.479736	  402.650391  
	479	  118.119797	  195.004791	  329.708557  
	480	  94.288185	  244.201416	  263.608582  
	483	  156.973190	  235.129883	  260.288513  
	485	  128.124344	  77.250633	  477.300140  
	487	  116.277176	  81.024315	  20.759808  
	488	  153.692703	  195.054672	  355.995789  
	494	  29.000467	  156.681030	  259.120850  
	498	  240.918625	  94.659851	  436.328308  
	507	  156.456635	  135.014297	  372.421661  
	508	  160.562347	  150.932800	  322.171204  
	509	  146.667328	  288.358612	  271.563049  
	511	  137.043579	  211.147781	  231.115082  
	514	  194.349106	  120.399826	  442.397888  
	516	  69.892479	  150.877914	  70.002129  
	519	  255.022507	  127.622002	  419.093140  
	522	  126.845093	  29.345943	  277.178619  
	529	  254.417465	  236.028534	  409.547302  
	531	  72.697220	  107.575119	  172.602997  
	541	  90.136642	  181.571320	  261.351196  
	547	  128.188156	  59.580944	  211.833191  
	548	  275.284271	  93.073227	  314.921844  
	549	  216.939758	  251.411011	  180.602936  
	551	  194.835983	  196.473526	  135.699127  
	552	  134.784943	  16.423504	  278.926300  
	555	  105.750916	  215.201279	  228.025543  
	558	  148.741913	  207.508835	  226.325195  
	559	  114.076942	  184.595825	  339.929657  
	560	  100.996094	  241.871155	  270.750427  
	565	  119.293983	  64.700615	  477.577789  
	568	  148.503952	  186.975693	  345.733490  
	573	  40.164192	  153.703720	  268.936981  
	577	  246.530273	  79.655617	  438.405945  
	581	  202.757660	  125.426865	  289.621063  
	583	  148.715683	  73.062447	  320.418549  
	585	  156.441345	  136.532990	  326.452087  
	586	  265.685791	  72.767342	  278.490936  
	587	  141.645645	  52.735752	  384.977448  
	589	  180.705429	  124.649940	  446.372559  
	591	  47.978050	  159.183136	  78.597595  
	594	  268.187897	  119.893135	  415.764832  
	597	  121.331268	  41.114128	  274.945496  
	601	  155.544235	  168.610306	  273.351654  
	602	  229.694351	  89.859421	  213.321716  
	606	  58.445488	  94.510818	  174.411331  
	608	  54.422501	  171.647339	  188.979324  
	611	  30.937380	  130.657272	  170.314346  
	614	  207.231613	  218.890274	  135.690613  
	615	  98.384819	  184.454819	  269.879974  
	616	  50.627010	  135.046478	  222.837921  
	620	  250.401917	  152.991241	  237.305099  
	621	  144.181778	  55.928150	  210.436600  
	623	  175.090500	  191.596710	  307.112915  
	625	  146.471649	  16.273108	  285.251862  
	628	  221.916351	  155.788544	  65.814705  
	632	  159.438797	  271.958527	  6.418329  
	634	  87.921211	  142.867508	  210.627655  
	639	  228.228775	  116.858727	  307.005493  
	642	  153.999054	  282.951172	  -0.214384  
	645	  224.880264	  148.554260	  224.587219  
	650	  110.906418	  172.304550	  349.170563  
	655	  109.335411	  53.191334	  477.023071  
	656	  102.510445	  81.841080	  15.403004  
	657	  146.231903	  178.229401	  333.360504  
	661	  50.906845	  148.219879	  279.163727  
	665	  253.561935	  65.290749	  439.024811  
	666	  89.083008	  180.246231	  202.802979  
	669	  195.343704	  126.118958	  277.774811  
	670	  137.038956	  74.362885	  320.911011  
	672	  152.601440	  122.778427	  332.202881  
	673	  253.607803	  81.921646	  284.025726  
	674	  146.794922	  60.122555	  392.669830  
	679	  156.206512	  219.667664	  133.274017  
	680	  20.330416	  110.836533	  411.076874  
	683	  115.414970	  53.592205	  271.014099  
	685	  145.052887	  166.068298	  264.171234  
	686	  230.051773	  102.521019	  205.912796  
	687	  200.494736	  184.562210	  393.658691  
	688	  134.080734	  40.303200	  420.091644  
	689	  47.010361	  84.793892	  175.896744  
	696	  210.546524	  218.012375	  124.314682  
	697	  107.903641	  191.179382	  284.795349  
	698	  54.525898	  140.941574	  230.651962  
	699	  93.237312	  65.420685	  260.855896  
	701	  239.160797	  150.816467	  234.668137  
	706	  159.937256	  15.467569	  290.488800  
	713	  100.674049	  148.464020	  219.862701  
	727	  189.617020	  261.870667	  250.944687  
	731	  208.781036	  239.425201	  133.459702  
	732	  223.989639	  163.736954	  233.264725  
	737	  109.119644	  159.054794	  357.506561  
	742	  97.821915	  42.195004	  475.445770  
	744	  146.493866	  170.240936	  319.661804  
	747	  61.646370	  140.671158	  288.946350  
	748	  202.703827	  64.654694	  206.463409  
	750	  132.907562	  275.956390	  438.467438  
	752	  277.056213	  102.067696	  -0.176202  
	754	  186.741486	  128.991501	  265.663513  
	755	  123.402527	  72.367973	  321.768433  
	756	  149.340805	  109.129951	  339.550262  
	757	  240.498749	  90.561310	  288.202148  
	758	  150.049332	  69.950256	  400.186646  
	759	  158.892868	  150.269913	  457.533295  
	766	  109.566315	  61.233540	  267.698334  
	768	  134.412552	  162.564911	  252.699524  
	769	  227.312317	  114.764572	  201.095459  
	770	  138.031143	  55.537090	  424.265167  
	771	  35.505283	  74.367035	  176.347275  
	773	  262.251068	  208.240509	  244.828323  
	778	  187.612534	  200.244690	  117.869789  
	780	  61.068710	  150.606216	  238.563583  
	783	  227.327789	  148.681381	  234.747360  
	784	  175.110046	  47.709080	  203.272476  
	787	  44.232254	  238.095688	  294.251068  
	790	  247.014359	  142.755173	  86.048004  
	794	  120.931175	  187.012543	  302.002350  
	798	  240.267792	  153.247498	  117.508522  
	802	  157.461349	  225.412018	  49.664085  
	812	  243.372009	  145.576248	  186.255539  
	814	  212.414246	  127.088425	  307.748962  
	820	  107.557945	  261.901947	  229.869888  
	824	  107.700897	  144.846191	  364.499268  
	827	  215.274948	  257.024780	  472.608643  
	829	  148.609329	  163.611633	  304.916382  
	832	  73.300369	  133.299225	  297.967865  
	834	  197.854996	  204.835541	  158.303421  
	835	  128.386673	  256.797180	  443.627380  
	838	  177.508560	  134.050095	  254.103729  
	839	  109.981964	  67.358101	  323.473785  
	840	  146.905884	  95.750992	  348.352570  
	841	  227.548096	  99.734467	  290.784241  
	842	  150.929184	  82.284721	  407.532166  
	843	  155.944489	  161.112534	  460.369446  
	845	  265.012878	  160.733124	  94.273750  
	852	  221.306000	  127.990234	  197.932999  
	853	  143.590622	  70.621796	  428.098846  
	854	  153.888077	  287.951630	  175.286331  
	856	  250.008591	  215.474579	  239.304657  
	859	  183.315140	  198.680328	  99.139984  
	861	  69.225662	  162.669922	  245.068298  
	864	  215.645828	  147.286102	  237.207932  
	865	  189.069260	  41.536777	  200.500198  
	868	  58.560524	  233.958679	  296.186615  
	871	  42.629452	  71.142387	  76.985916  
	881	  152.492126	  230.099991	  63.535782  
	883	  211.302338	  259.172089	  130.852142  
	886	  252.946579	  152.015717	  183.830215  
	888	  206.189957	  133.924011	  316.942322  
	899	  87.184319	  244.142685	  255.470291  
	905	  160.525345	  68.051437	  319.842102  
	913	  223.207428	  177.017715	  238.358215  
	918	  104.627838	  130.467682	  371.609528  
	920	  203.893661	  246.061462	  468.882843  
	921	  48.245319	  91.993584	  22.942638  
	925	  85.153847	  127.475838	  307.864655  
	927	  126.478386	  241.472229	  446.893250  
	929	  165.750748	  142.678436	  241.010437  
	930	  97.517380	  60.207485	  326.548004  
	932	  216.304626	  109.595978	  292.626129  
	933	  149.115631	  95.746498	  413.937836  
	935	  84.275391	  51.271988	  128.862122  
	941	  149.115829	  85.410133	  433.269775  
	942	  143.091080	  276.552643	  172.198685  
	944	  236.986206	  221.908371	  233.948441  
	946	  177.917099	  195.966522	  83.427460  
	947	  77.960953	  179.088120	  252.884842  
	948	  191.949707	  247.812012	  250.565704  
	950	  204.008057	  146.837158	  241.485596  
	951	  201.259857	  32.841988	  198.394196  
	952	  152.949615	  236.420410	  272.066040  
	953	  72.395271	  228.208939	  295.900665  
	954	  27.450796	  166.667404	  87.943626  
	958	  112.992683	  155.303238	  312.938812  
	968	  266.173767	  158.933533	  183.172394  
	970	  198.223465	  143.808563	  327.231293  
	979	  93.838905	  231.603180	  261.219177  
	982	  169.302521	  60.856339	  319.138977  
	994	  226.359177	  230.598206	  174.668961  
	1010	  121.169182	  156.634094	  238.115128  
	1016	  100.012634	  116.570595	  379.113068  
	1017	  120.279823	  196.706284	  130.597443  
	1018	  193.384369	  234.440384	  466.453735  
	1019	  38.073677	  92.435333	  22.961010  
	1023	  95.678726	  123.076111	  318.681671  
	1025	  126.609123	  226.817932	  451.062653  
	1027	  158.411362	  149.487396	  233.383682  
	1028	  85.809761	  51.362556	  331.437256  
	1029	  144.896484	  70.366432	  365.371185  
	1030	  206.070724	  120.657906	  293.792786  
	1031	  144.983368	  109.282753	  419.026825  
	1032	  140.689453	  196.233597	  460.399017  
	1033	  76.375824	  73.507111	  131.000748  
	1038	  154.147491	  99.888397	  438.512054  
	1039	  133.849533	  266.004364	  166.999054  
	1040	  224.287781	  229.174637	  230.982513  
	1042	  170.383423	  190.878235	  65.815773  
	1043	  191.420105	  234.222977	  248.481064  
	1045	  82.222313	  245.126282	  196.456284  
	1047	  84.626434	  221.379913	  293.255707  
	1050	  107.289978	  142.238022	  316.772888  
	1056	  139.923157	  235.977234	  114.997467  
	1059	  20.719971	  164.134659	  183.915970  
	1061	  190.517319	  155.005295	  336.222351  
	1069	  97.637993	  222.808319	  267.547485  
	1070	  94.157692	  232.751160	  114.412659  
	1072	  178.191544	  48.596233	  317.901855  
	1082	  272.954865	  201.067841	  252.238770  
	1088	  151.590622	  166.558151	  130.199783  
	1094	  122.183403	  114.309280	  142.253769  
	1100	  96.055077	  37.017059	  189.677841  
	1106	  216.386444	  181.297241	  225.173218  
	1108	  95.822968	  80.406357	  172.178726  
	1114	  183.289154	  264.791992	  118.696556  
	1115	  94.210754	  103.565491	  387.370087  
	1117	  183.402039	  222.299438	  465.498474  
	1119	  157.384232	  149.295303	  256.127411  
	1122	  104.436554	  119.842522	  330.485962  
	1124	  129.766769	  214.253250	  454.855438  
	1125	  148.494064	  159.264343	  225.042114  
	1126	  205.251175	  266.369232	  338.013580  
	1127	  143.872696	  61.226093	  373.918823  
	1128	  196.460999	  133.206207	  293.976318  
	1129	  138.937119	  122.882484	  422.821381  
	1131	  70.363907	  88.916687	  132.854309  
	1135	  160.750488	  113.338768	  443.535919  
	1137	  213.713516	  235.179596	  231.604843  
	1140	  188.750244	  219.176300	  244.039383  
	1141	  171.422058	  149.023209	  254.664948  
	1143	  155.900848	  247.041397	  264.028259  
	1144	  94.182373	  214.336670	  288.723022  
	1147	  98.908905	  128.362701	  320.470093  
	1150	  202.051971	  71.988503	  143.240509  
	1153	  105.098999	  222.407196	  95.429695  
	1156	  183.838730	  167.181351	  343.976990  
	1165	  185.074585	  34.064880	  316.271118  
	1166	  230.243439	  135.416763	  -0.288400  
	1173	  241.335175	  239.377335	  150.364655  
	1181	  125.194733	  67.794266	  133.494476  
	1182	  123.748230	  114.363098	  181.586044  
	1183	  183.673477	  209.114838	  162.288055  
	1188	  221.073410	  174.090729	  234.437607  
	1189	  91.731483	  92.214470	  186.184052  
	1193	  129.384918	  223.440735	  239.635712  
	1197	  131.129974	  242.827438	  127.087204  
	1199	  203.046112	  90.355370	  157.526672  
	1203	  102.167847	  168.246338	  197.109741  
	1208	  86.926888	  91.155754	  395.123352  
	1210	  173.496811	  209.187607	  466.049103  
	1212	  153.831253	  147.854584	  242.610092  
	1214	  110.792152	  117.173180	  343.093048  
	1217	  139.630630	  170.302231	  216.965652  
	1218	  196.579849	  255.181183	  345.313446  
	1220	  187.656219	  146.397232	  292.670990  
	1221	  131.282562	  136.804169	  425.323029  
	1222	  62.635479	  102.926643	  136.147827  
	1226	  170.018875	  127.145027	  448.452484  
	1228	  186.996399	  204.499451	  238.210114  
	1231	  101.097656	  207.628174	  282.985657  
	1232	  87.104614	  60.049225	  107.704460  
	1236	  110.956123	  212.714615	  93.254265  
	1238	  178.911942	  179.804642	  351.291565  
	1242	  215.949356	  66.242271	  -0.191706  
	1243	  61.347195	  244.061676	  314.829407  
	1258	  125.127441	  112.503174	  191.650925  
	1259	  169.538345	  212.791885	  163.589951  
	1260	  210.375809	  198.532990	  210.965942  
	1261	  274.694397	  84.912926	  79.845184  
	1262	  225.562653	  169.635849	  245.926315  
	1267	  131.779953	  223.761749	  251.542908  
	1274	  84.878975	  205.720917	  231.274490  
	1275	  110.578339	  156.319672	  191.757950  
	1278	  49.224751	  92.644119	  5.607953  
	1281	  27.973825	  98.231094	  -0.283075  
	1296	  78.286598	  80.114838	  402.969452  
	1298	  163.603790	  196.370941	  465.787201  
	1299	  263.525177	  107.988838	  34.073059  
	1300	  151.763184	  148.544296	  228.109879  
	1302	  114.020592	  115.069077	  354.277405  
	1303	  132.180969	  180.890457	  208.706238  
	1304	  190.042099	  243.095596	  351.315521  
	1305	  179.946686	  159.699829	  289.858917  
	1306	  123.142632	  149.972488	  428.645660  
	1307	  52.213848	  115.678543	  143.115219  
	1308	  227.089966	  240.000320	  124.374557  
	1310	  186.911819	  189.938614	  231.805862  
	1315	  190.273575	  60.492142	  142.486481  
	1317	  175.576172	  191.939789	  359.647247  
	1322	  69.054062	  229.530685	  313.832245  
	1334	  154.033920	  215.971024	  162.615601  
	1335	  222.252365	  204.863617	  212.785080  
	1336	  264.811127	  92.868202	  84.544662  
	1337	  227.046661	  169.155411	  257.679199  
	1341	  131.920074	  222.144836	  264.586578  
	1344	  270.010010	  120.973862	  164.349609  
	1347	  72.712494	  207.348999	  239.514191  
	1348	  117.297691	  143.319901	  184.703751  
	1355	  129.444946	  118.656822	  130.201721  
	1363	  122.500595	  37.760666	  122.218071  
	1381	  61.350906	  95.268860	  22.849546  
	1384	  68.286613	  70.676521	  410.358948  
	1385	  120.554138	  138.857712	  151.928482  
	1386	  153.681076	  184.619949	  463.662750  
	1387	  255.336136	  114.376335	  46.025417  
	1388	  150.856934	  151.489670	  213.593842  
	1390	  124.631966	  191.878616	  202.656006  
	1392	  174.671875	  171.757843	  286.579132  
	1393	  115.809685	  163.155121	  433.352997  
	1397	  188.347244	  176.121262	  224.937714  
	1401	  182.197281	  50.458427	  145.275269  
	1407	  77.568535	  216.001144	  311.801666  
	1415	  138.195633	  218.681656	  159.297943  
	1416	  236.838242	  210.903687	  212.821121  
	1417	  253.419205	  106.085213	  93.382988  
	1424	  258.234406	  111.713303	  162.494263  
	1427	  61.275726	  208.333740	  243.911224  
	1428	  122.375229	  131.538254	  175.435913  
	1429	  120.946083	  86.914154	  88.973679  
	1434	  189.847733	  238.520905	  68.969200  
	1437	  63.681107	  119.030861	  -0.380477  
	1438	  131.116577	  156.957260	  116.132164  
	1439	  236.801498	  127.288055	  0.186444  
	1448	  221.249359	  63.492794	  237.093353  
	1457	  205.721527	  54.843655	  212.234283  
	1458	  161.221237	  252.780121	  114.772598  
	1466	  130.533585	  227.621216	  104.233315  
	1468	  125.897964	  221.235519	  123.859985  
	1474	  57.359760	  63.171902	  416.821136  
	1475	  119.745064	  127.610931	  158.817947  
	1477	  251.084610	  120.093071	  55.049995  
	1478	  150.455200	  156.600388	  199.529221  
	1480	  117.157257	  201.571457	  199.346359  
	1486	  190.854599	  163.068497	  217.243851  
	1489	  175.075638	  38.529564	  151.730667  
	1490	  123.707619	  173.648331	  115.215584  
	1493	  86.419907	  202.975082	  308.311310  
	1500	  251.691025	  215.759888	  210.520264  
	1501	  246.648163	  115.555679	  99.324142  
	1504	  199.731506	  226.714447	  93.490234  
	1505	  128.929642	  211.784683	  293.974365  
	1511	  123.859406	  124.876534	  167.061630  
	1514	  225.483749	  96.531036	  163.093155  
	1516	  184.911530	  243.790497	  57.474079  
	1517	  164.355103	  117.884605	  106.203484  
	1524	  212.624435	  81.765152	  148.549698  
	1525	  215.322739	  65.033409	  248.036545  
	1530	  96.568893	  192.472839	  59.958447  
	1533	  208.925629	  44.401352	  220.776611  
	1536	  207.038177	  72.482437	  -0.202454  
	1538	  124.741783	  218.820206	  99.435318  
	1539	  121.477814	  229.746521	  133.598892  
	1546	  248.837173	  153.001999	  100.234512  
	1549	  119.780632	  246.860977	  152.883667  
	1557	  175.382294	  282.456970	  422.503143  
	1558	  120.830254	  118.519295	  163.201279  
	1559	  248.010223	  128.536835	  66.984131  
	1560	  149.895203	  163.919800	  185.594147  
	1561	  103.343033	  191.452576	  444.784454  
	1564	  192.970200	  151.782135	  209.140411  
	1566	  169.971481	  27.093225	  160.954529  
	1568	  95.320251	  190.270706	  304.316559  
	1570	  260.403320	  177.820206	  158.036499  
	1573	  264.389465	  219.739105	  205.954575  
	1574	  239.568802	  128.100601	  106.264374  
	1576	  204.637787	  221.693054	  106.251579  
	1579	  241.491653	  101.851379	  161.723083  
	1582	  28.174301	  210.399216	  266.774475  
	1584	  133.912964	  88.819077	  77.392830  
	1585	  227.488693	  103.709427	  174.711777  
	1587	  178.781631	  249.765472	  44.068195  
	1588	  171.624283	  127.520683	  118.438919  
	1589	  121.236710	  205.914291	  98.489082  
	1592	  210.324936	  68.541718	  261.067810  
	1594	  54.259193	  149.389801	  220.985336  
	1597	  90.042351	  179.833618	  60.901115  
	1599	  211.409119	  36.367203	  229.680725  
	1603	  119.465950	  239.166107	  144.742340  
	1607	  196.886780	  81.273705	  199.885223  
	1611	  146.584061	  109.079643	  128.025375  
	1615	  171.821625	  204.223648	  129.773331  
	1630	  161.844391	  278.312256	  427.959534  
	1631	  148.633530	  173.278809	  171.906158  
	1632	  98.188347	  206.046295	  449.234894  
	1635	  166.656158	  16.844156	  172.387970  
	1637	  104.086243	  177.268372	  301.997253  
	1640	  90.055283	  226.206268	  141.652618  
	1642	  236.778076	  141.383209	  112.640678  
	1646	  20.561798	  210.399323	  277.719116  
	1648	  227.076691	  111.906929	  188.683929  
	1649	  167.233932	  261.413239	  20.324745  
	1650	  177.107452	  136.337311	  132.983749  
	1651	  203.633560	  147.615753	  74.304382  
	1653	  206.711548	  74.234573	  275.288635  
	1654	  160.573029	  292.014526	  -0.371407  
	1657	  82.653519	  168.715408	  63.234974  
	1662	  138.832932	  132.348206	  0.140095  
	1669	  123.417999	  246.542694	  142.392517  
	1670	  159.281906	  107.736412	  130.827866  
	1678	  225.527405	  234.794983	  138.509872  
	1689	  197.422455	  270.342987	  123.005539  
	1698	  146.910370	  276.073578	  433.451691  
	1699	  147.939331	  184.122269	  159.339706  
	1700	  94.037407	  221.145096	  452.480072  
	1702	  36.084930	  231.935410	  185.567596  
	1703	  113.163635	  163.757690	  301.380646  
	1704	  78.440086	  218.261383	  135.569061  
	1709	  268.887634	  209.530106	  288.120880  
	1710	  226.478653	  120.592659	  199.772705  
	1711	  182.013962	  143.685852	  145.698257  
	1713	  204.386307	  82.025368	  288.808441  
	1719	  151.460617	  133.331512	  8.229742  
	1722	  195.002014	  102.457771	  222.306580  
	1723	  171.712311	  103.897331	  135.821091  
	1724	  173.713394	  189.217438	  133.066650  
	1725	  174.196014	  109.336212	  -0.177492  
	1726	  74.336220	  229.018097	  158.076294  
	1730	  232.093979	  245.004776	  149.571060  
	1737	  169.109299	  33.374516	  79.661575  
	1739	  141.563370	  97.843727	  127.779289  
	1753	  127.257965	  159.478821	  136.460327  
	1755	  248.357544	  170.169800	  141.927750  
	1757	  147.158752	  196.192047	  148.369263  
	1758	  91.409447	  236.833115	  456.003815  
	1760	  122.238457	  150.271851	  302.532227  
	1761	  67.319450	  209.980911	  127.877975  
	1764	  255.621857	  207.347321	  296.958679  
	1765	  186.886276	  152.437347	  158.472931  
	1766	  203.046265	  91.858093	  300.726227  
	1771	  173.265305	  134.575638	  41.851982  
	1774	  196.675385	  111.689964	  233.623352  
	1775	  184.446716	  97.554970	  142.286957  
	1776	  65.051010	  228.518494	  169.858093  
	1779	  106.988396	  29.880966	  163.390259  
	1782	  178.237991	  31.263741	  74.643112  
	1783	  138.532837	  88.455215	  130.602295  
	1785	  21.762651	  178.273788	  155.094757  
	1791	  109.140144	  151.156815	  17.190420  
	1792	  126.575790	  82.567902	  31.582535  
	1793	  135.907364	  77.302376	  137.620468  
	1799	  146.226791	  208.830200	  139.490646  
	1800	  87.590668	  252.678345	  458.778900  
	1801	  131.095581	  137.072678	  305.371948  
	1802	  59.490124	  203.184067	  121.215340  
	1803	  68.633179	  227.559402	  194.715881  
	1805	  242.505508	  203.054840	  304.733154  
	1806	  191.477051	  161.943573	  169.689896  
	1807	  203.117554	  100.244919	  307.714691  
	1808	  240.155991	  58.563549	  -0.044570  
	1810	  163.419113	  131.203995	  -0.087238  
	1811	  183.042877	  135.201523	  54.799595  
	1813	  197.958939	  122.250061	  244.052567  
	1814	  195.553406	  92.358894	  150.282333  
	1815	  57.745678	  227.140625	  182.776108  
	1819	  191.539627	  26.464771	  69.491013  
	1820	  277.087585	  197.539063	  201.286667  
	1823	  132.416824	  84.772308	  46.452694  
	1824	  142.095535	  78.639633	  148.450455  
	1828	  167.254639	  232.743637	  142.768799  
	1833	  86.240936	  177.079727	  -0.195110  
	1835	  145.066727	  220.193939	  130.859222  
	1836	  214.819595	  43.371857	  462.130310  
	1837	  141.285126	  125.219948	  308.301239  
	1840	  231.877930	  196.733688	  312.662018  
	1841	  196.498383	  172.517807	  179.591766  
	1843	  229.298264	  60.747406	  -0.149806  
	1844	  159.849518	  142.049408	  0.189529  
	1845	  190.321899	  137.671722	  62.519730  
	1846	  200.002380	  134.152649	  253.654099  
	1848	  254.881866	  138.604568	  -0.162968  
	1850	  114.486305	  44.352802	  189.057037  
	1851	  74.195107	  245.210526	  65.450165  
	1852	  21.340765	  203.162262	  216.150085  
	1854	  96.736412	  136.437729	  24.815744  
	1855	  149.290756	  81.756828	  161.360687  
	1859	  176.217392	  239.900497	  149.945969  
	1864	  120.905876	  187.163040	  103.031258  
	1866	  213.710068	  58.664219	  464.604462  
	1867	  152.779755	  115.002083	  310.825104  
	1868	  87.840553	  233.822571	  194.418945  
	1873	  203.649155	  146.907181	  262.820251  
	1876	  119.216080	  50.547386	  198.953262  
	1877	  83.472641	  238.499084	  62.960915  
	1878	  27.320053	  206.939774	  231.043427  
	1879	  157.247543	  85.087074	  172.889099  
	1881	  186.543930	  245.231216	  158.045517  
	1886	  193.682465	  184.773956	  2.605393  
	1889	  213.952698	  73.811440	  466.071655  
	1890	  165.486923	  106.693245	  312.833160  
	1893	  209.090591	  159.888443	  271.775787  
	1894	  264.498352	  123.113266	  -0.255146  
	1896	  35.225067	  209.332031	  246.185715  
	1897	  166.502121	  87.964165	  183.553696  
	1898	  241.070084	  149.651917	  -0.249345  
	1899	  198.475433	  248.800659	  167.284592  
	1903	  222.296265	  156.448761	  -0.256803  
	1904	  183.878616	  195.033707	  9.314839  
	1907	  215.411789	  89.838257	  466.408203  
	1908	  178.683243	  100.752846	  314.138397  
	1909	  214.685318	  172.039551	  280.820526  
	1910	  272.582855	  104.006790	  23.898138  
	1911	  100.423141	  219.512314	  60.544582  
	1913	  177.561676	  90.008270	  194.035019  
	1917	  174.224792	  205.865311	  19.870792  
	1920	  216.288116	  106.097443	  465.173370  
	1921	  192.678665	  96.933250	  314.610840  
	1922	  191.211884	  90.841621	  205.291321  
	1925	  167.229904	  214.069153	  30.077618  
	1928	  215.110001	  121.807869	  464.285492  
	1929	  207.888702	  95.158554	  313.993683  
	1931	  211.563110	  137.058273	  463.605896  
	1932	  222.444061	  95.538734	  312.277771  
	1933	  205.599487	  151.400284	  463.082367  
	1934	  236.572372	  97.931847	  309.793396  
   2  total number of boundary nodes
node bctyp press/flow   HD    PO2
	1	  0	  100.000000	  0.400000	  100.000000
	14	  0	  20.000000	  0.400000	  18.000000

