315559 200 10.000020 Current network file generated by angioadapt
  300.000000  300.000000  500.000000	box dimensions in microns
  15    15    25 	number of tissue points in x,y,z directions
  0.000000			outer bound distance (100. in test case)
  75.000000				max. segment length.  (5. in test case)
   40				nodsegm, max. number of segments per node
  737				total number of segments 
  name type from  to  diam       flow
	1	  4	  1	  2	  7.000000	  59.679596	  0.400000  
	2	  3	  2	  3	  10.088675	  59.679596	  0.400000  
	3	  5	  3	  193	  10.256682	  54.097675	  0.432533  
	4	  5	  44	  118	  10.566357	  45.505039	  0.495857  
	5	  5	  5	  26	  10.547065	  36.120384	  0.539984  
	8	  5	  7	  244	  9.711815	  12.669849	  0.521438  
	9	  5	  110	  194	  8.468738	  5.317497	  0.457874  
	10	  5	  315	  34	  5.888349	  0.896835	  0.265276  
	12	  5	  3	  13	  4.204062	  5.581919	  0.084706  
	13	  5	  13	  16	  4.968307	  5.581919	  0.084706  
	14	  4	  14	  15	  16.000000	  -59.679596	  0.400000  
	15	  3	  15	  16	  12.375428	  -59.679596	  0.400000  
	16	  5	  16	  113	  12.386932	  -54.097675	  0.432533  
	17	  5	  113	  371	  12.045141	  -44.198048	  0.458592  
	18	  5	  18	  19	  12.075222	  -34.966400	  0.518804  
	19	  5	  19	  48	  11.499608	  -31.050518	  0.493396  
	22	  5	  617	  444	  8.225822	  -5.311044	  0.405316  
	24	  5	  142	  520	  7.048367	  -1.245595	  0.360472  
	25	  5	  26	  51	  10.558115	  30.590397	  0.577088  
	26	  5	  444	  32	  7.831159	  -3.563052	  0.384791  
	28	  5	  1644	  828	  4.537543	  -0.164905	  0.156429  
	29	  5	  26	  30	  5.561179	  5.529990	  0.334734  
	33	  5	  34	  11	  5.808325	  0.589927	  0.298719  
	35	  5	  48	  186	  10.199271	  -16.959841	  0.499938  
	36	  5	  37	  1356	  9.164911	  -10.464457	  0.464940  
	39	  5	  30	  40	  5.806933	  5.529990	  0.334734  
	40	  5	  444	  421	  5.156085	  -0.476197	  0.624793  
	44	  5	  110	  87	  7.710873	  3.377093	  0.448060  
	45	  5	  34	  60	  4.004777	  0.306907	  0.200993  
	46	  5	  992	  11	  5.679652	  -0.429030	  0.351008  
	48	  5	  37	  115	  5.931254	  -1.368236	  0.678403  
	49	  5	  6	  7	  10.466824	  20.435539	  0.558170  
	50	  5	  51	  6	  10.766446	  28.757860	  0.606110  
	53	  5	  40	  54	  6.002090	  5.529990	  0.334734  
	55	  5	  42	  1972	  5.490117	  -0.819480	  0.362078  
	57	  5	  44	  58	  4.122118	  4.396661	  0.123580  
	58	  5	  87	  59	  5.451536	  1.220767	  0.405794  
	61	  5	  48	  62	  8.971214	  -9.535577	  0.494654  
	63	  5	  6	  64	  8.380730	  9.062841	  0.564372  
	64	  5	  51	  65	  3.452215	  1.832537	  0.121636  
	67	  5	  54	  68	  6.148036	  5.529990	  0.334734  
	69	  5	  1972	  620	  4.135810	  -0.163371	  0.363180  
	70	  5	  43	  71	  3.947630	  -0.059802	  0.303073  
	71	  5	  58	  508	  4.624990	  4.396661	  0.123580  
	72	  5	  59	  2078	  5.680076	  1.220767	  0.405794  
	73	  5	  60	  74	  4.143961	  0.306907	  0.200993  
	74	  5	  11	  1706	  3.577648	  0.160897	  0.159291  
	76	  5	  115	  77	  6.333497	  -1.675557	  0.606820  
	77	  5	  64	  101	  8.558749	  9.062841	  0.564372  
	78	  5	  65	  79	  3.764639	  1.832537	  0.121636  
	79	  5	  148	  1568	  4.115806	  -0.043670	  0.442275  
	83	  5	  6	  107	  6.507835	  3.792566	  0.587778  
	85	  5	  42	  32	  5.441383	  0.819480	  0.362078  
	89	  5	  7	  83	  4.353155	  1.396582	  0.348221  
	90	  5	  68	  119	  5.963404	  4.505559	  0.393486  
	92	  5	  620	  121	  4.115407	  -0.163371	  0.363180  
	96	  5	  74	  125	  4.241283	  0.306907	  0.200993  
	97	  5	  1706	  98	  3.471557	  -0.076731	  0.305693  
	98	  5	  62	  99	  8.863075	  -8.357635	  0.517658  
	99	  5	  77	  100	  6.329068	  -1.675557	  0.606820  
	101	  5	  79	  102	  3.957166	  1.832537	  0.121636  
	105	  5	  83	  106	  4.577934	  1.396582	  0.348221  
	109	  5	  87	  109	  7.379690	  2.156327	  0.471988  
	111	  5	  315	  111	  5.691740	  0.830871	  0.354126  
	112	  5	  315	  734	  6.011285	  0.739652	  0.575163  
	116	  5	  7	  190	  8.582464	  6.369108	  0.677275  
	118	  5	  118	  5	  10.437097	  36.120384	  0.539984  
	124	  5	  2078	  124	  4.716716	  0.583566	  0.334422  
	126	  5	  98	  126	  3.792699	  0.138535	  0.509260  
	127	  5	  99	  127	  8.287012	  -5.300052	  0.521540  
	128	  5	  100	  863	  6.312385	  -1.675557	  0.606820  
	129	  5	  101	  527	  8.702727	  9.062841	  0.564372  
	130	  5	  102	  130	  4.088711	  1.832537	  0.121636  
	134	  5	  106	  134	  4.752599	  1.396582	  0.348221  
	135	  5	  107	  365	  6.744236	  3.792566	  0.587778  
	136	  5	  108	  136	  4.890521	  -0.275634	  0.552887  
	137	  5	  109	  137	  7.537034	  2.156327	  0.471988  
	138	  5	  110	  171	  4.956136	  1.082171	  0.528383  
	139	  5	  111	  139	  5.904672	  0.830871	  0.354126  
	140	  5	  734	  1577	  5.911991	  0.524386	  0.632004  
	141	  5	  113	  141	  7.275021	  -9.899627	  0.316190  
	143	  5	  115	  143	  4.346709	  0.307321	  0.288122  
	146	  5	  118	  146	  7.519798	  9.384652	  0.326019  
	147	  5	  68	  147	  3.527304	  1.024431	  0.076339  
	152	  5	  119	  152	  5.476270	  3.446746	  0.468331  
	153	  5	  1838	  334	  5.337624	  0.429684	  0.859834  
	154	  5	  121	  154	  4.040487	  -0.163371	  0.363180  
	156	  5	  508	  437	  4.245226	  2.851195	  0.161580  
	157	  5	  124	  157	  4.450519	  0.389850	  0.394332  
	158	  5	  125	  158	  5.678813	  0.810658	  0.389547  
	159	  5	  126	  159	  3.792621	  -0.109265	  0.326194  
	160	  5	  127	  1618	  8.521930	  -5.300052	  0.521540  
	162	  5	  527	  162	  8.570633	  7.336564	  0.515472  
	163	  5	  130	  163	  4.187213	  1.832537	  0.121636  
	167	  5	  134	  167	  4.885448	  1.396582	  0.348221  
	168	  5	  365	  168	  6.310222	  -2.174115	  0.151574  
	169	  5	  136	  169	  4.916077	  -0.275634	  0.552887  
	170	  5	  137	  170	  7.451313	  1.609159	  0.514244  
	172	  5	  139	  1641	  3.592648	  0.232463	  0.222844  
	174	  5	  141	  366	  7.255723	  -9.899627	  0.316190  
	175	  5	  142	  465	  6.412236	  -1.222343	  0.386896  
	176	  5	  143	  176	  4.406840	  0.307321	  0.288122  
	179	  5	  146	  179	  7.715907	  9.384652	  0.326019  
	180	  5	  147	  180	  3.738303	  1.024431	  0.076339  
	183	  5	  99	  183	  5.516168	  -1.376775	  0.385955  
	184	  5	  43	  834	  3.195744	  -0.016023	  0.068729  
	185	  5	  19	  606	  8.133538	  -3.915884	  0.720272  
	191	  5	  110	  1544	  7.227565	  2.129483	  0.757159  
	192	  5	  139	  719	  5.870523	  0.598408	  0.405125  
	193	  5	  193	  44	  10.416089	  49.901699	  0.463057  
	194	  5	  194	  315	  8.353831	  3.814625	  0.509414  
	197	  5	  152	  197	  5.606381	  3.446746	  0.468331  
	198	  5	  334	  198	  5.560010	  -1.115303	  0.521447  
	199	  5	  154	  199	  3.827141	  -0.163371	  0.363180  
	202	  5	  157	  202	  4.512953	  0.389850	  0.394332  
	203	  5	  158	  203	  5.636609	  0.810658	  0.389547  
	204	  5	  159	  204	  3.723348	  -0.109265	  0.326194  
	206	  5	  863	  206	  5.201419	  -0.763606	  0.621390  
	207	  5	  162	  721	  8.667785	  7.336564	  0.515472  
	208	  5	  163	  208	  4.258812	  1.832537	  0.121636  
	209	  5	  1568	  145	  4.114713	  -0.043670	  0.442275  
	211	  5	  167	  211	  4.983040	  1.396582	  0.348221  
	212	  5	  168	  212	  6.260846	  -2.174115	  0.151574  
	213	  5	  169	  2016	  4.941629	  -0.275634	  0.552887  
	214	  5	  170	  214	  7.617263	  1.609159	  0.514244  
	215	  5	  171	  215	  6.138099	  1.493985	  0.473335  
	217	  5	  1577	  2248	  5.359988	  0.420625	  0.706032  
	219	  5	  465	  219	  5.520222	  -0.391772	  0.515478  
	220	  5	  176	  220	  6.312559	  -1.049362	  0.566238  
	221	  5	  177	  221	  5.628189	  1.608888	  0.513997  
	223	  5	  179	  223	  7.899271	  9.384652	  0.326019  
	224	  5	  180	  224	  3.868071	  1.024431	  0.076339  
	227	  5	  183	  227	  5.572198	  -1.376775	  0.385955  
	230	  5	  186	  288	  5.823376	  -2.347115	  0.437687  
	234	  5	  190	  177	  8.720572	  6.369108	  0.677275  
	237	  5	  193	  237	  3.448406	  4.195976	  0.069515  
	238	  5	  6	  238	  8.201439	  -7.210537	  0.378617  
	239	  5	  194	  297	  6.583052	  1.502872	  0.327053  
	240	  5	  48	  439	  6.786121	  -4.555100	  0.466404  
	247	  5	  126	  608	  4.540688	  0.247800	  0.428539  
	254	  5	  186	  37	  9.642718	  -12.826674	  0.496627  
	255	  5	  197	  255	  5.708716	  3.446746	  0.468331  
	256	  5	  198	  256	  5.518870	  -1.115303	  0.521447  
	257	  5	  199	  2234	  5.748586	  0.722714	  0.798936  
	259	  5	  437	  259	  4.414126	  2.851195	  0.161580  
	260	  5	  202	  260	  4.541996	  0.389850	  0.394332  
	262	  5	  204	  1236	  3.508297	  -0.109265	  0.326194  
	264	  5	  206	  264	  5.096391	  -0.763606	  0.621390  
	266	  5	  208	  2262	  4.346389	  1.832537	  0.121636  
	269	  5	  211	  269	  5.053141	  1.396582	  0.348221  
	270	  5	  212	  270	  6.232646	  -2.174115	  0.151574  
	272	  5	  214	  742	  7.659876	  1.294159	  0.567028  
	273	  5	  215	  273	  6.161242	  1.493985	  0.473335  
	277	  5	  219	  277	  4.344820	  -0.179151	  0.297998  
	278	  5	  220	  278	  6.373858	  -1.049362	  0.566238  
	279	  5	  221	  279	  5.827731	  1.608888	  0.513997  
	281	  5	  223	  281	  8.034004	  9.384652	  0.326019  
	282	  5	  224	  282	  3.952172	  1.024431	  0.076339  
	283	  5	  148	  283	  4.167927	  0.043670	  0.442275  
	285	  5	  227	  285	  5.602860	  -1.376775	  0.385955  
	286	  5	  834	  1590	  3.436314	  0.025107	  0.140749  
	287	  5	  606	  287	  8.551538	  -4.076145	  0.693273  
	290	  5	  62	  688	  5.215523	  -1.177942	  0.331435  
	292	  5	  177	  292	  6.311248	  2.456247	  0.701796  
	293	  5	  1544	  1236	  5.066106	  0.518172	  0.599075  
	295	  5	  237	  295	  3.737894	  4.195976	  0.069515  
	296	  5	  238	  357	  8.083414	  -7.210537	  0.378617  
	298	  5	  439	  728	  5.666791	  -2.294991	  0.429319  
	302	  5	  244	  110	  9.917916	  12.669849	  0.521438  
	314	  5	  119	  311	  4.116461	  1.058813	  0.149842  
	315	  5	  433	  2255	  4.437013	  0.110591	  0.337082  
	316	  5	  371	  18	  11.950495	  -34.966400	  0.518804  
	319	  5	  255	  381	  5.846860	  3.446746	  0.468331  
	320	  5	  256	  317	  5.469197	  -1.115303	  0.521447  
	324	  5	  260	  712	  4.554987	  0.389850	  0.394332  
	325	  5	  203	  1088	  5.573703	  0.810658	  0.389547  
	328	  5	  264	  325	  5.001313	  -0.763606	  0.621390  
	330	  5	  2262	  381	  5.975196	  3.441424	  0.305067  
	333	  5	  269	  330	  5.116065	  1.396582	  0.348221  
	334	  5	  270	  331	  6.199098	  -2.174115	  0.151574  
	336	  5	  742	  615	  7.010379	  0.822855	  0.607440  
	337	  5	  273	  334	  6.181554	  1.493985	  0.473335  
	341	  5	  277	  841	  4.382255	  -0.179151	  0.297998  
	342	  5	  278	  1271	  6.490133	  -1.049362	  0.566238  
	343	  5	  279	  340	  5.988411	  1.608888	  0.513997  
	344	  5	  1659	  855	  3.495972	  -0.080082	  0.144026  
	346	  5	  282	  406	  4.024275	  1.024431	  0.076339  
	349	  5	  285	  1092	  5.440597	  -1.767635	  0.373673  
	350	  5	  1590	  347	  4.471257	  0.102459	  0.206279  
	351	  5	  287	  348	  8.517999	  -4.076145	  0.693273  
	352	  5	  288	  521	  5.844838	  -2.347115	  0.437687  
	354	  5	  688	  351	  5.778653	  -1.478700	  0.551268  
	356	  5	  292	  415	  6.638076	  2.456247	  0.701796  
	358	  5	  719	  355	  6.057806	  0.598408	  0.405125  
	359	  5	  295	  356	  3.926792	  4.195976	  0.069515  
	372	  5	  186	  176	  6.750790	  -1.786052	  0.605526  
	373	  5	  311	  369	  4.281072	  1.058813	  0.149842  
	379	  5	  315	  199	  6.792461	  1.347266	  0.731601  
	382	  5	  219	  2197	  5.425946	  -0.212620	  0.698724  
	386	  5	  317	  382	  5.389478	  -1.115303	  0.521447  
	387	  5	  2234	  383	  3.565102	  0.134838	  0.512793  
	389	  5	  259	  366	  4.633499	  2.851195	  0.161580  
	390	  5	  712	  543	  5.140999	  -1.006432	  0.443293  
	391	  5	  1088	  861	  5.916717	  0.990567	  0.448559  
	394	  5	  325	  110	  4.728614	  -0.763606	  0.621390  
	395	  5	  721	  390	  6.824019	  3.019769	  0.475540  
	396	  5	  145	  433	  4.453833	  -0.069013	  0.395224  
	399	  5	  331	  394	  6.163563	  -2.174115	  0.151574  
	401	  5	  615	  469	  4.158202	  0.216261	  0.473653  
	402	  5	  334	  2269	  8.240223	  3.038972	  0.545640  
	408	  5	  340	  403	  6.114019	  1.608888	  0.513997  
	415	  5	  347	  409	  4.632452	  -0.105584	  0.588440  
	416	  5	  348	  410	  8.475072	  -4.076145	  0.693273  
	417	  5	  521	  896	  4.811018	  -1.353684	  0.541013  
	419	  5	  351	  485	  5.808918	  -1.478700	  0.551268  
	423	  5	  355	  2160	  5.082362	  0.222904	  0.268869  
	424	  5	  356	  418	  4.083066	  4.195976	  0.069515  
	425	  5	  357	  419	  7.956051	  -7.210537	  0.378617  
	426	  5	  452	  420	  4.569463	  0.318663	  0.262161  
	427	  5	  728	  406	  4.173927	  -1.024431	  0.076339  
	432	  5	  364	  553	  5.084458	  -0.368349	  0.359777  
	433	  5	  365	  426	  8.972016	  5.966681	  0.428836  
	437	  5	  369	  430	  4.411203	  1.058813	  0.149842  
	439	  5	  371	  432	  6.893874	  -9.231647	  0.230528  
	441	  5	  125	  364	  5.500574	  -0.503751	  0.504423  
	442	  5	  99	  506	  5.582695	  -1.680807	  0.613296  
	448	  5	  6	  440	  5.610313	  2.677450	  0.526613  
	451	  5	  137	  443	  4.362844	  0.547168	  0.347718  
	456	  5	  297	  448	  4.976293	  0.846117	  0.387897  
	458	  5	  347	  1239	  5.360018	  0.208043	  0.400230  
	462	  5	  199	  454	  4.624712	  0.281272	  0.783538  
	463	  5	  381	  366	  7.237552	  6.888170	  0.386762  
	464	  5	  382	  455	  3.913370	  0.297368	  0.379542  
	466	  5	  1948	  992	  4.254038	  -0.170297	  0.264891  
	471	  5	  1340	  1418	  6.096714	  -0.952865	  0.509202  
	472	  5	  390	  463	  6.884550	  3.019769	  0.475540  
	474	  5	  1949	  465	  4.851123	  0.234901	  0.382158  
	475	  5	  330	  466	  4.920869	  -0.562770	  0.405437  
	476	  5	  394	  467	  6.128591	  -2.174115	  0.151574  
	485	  5	  403	  475	  6.210678	  1.608888	  0.513997  
	486	  5	  855	  476	  4.096989	  0.088826	  0.338514  
	490	  5	  1092	  480	  4.063998	  -0.530274	  0.149936  
	492	  5	  410	  482	  8.432454	  -4.076145	  0.693273  
	496	  5	  508	  667	  4.121204	  1.545467	  0.053476  
	499	  5	  2160	  489	  4.171014	  0.093139	  0.153264  
	500	  5	  418	  490	  4.207370	  4.195976	  0.069515  
	501	  5	  419	  574	  7.841719	  -7.210537	  0.378617  
	502	  5	  420	  492	  4.716231	  0.318663	  0.262161  
	506	  5	  940	  902	  3.648082	  -0.052008	  0.185351  
	507	  5	  553	  580	  4.062361	  -0.152088	  0.197852  
	508	  5	  426	  498	  8.992468	  5.966681	  0.428836  
	509	  5	  366	  679	  3.758055	  -0.160262	  0.033567  
	511	  5	  1480	  855	  3.721100	  -0.075731	  0.317832  
	512	  5	  430	  502	  4.502559	  1.058813	  0.149842  
	514	  5	  432	  503	  6.899103	  -9.231647	  0.230528  
	515	  5	  433	  504	  4.579723	  0.081346	  0.663659  
	516	  5	  364	  1362	  5.232493	  -0.322751	  0.512028  
	518	  5	  177	  507	  5.152057	  2.303973	  0.765153  
	521	  5	  439	  510	  6.386728	  -2.260109	  0.504062  
	522	  5	  440	  511	  5.845208	  2.677450	  0.526613  
	523	  5	  520	  1460	  6.125521	  -0.606677	  0.313013  
	525	  5	  443	  982	  4.553599	  0.547168	  0.347718  
	526	  5	  444	  861	  5.938836	  -1.271794	  0.380639  
	527	  5	  297	  452	  5.580148	  0.656755	  0.248665  
	529	  5	  447	  828	  4.131148	  0.103943	  0.198864  
	532	  5	  520	  1644	  5.104393	  -0.285335	  0.409923  
	533	  5	  1239	  520	  6.033754	  0.353584	  0.401996  
	537	  5	  454	  870	  4.904682	  0.281272	  0.783538  
	545	  5	  612	  448	  4.490702	  -0.460789	  0.395002  
	549	  5	  285	  535	  4.943604	  -0.602571	  0.275149  
	550	  5	  1590	  940	  4.376021	  -0.077351	  0.227550  
	552	  5	  538	  617	  8.254504	  -5.707779	  0.396470  
	553	  5	  455	  539	  4.066605	  0.297368	  0.379542  
	554	  5	  456	  1212	  3.832121	  0.134838	  0.512793  
	559	  5	  1236	  545	  5.001849	  0.408908	  0.671992  
	561	  5	  463	  1097	  6.961922	  3.019769	  0.475540  
	564	  5	  466	  550	  4.875855	  -0.562770	  0.405437  
	565	  5	  467	  551	  6.093716	  -2.174115	  0.151574  
	566	  5	  612	  552	  3.696873	  -0.260678	  0.483908  
	567	  5	  469	  553	  4.274969	  0.216261	  0.473653  
	568	  5	  2269	  554	  4.410983	  0.360209	  0.120890  
	572	  5	  1271	  656	  6.028373	  -0.782878	  0.635234  
	573	  5	  475	  657	  6.324386	  1.608888	  0.513997  
	574	  5	  476	  559	  4.147829	  0.088826	  0.338514  
	575	  5	  281	  1262	  5.892963	  2.174115	  0.151574  
	577	  5	  407	  2160	  3.339497	  -0.032083	  0.121059  
	578	  5	  480	  563	  4.020508	  -0.530274	  0.149936  
	580	  5	  482	  565	  8.389622	  -4.076145	  0.693273  
	583	  5	  485	  568	  4.282762	  0.266483	  0.363542  
	585	  5	  415	  1098	  5.362293	  1.270560	  0.713920  
	587	  5	  489	  572	  4.259452	  0.093139	  0.153264  
	588	  5	  490	  573	  4.322464	  4.195976	  0.069515  
	590	  5	  492	  575	  4.816845	  0.318663	  0.262161  
	596	  5	  498	  527	  9.022526	  5.966681	  0.428836  
	600	  5	  502	  585	  4.559213	  1.058813	  0.149842  
	601	  5	  503	  586	  6.901340	  -9.231647	  0.230528  
	604	  5	  506	  589	  5.559776	  -1.680807	  0.613296  
	605	  5	  507	  663	  5.459798	  2.303973	  0.765153  
	608	  5	  510	  688	  6.450564	  -2.260109	  0.504062  
	609	  5	  511	  593	  5.983007	  2.677450	  0.526613  
	610	  5	  1460	  283	  5.915705	  -0.437599	  0.337514  
	611	  5	  982	  595	  3.838123	  0.217337	  0.262043  
	613	  5	  452	  522	  5.132264	  0.338092	  0.235945  
	615	  5	  828	  599	  3.241768	  -0.060962	  0.084076  
	618	  5	  521	  285	  5.079075	  -0.993431	  0.296892  
	621	  5	  870	  699	  3.846397	  0.064116	  0.569624  
	624	  5	  527	  605	  9.115285	  7.692958	  0.505884  
	626	  5	  1544	  552	  6.201476	  1.611311	  0.807997  
	628	  5	  448	  1990	  3.983943	  0.157631	  0.278138  
	632	  5	  535	  613	  4.973162	  -0.602571	  0.275149  
	635	  5	  538	  712	  6.216101	  -2.394566	  0.401846  
	658	  5	  448	  635	  3.843555	  0.227697	  0.449503  
	663	  5	  539	  640	  4.129241	  0.297368	  0.379542  
	667	  5	  543	  640	  5.149024	  -1.006432	  0.443293  
	668	  5	  861	  645	  4.090563	  -0.189027	  0.183065  
	669	  5	  545	  646	  5.195480	  0.408908	  0.671992  
	670	  5	  1418	  647	  5.939430	  -0.809302	  0.358487  
	671	  5	  1097	  881	  4.693129	  0.750473	  0.284738  
	674	  5	  550	  650	  4.816395	  -0.562770	  0.405437  
	675	  5	  551	  651	  6.058364	  -2.174115	  0.151574  
	676	  5	  552	  652	  3.446774	  0.087868	  0.452253  
	678	  5	  554	  653	  4.352498	  0.360209	  0.120890  
	687	  5	  563	  661	  3.966485	  -0.530274	  0.149936  
	689	  5	  565	  663	  8.351221	  -4.076145	  0.693273  
	692	  5	  568	  666	  4.344660	  0.266483	  0.363542  
	695	  5	  871	  669	  4.631641	  -0.385234	  0.282542  
	696	  5	  572	  670	  4.338776	  0.093139	  0.153264  
	697	  5	  573	  671	  4.432849	  4.195976	  0.069515  
	698	  5	  574	  281	  7.702558	  -7.210537	  0.378617  
	699	  5	  575	  673	  4.887084	  0.318663	  0.262161  
	704	  5	  580	  860	  3.938768	  -0.152088	  0.197852  
	710	  5	  586	  975	  6.903420	  -9.231647	  0.230528  
	713	  5	  589	  1327	  5.512365	  -1.680807	  0.613296  
	714	  5	  663	  686	  5.650552	  -1.772172	  0.599823  
	717	  5	  593	  1144	  6.132076	  2.677450	  0.526613  
	719	  5	  595	  691	  5.065367	  0.602571	  0.275149  
	722	  5	  2016	  2190	  5.211410	  -0.275634	  0.552887  
	725	  5	  522	  697	  5.659398	  0.338092	  0.235945  
	729	  5	  605	  701	  9.155912	  7.692958	  0.505884  
	732	  5	  608	  2156	  5.166011	  0.411102	  0.396487  
	736	  5	  612	  708	  4.843773	  0.721467	  0.427125  
	737	  5	  613	  709	  5.002217	  -0.602571	  0.275149  
	739	  5	  615	  711	  6.303395	  0.376059	  0.648600  
	741	  5	  617	  1580	  4.735458	  -0.396735	  0.278051  
	746	  5	  623	  718	  4.285483	  0.170297	  0.264891  
	751	  5	  608	  723	  4.333714	  -0.163302	  0.347850  
	754	  5	  253	  726	  4.580338	  -0.077981	  0.631955  
	758	  5	  635	  421	  4.108490	  0.227697	  0.449503  
	766	  5	  214	  956	  4.489176	  0.314999	  0.297383  
	770	  5	  145	  740	  3.344678	  0.025343	  0.314147  
	774	  5	  355	  853	  5.023338	  0.375504	  0.486009  
	779	  5	  465	  858	  5.697022	  -0.595670	  0.304196  
	787	  5	  640	  2030	  4.197040	  -0.643828	  0.263647  
	791	  5	  640	  877	  4.686059	  -0.607546	  0.517338  
	793	  5	  646	  879	  5.238062	  0.408908	  0.671992  
	794	  5	  647	  764	  6.028958	  -0.809302	  0.358487  
	797	  5	  650	  883	  4.677163	  -0.562770	  0.405437  
	798	  5	  651	  768	  6.019736	  -2.174115	  0.151574  
	799	  5	  652	  769	  3.717942	  0.087868	  0.452253  
	800	  5	  653	  886	  4.392251	  0.360209	  0.120890  
	801	  5	  654	  771	  4.112648	  -0.047305	  0.271926  
	803	  5	  656	  773	  6.057901	  -0.782878	  0.635234  
	804	  5	  657	  890	  6.428625	  1.608888	  0.513997  
	805	  5	  559	  2286	  4.178889	  0.088826	  0.338514  
	808	  5	  661	  778	  3.890177	  -0.530274	  0.149936  
	812	  5	  412	  781	  4.557188	  -0.396735	  0.278051  
	813	  5	  666	  782	  4.376135	  0.266483	  0.363542  
	817	  5	  670	  902	  4.439053	  0.093139	  0.153264  
	818	  5	  671	  787	  4.523978	  4.195976	  0.069515  
	820	  5	  673	  789	  4.945307	  0.318663	  0.262161  
	824	  5	  902	  909	  3.824209	  0.041131	  0.112692  
	825	  5	  860	  794	  3.780065	  -0.152088	  0.197852  
	829	  5	  585	  1146	  4.616935	  1.058813	  0.149842  
	833	  5	  686	  802	  5.567850	  -1.772172	  0.599823  
	835	  5	  688	  804	  4.842185	  -0.738421	  0.284149  
	838	  5	  691	  807	  5.074823	  0.602571	  0.275149  
	842	  5	  599	  810	  3.568567	  -0.023699	  0.407792  
	844	  5	  697	  812	  7.202240	  0.809396	  0.387647  
	846	  5	  699	  814	  4.015214	  0.064116	  0.569624  
	848	  5	  701	  816	  9.192433	  7.692958	  0.505884  
	849	  5	  606	  817	  3.437383	  0.160262	  0.033567  
	852	  5	  1990	  2280	  4.710802	  0.232578	  0.242203  
	855	  5	  708	  822	  4.855665	  0.721467	  0.427125  
	856	  5	  709	  823	  5.025612	  -0.602571	  0.275149  
	858	  5	  711	  1118	  4.458325	  0.105600	  0.475167  
	859	  5	  712	  640	  4.238997	  -0.542311	  0.278013  
	868	  5	  721	  945	  7.470881	  4.316795	  0.543406  
	870	  5	  723	  835	  4.316840	  -0.163302	  0.347850  
	873	  5	  726	  838	  4.588822	  -0.077981	  0.631955  
	874	  5	  688	  839	  5.656436	  -1.220930	  0.413345  
	880	  5	  421	  1838	  4.582387	  -0.248500	  0.785409  
	881	  5	  734	  98	  4.155420	  0.215267	  0.436699  
	884	  5	  861	  1070	  3.338997	  -0.092200	  0.055996  
	887	  5	  740	  940	  3.518855	  0.025343	  0.314147  
	888	  5	  1618	  1340	  8.104195	  -2.698941	  0.500141  
	889	  5	  742	  697	  5.970113	  0.471304	  0.496471  
	904	  5	  37	  864	  5.432861	  -0.993981	  0.580004  
	918	  5	  1212	  875	  6.469655	  1.236620	  0.447797  
	922	  5	  645	  878	  4.081223	  -0.189027	  0.183065  
	924	  5	  764	  936	  6.103123	  -0.809302	  0.358487  
	928	  5	  768	  884	  5.970523	  -2.174115	  0.151574  
	929	  5	  769	  885	  3.844701	  0.087868	  0.452253  
	933	  5	  773	  889	  6.066393	  -0.782878	  0.635234  
	935	  5	  2286	  891	  5.682518	  0.480052	  0.298125  
	938	  5	  778	  945	  3.784774	  -0.530274	  0.149936  
	941	  5	  781	  879	  4.526466	  -0.396735	  0.278051  
	942	  5	  782	  1271	  4.392437	  0.266483	  0.363542  
	943	  5	  667	  1146	  4.323660	  1.545467	  0.053476  
	947	  5	  787	  975	  4.606145	  4.195976	  0.069515  
	949	  5	  789	  960	  5.004735	  0.318663	  0.262161  
	959	  5	  975	  915	  4.980966	  -2.604279	  0.092655  
	960	  5	  1062	  916	  5.259581	  -0.102688	  0.548250  
	961	  5	  1327	  1237	  4.476159	  0.399462	  0.392769  
	962	  5	  802	  945	  5.463524	  -1.772172	  0.599823  
	964	  5	  804	  920	  4.828915	  -0.738421	  0.284149  
	966	  5	  283	  1480	  4.541809	  -0.187896	  0.210157  
	967	  5	  807	  923	  5.078487	  0.602571	  0.275149  
	970	  5	  810	  926	  3.523910	  -0.023699	  0.407792  
	972	  5	  812	  1275	  7.324450	  0.809396	  0.387647  
	976	  5	  816	  1047	  9.247458	  7.692958	  0.505884  
	978	  5	  2156	  814	  5.367736	  -0.344362	  0.420928  
	982	  5	  822	  1056	  4.859527	  0.721467	  0.427125  
	983	  5	  823	  923	  5.050167	  -0.602571	  0.275149  
	995	  5	  835	  947	  4.289191	  -0.163302	  0.347850  
	998	  5	  838	  1245	  4.573712	  -0.077981	  0.631955  
	999	  5	  839	  920	  5.662121	  -1.220930	  0.413345  
	1001	  5	  841	  1369	  4.624491	  -0.179151	  0.297998  
	1003	  5	  731	  907	  3.798869	  -0.026751	  0.571109  
	1009	  5	  2234	  1071	  3.619978	  0.088128	  0.661045  
	1012	  5	  855	  960	  5.092134	  -0.244639	  0.268447  
	1013	  5	  853	  2280	  3.513646	  0.099870	  0.301429  
	1014	  5	  2197	  1190	  4.144608	  -0.068348	  0.552715  
	1018	  5	  858	  1682	  5.455381	  -0.464441	  0.297555  
	1023	  5	  864	  969	  5.442992	  -0.993981	  0.580004  
	1027	  5	  176	  1530	  5.270786	  -0.429369	  0.928724  
	1029	  5	  871	  595	  4.605459	  0.385234	  0.282542  
	1034	  5	  364	  979	  4.162745	  0.187350	  0.233136  
	1048	  5	  992	  433	  6.547203	  0.307593	  0.473303  
	1058	  5	  877	  1000	  4.614462	  -0.607546	  0.517338  
	1059	  5	  878	  1001	  4.029836	  -0.189027	  0.183065  
	1060	  5	  879	  1002	  5.045018	  0.670445	  0.556339  
	1064	  5	  883	  1006	  5.743100	  1.451579	  0.671756  
	1065	  5	  884	  1007	  5.908377	  -2.174115	  0.151574  
	1066	  5	  885	  1135	  3.942059	  0.087868	  0.452253  
	1070	  5	  889	  1012	  6.069459	  -0.782878	  0.635234  
	1071	  5	  890	  1013	  6.481780	  1.608888	  0.513997  
	1077	  5	  896	  1144	  4.619035	  -1.353684	  0.541013  
	1078	  5	  879	  881	  4.800546	  -0.750473	  0.284738  
	1082	  5	  669	  1229	  5.211830	  -0.529209	  0.233102  
	1086	  5	  960	  1149	  5.157395	  -0.252747	  0.439035  
	1087	  5	  1917	  1024	  3.781052	  0.047305	  0.271926  
	1089	  5	  1192	  1026	  4.085777	  -0.161155	  0.242282  
	1090	  5	  909	  1152	  3.865936	  0.041131	  0.112692  
	1091	  5	  794	  1078	  4.790357	  0.311196	  0.371656  
	1096	  5	  915	  1146	  5.000247	  -2.604279	  0.092655  
	1097	  5	  916	  1519	  5.779046	  -0.161465	  0.513486  
	1099	  5	  945	  883	  6.058927	  2.014349	  0.597352  
	1122	  5	  1288	  1055	  3.776372	  0.037252	  0.332883  
	1123	  5	  1455	  1056	  5.742674	  -1.099346	  0.458528  
	1128	  5	  947	  1125	  4.242229	  -0.163302	  0.347850  
	1130	  5	  1245	  1062	  5.218171	  -0.102688	  0.548250  
	1137	  5	  956	  1185	  4.494266	  0.205604	  0.279074  
	1145	  5	  1682	  1192	  4.350115	  -0.161155	  0.242282  
	1149	  5	  863	  1080	  4.991653	  -0.911952	  0.594619  
	1150	  5	  969	  1081	  5.448276	  -0.993981	  0.580004  
	1155	  5	  870	  1212	  4.367588	  0.217156	  0.846697  
	1156	  5	  975	  1087	  7.686762	  -2.431392	  0.656073  
	1159	  5	  2078	  1206	  3.902299	  0.259322	  0.402195  
	1160	  5	  979	  1091	  4.175027	  0.187350	  0.233136  
	1163	  5	  982	  1094	  4.074552	  0.329831	  0.404173  
	1172	  5	  1212	  1219	  5.454160	  -0.391420	  0.416368  
	1180	  5	  2269	  1224	  3.856743	  0.247371	  0.078696  
	1186	  5	  283	  43	  4.450958	  -0.075825	  0.253551  
	1192	  5	  794	  1229	  4.945525	  -0.463284	  0.314599  
	1202	  5	  875	  1255	  6.308187	  1.236620	  0.447797  
	1204	  5	  1000	  1177	  3.960980	  0.163302	  0.347850  
	1205	  5	  1001	  1129	  3.960803	  -0.189027	  0.183065  
	1206	  5	  1002	  1130	  5.043503	  0.670445	  0.556339  
	1207	  5	  936	  891	  5.617671	  -0.480052	  0.298125  
	1210	  5	  1007	  1262	  5.818063	  -2.174115	  0.151574  
	1212	  5	  886	  1136	  4.396439	  0.360209	  0.120890  
	1215	  5	  1012	  485	  6.064591	  -0.782878	  0.635234  
	1216	  5	  1013	  1139	  6.510496	  1.608888	  0.513997  
	1227	  5	  1024	  771	  3.979218	  0.047305	  0.271926  
	1228	  5	  907	  1305	  5.234642	  -0.149473	  0.820352  
	1237	  5	  1519	  1282	  5.684169	  -0.161465	  0.513486  
	1238	  5	  1237	  1158	  5.518985	  -0.677021	  0.409655  
	1239	  5	  1190	  1159	  4.112348	  -0.068348	  0.552715  
	1246	  5	  1275	  1164	  4.984041	  0.271376	  0.247978  
	1249	  5	  1047	  1291	  9.314132	  7.692958	  0.505884  
	1256	  5	  1055	  1839	  3.942005	  0.037252	  0.332883  
	1261	  5	  1125	  1177	  4.163632	  -0.163302	  0.347850  
	1271	  5	  1070	  1186	  3.272946	  -0.092200	  0.055996  
	1272	  5	  1071	  1322	  3.862367	  0.088128	  0.661045  
	1279	  5	  1078	  1194	  4.861530	  0.311196	  0.371656  
	1282	  5	  1081	  1197	  5.444585	  -0.993981	  0.580004  
	1285	  5	  1084	  1200	  4.975952	  0.105584	  0.588440  
	1288	  5	  1087	  1203	  7.733601	  -2.431392	  0.656073  
	1292	  5	  1091	  1207	  4.169737	  0.187350	  0.233136  
	1295	  5	  1094	  1135	  4.210226	  0.329831	  0.404172  
	1298	  5	  1097	  1213	  6.510960	  2.269297	  0.538639  
	1300	  5	  1952	  2197	  3.478766	  0.021549	  0.159746  
	1319	  5	  1118	  1288	  4.588085	  0.105600	  0.475167  
	1323	  5	  2248	  1343	  3.803674	  0.170828	  0.670583  
	1325	  5	  253	  283	  4.961949	  0.130208	  0.535055  
	1326	  5	  485	  1237	  7.474187	  -2.528062	  0.557482  
	1329	  5	  383	  456	  3.899193	  0.134838	  0.512793  
	1343	  5	  1356	  538	  8.616186	  -8.102345	  0.398059  
	1349	  5	  1129	  1327	  3.788599	  -0.189027	  0.183065  
	1350	  5	  1130	  1618	  5.034282	  0.670445	  0.556339  
	1353	  5	  1006	  1237	  5.840253	  1.451579	  0.671756  
	1356	  5	  1136	  1618	  4.380443	  0.360209	  0.120890  
	1359	  5	  1139	  1267	  6.530875	  1.608888	  0.513997  
	1368	  5	  1149	  1275	  5.056616	  -0.252747	  0.439035  
	1378	  5	  1159	  1284	  4.086219	  -0.068348	  0.552715  
	1383	  5	  1164	  1369	  5.079979	  0.271376	  0.247978  
	1389	  5	  1056	  1295	  4.701591	  -0.377879	  0.518484  
	1395	  5	  834	  1152	  4.052518	  -0.041131	  0.112692  
	1404	  5	  1185	  1137	  4.554368	  0.205604	  0.279074  
	1412	  5	  1194	  1265	  4.941226	  0.311196	  0.371656  
	1413	  5	  1088	  1717	  4.535943	  -0.179909	  0.714463  
	1418	  5	  1200	  1318	  4.962313	  0.105584	  0.588440  
	1425	  5	  1207	  1322	  4.150144	  0.187350	  0.233136  
	1431	  5	  1213	  1327	  6.549782	  2.269297	  0.538639  
	1432	  5	  1098	  728	  5.491453	  1.270560	  0.713920  
	1433	  5	  2197	  907	  4.445109	  -0.122723	  0.874682  
	1455	  5	  1239	  1450	  5.055463	  -0.145540	  0.404520  
	1461	  5	  1245	  1011	  3.742110	  0.024707	  0.284055  
	1464	  5	  433	  1352	  3.491996	  0.016146	  0.403757  
	1465	  5	  669	  1454	  3.112467	  0.051760	  0.053096  
	1477	  5	  669	  1648	  3.548170	  0.092216	  0.127602  
	1489	  5	  199	  1238	  3.948960	  0.179909	  0.714463  
	1490	  5	  1137	  2227	  3.518137	  0.081702	  0.217646  
	1502	  5	  1265	  1381	  4.683712	  0.201058	  0.275440  
	1504	  5	  1267	  1383	  6.542447	  1.608888	  0.513997  
	1511	  5	  1229	  1497	  7.956862	  -2.589253	  0.530133  
	1513	  5	  1305	  711	  5.405899	  -0.182156	  0.765339  
	1520	  5	  1158	  1135	  5.542312	  -0.677021	  0.409655  
	1521	  5	  1284	  1288	  4.031940	  -0.068348	  0.552715  
	1545	  5	  1322	  1418	  5.451017	  0.446511	  0.529313  
	1549	  5	  1265	  1421	  4.768452	  0.318788	  0.458246  
	1551	  5	  1080	  1144	  4.790744	  -0.911952	  0.594619  
	1557	  5	  1203	  1429	  7.809874	  -2.431392	  0.656073  
	1562	  5	  1135	  1536	  4.140452	  -0.259322	  0.402195  
	1574	  5	  956	  1541	  3.955971	  0.161155	  0.242282  
	1577	  5	  1340	  1255	  6.822850	  -1.306999	  0.462886  
	1580	  5	  1343	  1862	  3.308995	  -0.039037	  0.225181  
	1585	  5	  415	  1451	  5.414902	  1.185687	  0.688804  
	1592	  5	  1356	  1456	  7.297447	  -2.362111	  0.694350  
	1597	  5	  447	  1461	  4.233103	  -0.103943	  0.198864  
	1605	  5	  1369	  1563	  3.751916	  0.092225	  0.150811  
	1612	  5	  409	  1318	  4.728786	  -0.105584	  0.588440  
	1615	  5	  32	  108	  4.865269	  -0.275634	  0.552887  
	1635	  5	  1381	  1594	  4.761626	  0.201058	  0.275440  
	1637	  5	  1383	  1493	  6.547072	  1.608888	  0.513997  
	1656	  5	  1291	  1666	  8.080853	  3.866345	  0.501271  
	1657	  5	  817	  679	  3.651556	  0.160262	  0.033567  
	1658	  5	  814	  2199	  4.554210	  -0.253496	  0.367470  
	1660	  5	  1295	  1800	  4.630886	  -0.377879	  0.518484  
	1664	  5	  1972	  1514	  4.408626	  -0.337320	  0.270659  
	1675	  5	  1421	  1620	  4.788411	  0.318788	  0.458246  
	1677	  5	  1144	  1622	  4.263377	  0.411814	  0.328677  
	1678	  5	  1197	  1451	  4.758025	  -0.746609	  0.746101  
	1682	  5	  1429	  1531	  7.850107	  -2.431392	  0.656073  
	1693	  5	  1224	  1197	  3.926365	  0.247371	  0.078696  
	1701	  5	  1450	  1839	  3.909490	  -0.037252	  0.332883  
	1702	  5	  1451	  1547	  4.454570	  0.439077	  0.591376  
	1705	  5	  1454	  956	  3.338903	  0.051760	  0.053096  
	1706	  5	  1455	  1456	  5.673912	  1.099346	  0.458528  
	1709	  5	  382	  1642	  3.807089	  0.104857	  0.376664  
	1710	  5	  302	  1554	  3.967142	  -0.047305	  0.271926  
	1711	  5	  1460	  1644	  4.537381	  -0.169078	  0.249603  
	1712	  5	  1461	  1556	  4.247166	  -0.103943	  0.198864  
	1727	  5	  916	  1570	  3.966220	  0.058778	  0.452751  
	1729	  5	  1480	  1659	  3.922446	  -0.112165	  0.137457  
	1730	  5	  1011	  1660	  3.763905	  0.024707	  0.284055  
	1737	  5	  71	  253	  4.120475	  -0.059802	  0.303073  
	1739	  5	  615	  1648	  4.088643	  0.230536	  0.665801  
	1741	  5	  1000	  1265	  4.301697	  0.208650	  0.411238  
	1744	  5	  1000	  1784	  5.637165	  -0.979498	  0.466480  
	1758	  5	  1493	  1595	  6.545126	  1.608888	  0.513997  
	1761	  5	  1497	  1291	  7.808613	  -2.589253	  0.530133  
	1762	  5	  1275	  1599	  5.230913	  0.123807	  0.424771  
	1768	  5	  1282	  1275	  5.506540	  -0.161465	  0.513486  
	1771	  5	  1666	  1606	  4.034904	  0.643828	  0.263647  
	1773	  5	  2199	  1647	  4.006972	  -0.174732	  0.258344  
	1792	  5	  1531	  1624	  7.882615	  -2.431392	  0.656073  
	1802	  5	  1541	  1026	  4.021203	  0.161155	  0.242282  
	1806	  5	  1717	  1238	  4.532094	  -0.179909	  0.714463  
	1808	  5	  1547	  1340	  4.666086	  0.439077	  0.591376  
	1812	  5	  1456	  1640	  5.954969	  -1.262765	  0.899654  
	1815	  5	  1554	  1643	  4.000471	  -0.047305	  0.271926  
	1818	  5	  2117	  1646	  4.639223	  0.088303	  0.615191  
	1823	  5	  1563	  1556	  3.816479	  0.092225	  0.150811  
	1824	  5	  879	  1186	  3.206824	  0.092200	  0.055996  
	1830	  5	  1570	  1658	  4.025803	  0.058778	  0.452751  
	1835	  5	  1577	  1662	  3.941596	  0.103760	  0.331910  
	1836	  5	  382	  1917	  6.536474	  0.725490	  0.796007  
	1838	  5	  1580	  1664	  4.535666	  -0.396735	  0.278051  
	1841	  5	  1784	  1666	  7.985529	  -3.222516	  0.548746  
	1864	  5	  2280	  1685	  3.985440	  -0.058778	  0.452751  
	1872	  5	  1255	  1788	  3.777982	  -0.070379	  0.728009  
	1873	  5	  1618	  1960	  6.976614	  -1.570457	  0.635355  
	1874	  5	  1594	  1695	  4.806078	  0.201058	  0.275440  
	1875	  5	  1595	  1696	  6.539681	  1.608888	  0.513997  
	1879	  5	  1599	  1699	  5.415412	  0.123807	  0.424771  
	1883	  5	  920	  330	  6.152049	  -1.959351	  0.364655  
	1905	  5	  1322	  1976	  4.432791	  -0.171033	  0.785867  
	1910	  5	  1632	  1352	  3.802664	  -0.016146	  0.403757  
	1919	  5	  1642	  1735	  4.001336	  0.104857	  0.376664  
	1920	  5	  1643	  1987	  4.021599	  -0.047305	  0.271926  
	1923	  5	  1646	  1823	  4.212614	  0.064604	  0.691271  
	1926	  5	  2178	  1825	  4.555596	  -0.171033	  0.785867  
	1928	  5	  1556	  1912	  3.401292	  -0.011718	  0.577051  
	1933	  5	  1917	  1838	  5.901289	  0.678185	  0.832563  
	1936	  5	  1660	  1826	  3.770036	  0.024707	  0.284055  
	1937	  5	  1648	  1362	  5.209641	  0.322751	  0.512028  
	1940	  5	  1664	  1752	  4.545424	  -0.396735	  0.278051  
	1953	  5	  654	  1764	  4.092725	  0.047305	  0.271926  
	1954	  5	  1678	  1842	  3.679083	  -0.016146	  0.403757  
	1956	  5	  712	  1766	  5.360988	  -0.455973	  0.464070  
	1960	  5	  1229	  1418	  5.793243	  1.267509	  0.754654  
	1961	  5	  1685	  1914	  3.996359	  -0.058778	  0.452751  
	1963	  5	  1305	  1927	  3.585812	  0.032682	  0.513733  
	1972	  5	  1084	  504	  4.591351	  -0.081346	  0.663659  
	1973	  5	  1137	  2171	  3.987505	  0.123902	  0.319580  
	1974	  5	  1229	  1779	  3.983852	  0.329250	  0.446496  
	1975	  5	  302	  253	  4.554657	  0.080284	  0.329422  
	1989	  5	  1696	  1881	  6.527926	  1.608888	  0.513997  
	1992	  5	  1699	  1884	  5.522080	  0.123807	  0.424771  
	2009	  5	  1530	  1810	  5.267973	  -0.429369	  0.928724  
	2014	  5	  1536	  1206	  4.020408	  -0.259322	  0.402195  
	2024	  5	  1735	  1641	  4.045571	  0.104857	  0.376664  
	2028	  5	  1647	  1706	  4.522850	  -0.237628	  0.206565  
	2036	  5	  1658	  1831	  4.067564	  0.058778	  0.452751  
	2048	  5	  1764	  1581	  4.112530	  0.047305	  0.271926  
	2051	  5	  1682	  1837	  4.286275	  -0.097682	  0.427645  
	2061	  5	  1779	  1854	  4.126404	  0.329250	  0.446496  
	2066	  5	  1784	  382	  8.128823	  2.243018	  0.584670  
	2069	  5	  124	  1861	  3.595981	  0.193716	  0.213854  
	2070	  5	  302	  1862	  3.492905	  -0.032979	  0.411893  
	2077	  5	  1343	  1678	  4.509980	  -0.111725	  0.243936  
	2092	  5	  1695	  1880	  4.275827	  0.131229	  0.327698  
	2094	  5	  1792	  1219	  3.728026	  0.069829	  0.177233  
	2100	  5	  1606	  2030	  4.144271	  0.643828	  0.263647  
	2110	  5	  1620	  1896	  4.796902	  0.318788	  0.458246  
	2111	  5	  1622	  1897	  4.483176	  0.411814	  0.328677  
	2112	  5	  1810	  1959	  5.217820	  -0.429369	  0.928724  
	2121	  5	  1641	  1906	  4.331121	  0.337320	  0.270659  
	2125	  5	  1823	  1909	  4.248693	  0.064604	  0.691271  
	2133	  5	  1831	  1914	  4.087962	  0.058778	  0.452751  
	2138	  5	  1581	  1987	  4.163757	  0.047305	  0.271926  
	2139	  5	  1837	  2160	  4.054954	  -0.097682	  0.427645  
	2156	  5	  1854	  936	  4.230530	  0.329250	  0.446496  
	2163	  5	  1861	  1938	  3.697808	  0.193716	  0.213854  
	2166	  5	  858	  1940	  4.266318	  -0.131229	  0.327698  
	2168	  5	  731	  814	  3.837053	  0.026751	  0.571109  
	2172	  5	  1450	  2232	  3.793871	  -0.039993	  0.336112  
	2173	  5	  1659	  407	  3.447259	  -0.032083	  0.121059  
	2177	  5	  253	  1862	  3.589845	  -0.031744	  0.380063  
	2197	  5	  1788	  1959	  3.576963	  -0.070379	  0.728009  
	2199	  5	  1880	  1940	  4.293810	  0.131229	  0.327698  
	2200	  5	  1881	  2073	  6.505850	  1.608888	  0.513997  
	2203	  5	  1884	  992	  5.594637	  0.123807	  0.424771  
	2208	  5	  1800	  2031	  4.492590	  -0.377879	  0.518484  
	2215	  5	  1896	  1972	  4.784157	  0.318788	  0.458246  
	2216	  5	  1897	  171	  4.559721	  0.411814	  0.328677  
	2218	  5	  1624	  1975	  7.916258	  -2.431392	  0.656073  
	2224	  5	  1640	  2086	  5.821319	  -1.262765	  0.899654  
	2225	  5	  1906	  1514	  4.319565	  0.337320	  0.270659  
	2228	  5	  1909	  1949	  4.259560	  0.064604	  0.691271  
	2229	  5	  1825	  2248	  4.427370	  -0.171033	  0.785867  
	2235	  5	  1662	  2088	  4.174027	  0.103760	  0.331910  
	2237	  5	  1752	  412	  4.548588	  -0.396735	  0.278051  
	2242	  5	  1842	  1632	  3.691916	  -0.016146	  0.403757  
	2243	  5	  1766	  1991	  5.439351	  -0.455973	  0.464070  
	2246	  5	  1927	  1678	  4.069041	  0.095579	  0.216937  
	2257	  5	  1938	  1212	  3.753779	  0.193716	  0.213854  
	2267	  5	  1948	  623	  4.536434	  0.170297	  0.264891  
	2268	  5	  1949	  718	  4.440749	  -0.170297	  0.264891  
	2271	  5	  1952	  2010	  3.498686	  -0.021549	  0.159746  
	2288	  5	  2022	  142	  7.654384	  -2.467939	  0.373560  
	2293	  5	  1219	  1343	  5.372783	  -0.321590	  0.468293  
	2306	  5	  1975	  2082	  7.949956	  -2.431392	  0.656073  
	2308	  5	  1092	  2179	  5.041857	  -1.237361	  0.469557  
	2321	  5	  1990	  2045	  3.865798	  -0.074947	  0.166622  
	2322	  5	  1991	  2046	  5.506731	  -0.455973	  0.464070  
	2334	  5	  1450	  2143	  4.433928	  -0.068296	  0.483652  
	2342	  5	  2010	  2094	  3.462429	  -0.021549	  0.159746  
	2351	  5	  1646	  926	  3.430709	  0.023699	  0.407792  
	2358	  5	  2022	  32	  7.596327	  2.467939	  0.373560  
	2361	  5	  1682	  2227	  4.445370	  -0.205604	  0.279074  
	2362	  5	  1212	  2067	  5.142103	  -0.299491	  0.321695  
	2366	  5	  1959	  2124	  5.592353	  -0.499748	  0.900457  
	2373	  5	  2031	  2078	  4.272994	  -0.377879	  0.518484  
	2386	  5	  2045	  2090	  3.855675	  -0.074947	  0.166622  
	2387	  5	  2046	  2091	  5.550341	  -0.455973	  0.464070  
	2390	  5	  2232	  2211	  3.828246	  -0.039993	  0.336112  
	2407	  5	  2067	  2156	  5.200453	  -0.299491	  0.321695  
	2425	  5	  1960	  1418	  7.134566	  -1.570457	  0.635355  
	2435	  5	  2082	  2134	  7.973059	  -2.431392	  0.656073  
	2440	  5	  1826	  2139	  3.761278	  0.024707	  0.284055  
	2441	  5	  2088	  1862	  4.327322	  0.103760	  0.331910  
	2443	  5	  2090	  992	  3.770376	  -0.074947	  0.166622  
	2444	  5	  2091	  2156	  5.601640	  -0.455973	  0.464070  
	2457	  5	  599	  2152	  5.006513	  -0.326771	  0.394261  
	2460	  5	  1792	  2220	  3.591391	  -0.069829	  0.177233  
	2470	  5	  2117	  711	  4.406014	  -0.088303	  0.615191  
	2483	  5	  1912	  433	  3.351807	  -0.011718	  0.577051  
	2485	  5	  2124	  2234	  5.435321	  -0.499748	  0.900457  
	2495	  5	  2134	  2209	  7.997302	  -2.431392	  0.656073  
	2496	  5	  1976	  2178	  4.399803	  -0.171033	  0.785867  
	2504	  5	  2143	  2211	  4.498384	  -0.068296	  0.483652  
	2505	  5	  2094	  1084	  3.373432	  -0.021549	  0.159746  
	2511	  5	  433	  2217	  3.440866	  0.018779	  0.732933  
	2513	  5	  2152	  960	  5.016609	  -0.326771	  0.394261  
	2532	  5	  2171	  2227	  4.096588	  0.123902	  0.319580  
	2533	  5	  599	  1644	  5.134690	  0.289508	  0.460685  
	2546	  5	  2086	  552	  5.647893	  -1.262765	  0.899654  
	2547	  5	  2139	  2211	  3.730681	  0.024707	  0.284055  
	2563	  5	  2199	  2248	  3.755688	  -0.078764	  0.609556  
	2564	  5	  1927	  1647	  3.108097	  -0.062897	  0.062717  
	2573	  5	  2073	  2235	  6.470246	  1.608888	  0.513997  
	2575	  5	  2209	  2237	  8.017355	  -2.431392	  0.656073  
	2576	  5	  2179	  2238	  5.003378	  -1.237361	  0.469557  
	2583	  5	  2217	  2211	  3.591780	  0.018779	  0.732933  
	2584	  5	  2190	  853	  5.093016	  -0.275634	  0.552887  
	2601	  5	  2235	  2252	  6.424671	  1.608888	  0.513997  
	2603	  5	  2237	  2253	  8.032647	  -2.431392	  0.656073  
	2604	  5	  2238	  2254	  4.956731	  -1.237361	  0.469557  
	2605	  5	  2211	  2255	  3.830745	  -0.064803	  0.396458  
	2609	  5	  2220	  1695	  3.519535	  -0.069829	  0.177233  
	2618	  5	  2252	  2262	  6.385534	  1.608888	  0.513997  
	2619	  5	  2253	  2269	  8.049810	  -2.431392	  0.656073  
	2620	  5	  2254	  1291	  4.888981	  -1.237361	  0.469557  
	2621	  5	  2255	  1084	  3.871653	  0.045788	  0.253047  
	2652	  5	  2280	  2286	  5.320917	  0.391226	  0.288955  
 594       total number of nodes
  name    x       y       z
	1	  25.000000	  77.900002	  500.000000  
	2	  55.000000	  95.199997	  500.000000  
	3	  78.600708	  107.589607	  473.976196  
	5	  84.367332	  111.846855	  400.079163  
	6	  82.348907	  107.181267	  348.174713  
	7	  94.118294	  117.593773	  302.913696  
	11	  88.049187	  112.947174	  100.595909  
	13	  159.512192	  153.913544	  483.787933  
	14	  275.000000	  222.100006	  500.000000  
	15	  245.000000	  204.800003	  500.000000  
	16	  224.546265	  189.719482	  474.434357  
	18	  226.586700	  187.557831	  400.526825  
	19	  238.740219	  184.233307	  354.328827  
	26	  83.199066	  109.105705	  390.028137  
	30	  73.576469	  100.116295	  389.934052  
	32	  229.447052	  186.390350	  141.465668  
	34	  82.174019	  120.977684	  118.895920  
	37	  217.507156	  183.924500	  271.303436  
	40	  61.253860	  89.946785	  388.676971  
	42	  237.203659	  174.969849	  139.210541  
	43	  166.845215	  196.923676	  18.670479  
	44	  80.022148	  116.072617	  435.364960  
	48	  235.020737	  189.942841	  314.390289  
	51	  86.937515	  108.727280	  375.098114  
	54	  49.100666	  80.841171	  386.101532  
	58	  65.623665	  121.103729	  423.988464  
	59	  120.085945	  100.564667	  220.939819  
	60	  72.034508	  142.557510	  121.856590  
	62	  251.686798	  192.891220	  306.087097  
	64	  69.382172	  98.379669	  339.937073  
	65	  101.359612	  106.109718	  375.931488  
	68	  37.765541	  73.162796	  382.457672  
	71	  158.238632	  198.112350	  25.721203  
	74	  66.805809	  153.450790	  123.911964  
	77	  255.043259	  159.085159	  255.545013  
	79	  117.500130	  104.315346	  377.036194  
	83	  102.036690	  111.711266	  308.920807  
	87	  110.020248	  94.066597	  212.765778  
	98	  107.801979	  110.563744	  144.750519  
	99	  271.185730	  187.242172	  292.140869  
	100	  264.893951	  152.259583	  252.056717  
	101	  46.675976	  84.165680	  329.501862  
	102	  132.672516	  104.244850	  378.944763  
	106	  111.060219	  106.636780	  318.047058  
	107	  75.108635	  90.638039	  354.319366  
	108	  225.381119	  196.448013	  144.422379  
	109	  118.049820	  85.882736	  206.120300  
	110	  89.529892	  95.648926	  217.855972  
	111	  69.227341	  113.874741	  154.068314  
	113	  221.817993	  183.593170	  440.660950  
	115	  224.586502	  173.383102	  269.526978  
	118	  84.658714	  118.793404	  424.224792  
	119	  264.075165	  71.102554	  384.646729  
	121	  34.563816	  147.587875	  149.539673  
	124	  158.449646	  130.629333	  206.203705  
	125	  47.270916	  194.833115	  137.689651  
	126	  119.572197	  102.069450	  160.721542  
	127	  31.354858	  188.929520	  282.195221  
	130	  147.280548	  105.601776	  382.457581  
	134	  120.698570	  102.721764	  329.748901  
	136	  220.027863	  205.516281	  147.073563  
	137	  129.690247	  73.859131	  199.649765  
	139	  50.473183	  107.113617	  149.147339  
	141	  220.080948	  174.438095	  434.078674  
	142	  222.294159	  171.224808	  81.201538  
	143	  218.558762	  167.360428	  275.365570  
	145	  60.381084	  96.398628	  -0.119882  
	146	  90.131004	  128.100266	  423.696228  
	147	  43.250824	  63.134277	  372.042664  
	148	  196.678680	  236.131622	  0.023777  
	152	  248.485458	  81.574997	  388.680267  
	154	  47.715889	  144.459702	  153.489944  
	157	  174.820114	  135.933151	  203.554718  
	158	  38.021042	  194.880981	  144.866684  
	159	  115.190529	  92.926468	  169.815002  
	162	  149.770081	  286.716644	  317.309143  
	163	  160.631210	  107.870186	  387.920959  
	167	  131.582764	  98.448013	  340.166718  
	168	  100.767570	  55.135731	  378.168793  
	169	  210.619583	  216.685043	  149.390198  
	170	  136.389221	  66.010872	  187.173355  
	171	  59.151917	  72.374634	  241.276321  
	176	  207.977783	  158.132629	  287.272064  
	177	  103.810585	  150.894257	  309.878815  
	179	  96.970604	  141.680954	  421.414246  
	180	  177.511566	  277.732300	  360.548218  
	183	  260.161041	  153.971558	  295.571320  
	186	  222.597000	  174.843033	  294.790710  
	190	  99.111954	  133.975052	  303.972626  
	193	  81.404938	  108.973717	  463.577942  
	194	  83.648499	  99.897087	  176.576645  
	197	  238.163834	  90.451324	  392.082428  
	198	  152.246796	  279.609039	  239.662949  
	199	  82.991867	  135.167007	  162.293274  
	202	  189.233841	  140.651627	  203.548416  
	203	  31.477884	  196.027176	  153.503784  
	204	  112.378471	  84.264305	  181.135437  
	206	  47.324505	  126.811134	  231.714432  
	208	  170.946213	  110.258621	  394.366119  
	211	  142.277969	  92.443039	  347.996429  
	212	  109.080826	  46.119022	  384.009918  
	214	  145.962341	  57.982159	  169.711304  
	215	  52.115749	  63.631714	  240.879166  
	219	  209.265930	  127.357796	  61.067097  
	220	  197.137131	  151.504272	  295.593231  
	221	  102.043770	  154.079758	  321.651978  
	223	  103.910347	  155.246674	  416.640564  
	224	  180.113739	  266.797119	  348.873169  
	227	  253.906784	  139.404327	  298.128662  
	237	  93.019653	  103.321487	  457.295074  
	238	  94.204758	  118.622314	  357.069611  
	244	  90.252670	  108.250504	  253.447784  
	253	  147.405243	  200.892151	  42.209877  
	255	  228.450043	  101.300919	  396.336517  
	256	  144.587311	  288.113586	  233.702652  
	259	  252.480515	  136.793671	  385.192535  
	260	  199.646744	  143.527405	  205.301544  
	264	  55.915398	  122.762672	  226.900284  
	269	  151.477112	  84.617523	  352.458771  
	270	  117.080849	  33.905090	  390.444153  
	273	  171.733826	  277.524841	  242.749771  
	277	  202.702637	  120.853012	  45.547131  
	278	  190.472504	  145.230499	  301.650909  
	279	  98.203758	  158.551956	  335.128967  
	281	  108.722580	  163.674026	  411.064606  
	282	  180.746185	  255.663254	  337.632477  
	283	  175.247620	  207.320282	  23.856174  
	285	  244.887726	  122.967705	  300.734497  
	287	  265.038025	  177.247101	  352.536835  
	288	  236.486572	  151.863037	  303.526123  
	292	  126.288139	  166.928864	  299.483765  
	295	  100.848190	  98.409409	  451.671753  
	297	  84.138809	  74.219170	  170.603653  
	302	  137.273163	  194.986649	  65.224129  
	311	  129.258987	  286.949066	  382.070343  
	315	  80.960297	  118.041656	  155.765808  
	317	  267.815765	  70.877983	  226.334976  
	325	  66.240822	  115.881966	  222.883270  
	330	  162.967194	  69.424934	  353.753571  
	331	  124.370308	  20.745028	  396.106079  
	334	  162.628799	  270.165253	  244.818130  
	340	  93.120956	  164.764450	  348.455902  
	347	  234.438156	  162.698273	  -0.031766  
	348	  279.386017	  175.416336	  348.166260  
	351	  143.730942	  23.018017	  318.982666  
	355	  25.314482	  77.176704	  117.313919  
	356	  109.471581	  90.891121	  444.019318  
	357	  110.101196	  138.115738	  375.035645  
	364	  58.147842	  221.536362	  139.071655  
	365	  65.746445	  79.723106	  355.166321  
	366	  224.741028	  143.986191	  404.248596  
	369	  121.293327	  275.471191	  378.894073  
	371	  228.633575	  192.701035	  427.057800  
	381	  213.339844	  123.741852	  405.497040  
	382	  257.524109	  81.339813	  212.650650  
	383	  117.721092	  149.135330	  180.527039  
	390	  106.925514	  252.998581	  287.550079  
	394	  262.597321	  234.919510	  401.329620  
	403	  88.274101	  172.865433	  360.874847  
	406	  178.555557	  232.938538	  318.524628  
	407	  161.716553	  281.030701	  32.196178  
	409	  255.100647	  147.935623	  -0.443091  
	410	  34.021057	  175.046265	  344.464264  
	412	  277.792664	  198.714569	  215.114243  
	415	  141.940018	  182.641647	  292.856049  
	418	  116.479713	  82.428726	  437.356293  
	419	  113.782700	  147.124756	  384.435333  
	420	  92.417015	  54.889317	  145.256470  
	421	  178.431641	  261.764282	  202.841141  
	426	  56.632492	  78.755989	  349.788818  
	430	  110.959206	  264.136566	  376.169556  
	432	  240.490982	  205.857498	  426.526520  
	433	  60.515491	  107.058296	  0.101099  
	437	  21.088165	  138.404404	  384.726135  
	439	  231.706177	  202.023438	  316.394836  
	440	  66.789047	  109.017479	  336.265625  
	443	  136.657745	  71.561256	  208.032837  
	444	  233.488815	  201.486221	  190.520477  
	447	  98.385056	  43.376129	  0.097529  
	448	  75.460114	  62.910866	  175.914673  
	452	  96.277145	  61.577160	  154.692169  
	454	  94.492645	  134.474396	  160.193985  
	455	  248.187820	  103.068237	  213.989029  
	456	  129.166183	  150.585571	  177.665482  
	463	  99.002205	  249.988159	  280.587646  
	465	  226.953903	  156.322937	  78.435822  
	466	  181.103790	  64.762230	  349.224518  
	467	  271.360413	  227.023987	  406.059937  
	469	  181.607986	  19.151325	  140.331192  
	475	  85.236946	  181.662354	  371.462372  
	476	  181.185608	  243.585922	  72.094444  
	480	  241.785065	  71.759438	  302.797821  
	482	  47.498165	  176.184357	  340.249237  
	485	  157.103653	  47.823006	  311.766907  
	489	  262.390656	  81.874718	  67.466599  
	490	  122.505867	  72.686821	  431.816925  
	492	  89.473755	  47.979126	  133.425034  
	498	  48.228725	  78.238586	  342.339050  
	502	  99.326569	  254.478195	  374.715363  
	503	  248.927292	  217.619659	  423.838440  
	504	  37.032726	  112.131386	  -0.242402  
	506	  277.631470	  202.442215	  286.302551  
	507	  81.084785	  172.714493	  324.136475  
	508	  32.204865	  141.369919	  387.392700  
	510	  241.514252	  211.002731	  318.601013  
	511	  56.089478	  108.955429	  327.514893  
	520	  218.023819	  190.988235	  33.363194  
	521	  247.557617	  132.113388	  304.014618  
	522	  110.565956	  58.606369	  150.836441  
	527	  34.438660	  77.640762	  325.415070  
	535	  238.631241	  114.465599	  297.416077  
	538	  224.740570	  188.371429	  225.426773  
	539	  240.682205	  114.312103	  213.528427  
	543	  224.850952	  135.222107	  211.445572  
	545	  154.139618	  22.911301	  213.829239  
	550	  190.934280	  58.384594	  342.438385  
	551	  20.941648	  221.510223	  410.740723  
	552	  96.547981	  52.933132	  229.179489  
	553	  58.686153	  237.183823	  142.920929  
	554	  147.518188	  241.765259	  282.660583  
	559	  173.934158	  243.491211	  84.809006  
	563	  240.803131	  59.579987	  305.805237  
	565	  59.945415	  178.651688	  335.338776  
	568	  160.411835	  63.152214	  317.654419  
	572	  252.550339	  81.679535	  59.105106  
	573	  127.863441	  60.097649	  426.658203  
	574	  113.239517	  158.438629	  399.389252  
	575	  87.939896	  43.136707	  122.376442  
	580	  209.671906	  34.606709	  161.406982  
	585	  89.177231	  248.087738	  374.825165  
	586	  253.471771	  227.939468	  420.712311  
	589	  23.187731	  211.594101	  283.169830  
	593	  47.568680	  109.424347	  318.759766  
	595	  174.571487	  55.852654	  218.789032  
	599	  226.463333	  231.661087	  30.996794  
	605	  23.597853	  79.592857	  314.214478  
	606	  254.708038	  178.558899	  356.285675  
	608	  154.930222	  115.194901	  170.505356  
	612	  101.905113	  43.856918	  214.749985  
	613	  229.986954	  103.540375	  291.621307  
	615	  167.800781	  34.485649	  134.105103  
	617	  232.441528	  194.790848	  211.962708  
	620	  264.333099	  150.346649	  140.968903  
	623	  36.055664	  136.883026	  41.621349  
	635	  65.560226	  54.764145	  183.619812  
	640	  230.667496	  123.999619	  212.125259  
	645	  275.514191	  217.449127	  203.013000  
	646	  162.506073	  13.215187	  217.893005  
	647	  116.789627	  217.669327	  191.224640  
	650	  198.310303	  50.202888	  332.889587  
	651	  30.495087	  218.366333	  415.400269  
	652	  105.440727	  52.002430	  240.422089  
	653	  124.126289	  231.210541	  283.564209  
	654	  112.456482	  260.722931	  139.970596  
	656	  154.949509	  93.670639	  327.890808  
	657	  82.571999	  203.441422	  393.555817  
	661	  108.301079	  273.985748	  307.520752  
	663	  69.050575	  181.467270	  330.746033  
	666	  164.625351	  77.114929	  322.789459  
	667	  50.401398	  208.050125	  371.788116  
	669	  194.201859	  46.556557	  183.830048  
	670	  242.282242	  84.253609	  43.197876  
	671	  130.681885	  46.535561	  422.051636  
	673	  87.309166	  39.579220	  110.682182  
	679	  235.589691	  153.291306	  394.352020  
	686	  79.367470	  211.453537	  322.801117  
	688	  135.678131	  8.681999	  327.227905  
	691	  180.378632	  56.349274	  227.959518  
	697	  133.588989	  52.824005	  141.351242  
	699	  141.083466	  121.618225	  141.782242  
	701	  275.362457	  79.956993	  304.889313  
	708	  109.085472	  37.929058	  219.623489  
	709	  221.861908	  92.045563	  284.093231  
	711	  170.634674	  47.068810	  103.903458  
	712	  215.431320	  146.142990	  210.032669  
	718	  20.131138	  146.371735	  39.195232  
	719	  33.989784	  89.191574	  130.351059  
	721	  115.020317	  259.424622	  303.414490  
	723	  165.626236	  105.357361	  177.568085  
	726	  107.125473	  231.086151	  53.006447  
	728	  177.753006	  210.299805	  314.468231  
	731	  191.789093	  105.779343	  116.604790  
	734	  94.589905	  120.708298	  146.422806  
	740	  39.123196	  96.027512	  -0.165273  
	742	  145.209137	  50.072136	  151.850418  
	764	  121.713676	  222.418655	  178.558258  
	768	  41.241756	  217.241592	  420.650543  
	769	  114.904037	  51.830551	  248.068588  
	771	  117.004158	  269.286438	  151.105453  
	773	  152.335968	  83.071320	  326.752106  
	778	  103.634644	  262.982666	  308.924927  
	781	  32.750164	  206.259903	  220.254761  
	782	  167.384247	  89.626701	  325.178223  
	787	  130.422272	  35.056576	  418.279022  
	789	  87.582176	  36.609352	  95.765823  
	794	  222.654495	  54.413021	  179.595612  
	802	  84.209602	  224.479889	  319.355408  
	804	  141.956161	  15.622863	  336.138306  
	807	  188.937531	  59.141808	  240.383957  
	810	  249.636017	  233.716782	  44.801140  
	812	  133.847687	  53.541260	  126.744507  
	814	  150.817688	  119.528366	  137.110901  
	816	  267.154236	  79.017052	  294.193298  
	817	  249.287247	  169.013550	  372.918976  
	822	  115.345360	  31.128874	  228.238190  
	823	  214.268600	  82.408272	  275.285706  
	828	  223.124496	  232.286835	  16.488855  
	834	  184.224869	  142.294098	  -0.205326  
	835	  173.748413	  100.630058	  181.726852  
	838	  98.580765	  237.029984	  54.443668  
	839	  139.606644	  18.011333	  334.281342  
	841	  180.334702	  101.351738	  29.484396  
	853	  154.442017	  278.440094	  120.794769  
	855	  188.192062	  244.549255	  56.163364  
	858	  229.502319	  142.460495	  95.518898  
	860	  217.410110	  45.457630	  170.658661  
	861	  270.280029	  207.090088	  189.294128  
	863	  25.804005	  133.441040	  248.387756  
	864	  204.699646	  190.309387	  271.343018  
	870	  114.993950	  134.624985	  158.722321  
	871	  178.914459	  52.712460	  208.591370  
	875	  135.860245	  163.477249	  204.762939  
	877	  230.514771	  108.521881	  201.961426  
	878	  157.352829	  5.974265	  226.442398  
	879	  47.079571	  219.025726	  230.169861  
	881	  54.472446	  224.848297	  238.866745  
	883	  207.905548	  34.531586	  311.217102  
	884	  54.473972	  218.467270	  426.795532  
	885	  126.044022	  53.507660	  254.050751  
	886	  104.041695	  222.190720	  278.983887  
	889	  152.243225	  70.691940	  323.288940  
	890	  84.167404	  222.806000	  411.966064  
	891	  147.126968	  235.436554	  130.139877  
	896	  279.713959	  118.906921	  304.066040  
	902	  221.722305	  99.799187	  0.231935  
	907	  197.872070	  103.784630	  84.212257  
	909	  203.242218	  104.857826	  -0.262786  
	915	  169.823303	  14.512324	  392.309937  
	916	  200.297989	  43.006657	  74.755440  
	920	  145.860107	  24.371883	  341.544067  
	923	  195.613052	  63.464920	  249.858414  
	926	  262.030640	  233.083481	  55.887077  
	936	  124.188797	  237.671295	  164.617966  
	940	  235.638092	  109.190056	  -0.233578  
	945	  98.432053	  254.315033	  309.649933  
	947	  185.598984	  96.614075	  186.078613  
	956	  189.010162	  65.294395	  162.985916  
	960	  219.589035	  257.421814	  69.116623  
	969	  191.569443	  196.371674	  270.162689  
	975	  127.046944	  22.233236	  414.026947  
	979	  72.888832	  201.831284	  146.436829  
	982	  148.519913	  66.103271	  221.576508  
	992	  77.183922	  105.221809	  64.300316  
	1000	  228.425583	  98.290466	  195.903381  
	1001	  163.476089	  10.588668	  237.932877  
	1002	  60.625652	  213.766937	  244.291031  
	1006	  195.583633	  35.419636	  305.647949  
	1007	  68.782867	  220.977722	  431.037964  
	1011	  72.787666	  219.711151	  0.296583  
	1012	  154.005997	  58.737129	  318.071930  
	1013	  86.889221	  233.693909	  422.919708  
	1024	  121.506355	  273.828949	  159.890747  
	1026	  201.756271	  79.183357	  133.326309  
	1047	  251.908249	  74.568779	  271.432312  
	1055	  161.947189	  46.200356	  38.904739  
	1056	  246.977676	  242.965530	  242.428543  
	1062	  77.429337	  257.457855	  66.511696  
	1070	  26.266644	  210.607056	  210.994202  
	1071	  105.974815	  166.496841	  182.337906  
	1078	  223.172775	  70.002762	  175.755875  
	1080	  27.611629	  124.679413	  262.777496  
	1081	  177.465302	  201.585114	  268.783447  
	1084	  24.138390	  121.494270	  -0.189567  
	1087	  117.048180	  25.418324	  411.832428  
	1088	  24.135952	  198.287277	  171.856216  
	1091	  81.820396	  196.144257	  153.956970  
	1092	  240.964661	  90.101448	  294.777161  
	1094	  147.691040	  64.751579	  235.718170  
	1097	  68.945236	  243.120575	  268.632904  
	1098	  155.309479	  193.122559	  303.031372  
	1118	  170.601807	  53.314461	  86.002022  
	1125	  195.533203	  95.012199	  188.543839  
	1129	  169.183136	  13.795054	  250.413467  
	1130	  69.388481	  209.737198	  251.365204  
	1135	  146.781479	  60.279648	  260.530212  
	1136	  95.434669	  217.350555	  274.046265  
	1137	  216.455399	  96.388435	  147.333496  
	1139	  88.656906	  243.756973	  434.815918  
	1144	  33.796040	  112.243828	  300.990387  
	1146	  58.291096	  233.110443	  379.364929  
	1149	  112.768158	  47.632069	  76.311508  
	1152	  191.304611	  115.901009	  -0.289898  
	1158	  160.129608	  48.271397	  281.944946  
	1159	  176.948166	  85.584564	  63.894608  
	1164	  137.801941	  67.965088	  62.779228  
	1177	  210.142593	  95.049454	  191.257751  
	1185	  207.477097	  84.950859	  157.274719  
	1186	  33.864304	  213.055832	  218.950134  
	1190	  183.306458	  95.242073	  63.746483  
	1192	  213.700607	  96.972404	  116.525482  
	1194	  222.590332	  91.100990	  172.373932  
	1197	  164.745453	  205.878799	  269.549103  
	1200	  272.773804	  132.005127	  -0.328808  
	1203	  107.008980	  26.864120	  410.074829  
	1206	  144.647018	  94.580811	  248.766327  
	1207	  92.006912	  191.900391	  164.966217  
	1212	  140.909256	  150.187836	  176.191971  
	1213	  57.638355	  243.414688	  271.409058  
	1219	  151.904907	  156.897873	  144.346298  
	1224	  159.239655	  227.079895	  271.271942  
	1229	  225.619156	  44.629959	  194.700104  
	1236	  109.937386	  69.459366	  205.012177  
	1237	  166.375946	  41.576088	  299.080872  
	1238	  68.754227	  153.475647	  164.678741  
	1239	  234.794159	  175.120544	  7.649274  
	1245	  86.130783	  245.206100	  55.362015  
	1255	  123.310638	  171.071152	  228.537979  
	1262	  88.884048	  219.728806	  431.596100  
	1265	  222.742813	  105.325829	  169.302872  
	1267	  88.813347	  253.659851	  447.402252  
	1271	  168.500336	  106.087135	  324.937836  
	1275	  130.600906	  59.689995	  82.178162  
	1282	  162.171616	  56.536701	  78.470680  
	1284	  172.964630	  74.820656	  64.909103  
	1288	  169.972961	  61.012390	  67.290382  
	1291	  240.449280	  72.787651	  250.517059  
	1295	  136.117508	  54.500061	  262.361359  
	1305	  179.635162	  78.338921	  97.814728  
	1318	  264.598419	  139.849533	  -0.066528  
	1322	  105.314186	  186.414658	  177.569122  
	1327	  177.525986	  17.461365	  273.242279  
	1340	  108.930939	  186.728912	  242.727036  
	1343	  135.100174	  154.070374	  118.466118  
	1352	  97.224335	  122.689507	  8.685071  
	1356	  221.315079	  197.056046	  250.443146  
	1362	  51.256168	  234.170212	  135.432968  
	1369	  145.788818	  78.844147	  37.616325  
	1381	  218.409393	  118.441299	  162.683975  
	1383	  217.152161	  39.460369	  459.038727  
	1418	  108.848534	  209.166809	  212.620331  
	1421	  225.727676	  114.731865	  163.402328  
	1429	  215.678986	  249.898956	  406.300262  
	1450	  266.457794	  182.104431	  -0.335708  
	1451	  142.954453	  192.295303	  276.647797  
	1454	  191.682144	  53.004490	  175.678406  
	1455	  236.371155	  228.339249	  246.311584  
	1456	  227.293381	  220.672150	  249.110428  
	1460	  206.197556	  198.692062	  33.135574  
	1461	  100.697952	  55.452705	  -0.251777  
	1480	  177.699158	  229.775620	  32.788555  
	1493	  214.658249	  50.670605	  467.539368  
	1497	  235.795883	  63.611340	  235.708267  
	1514	  262.275848	  139.491013	  142.187332  
	1519	  181.100189	  51.334610	  76.918892  
	1530	  171.223938	  130.135193	  253.398178  
	1531	  202.875259	  246.867035	  401.759033  
	1536	  147.276520	  83.978607	  254.612686  
	1541	  195.184418	  70.378052	  147.412827  
	1544	  98.737946	  74.156258	  215.006836  
	1547	  127.053337	  192.211426	  265.671997  
	1554	  130.771545	  205.193268	  81.052162  
	1556	  102.937271	  65.208725	  -0.319303  
	1563	  121.704491	  72.120232	  8.572556  
	1568	  84.744583	  43.220280	  -0.120725  
	1570	  211.373596	  44.381859	  80.408226  
	1577	  111.573265	  142.125854	  127.942596  
	1580	  242.613098	  195.347595	  213.321899  
	1581	  111.729439	  240.470108	  120.199471  
	1590	  221.512451	  148.354431	  -0.280654  
	1594	  213.893875	  134.073349	  152.660370  
	1595	  211.553299	  61.747314	  472.284454  
	1599	  110.646286	  74.444611	  75.697151  
	1606	  235.669235	  97.130028	  224.578278  
	1618	  79.110222	  204.644379	  256.355255  
	1620	  234.470413	  130.764969	  151.828613  
	1622	  51.257133	  89.889862	  274.219604  
	1624	  194.322739	  245.069107	  396.612366  
	1632	  115.036011	  126.253052	  30.851965  
	1640	  222.402908	  241.870865	  248.128418  
	1641	  28.486889	  113.999886	  158.538315  
	1642	  276.287476	  98.823647	  181.224518  
	1643	  124.991859	  213.206985	  92.057915  
	1644	  218.567459	  213.599503	  26.701700  
	1646	  148.761841	  4.823797	  75.383141  
	1647	  136.296417	  114.967567	  112.821609  
	1648	  176.919296	  23.170767	  137.216400  
	1658	  222.892487	  44.196980	  85.925873  
	1659	  176.238205	  244.646561	  33.528759  
	1660	  67.874031	  206.930298	  -0.199393  
	1662	  111.860466	  148.844925	  113.459549  
	1664	  254.946625	  195.108276	  213.877457  
	1666	  240.683701	  83.558159	  226.042999  
	1678	  146.037399	  125.899406	  95.217484  
	1682	  233.927231	  117.021408	  99.887550  
	1685	  132.139984	  265.798859	  102.091705  
	1695	  211.095703	  141.791962	  145.438263  
	1696	  208.315491	  71.483315	  473.194366  
	1699	  98.616112	  84.817436	  71.456444  
	1706	  120.949692	  110.876320	  115.219284  
	1717	  46.613232	  179.122482	  168.978638  
	1735	  21.881783	  104.861801	  172.435837  
	1752	  266.697296	  195.968307	  213.776169  
	1764	  110.711533	  251.406860	  130.380615  
	1766	  205.712936	  146.835922	  204.633133  
	1779	  103.517014	  262.539642	  183.877350  
	1784	  245.565887	  84.334709	  215.241119  
	1788	  129.824860	  149.726257	  225.677673  
	1792	  174.965759	  156.618896	  145.550140  
	1800	  138.959915	  76.296577	  263.287231  
	1810	  156.272949	  129.654602	  241.023865  
	1823	  276.078918	  210.694260	  71.901543  
	1825	  121.118370	  164.913483	  146.362564  
	1826	  62.731487	  192.813690	  -0.222785  
	1831	  108.628319	  267.479523	  92.848366  
	1837	  257.053406	  102.930984	  76.644218  
	1838	  164.711426	  267.609772	  209.681946  
	1839	  135.932571	  11.326873	  0.075304  
	1842	  127.468811	  127.066177	  53.261208  
	1854	  111.526314	  254.216339	  175.081482  
	1861	  151.959808	  136.227005	  196.095459  
	1862	  130.338791	  178.090576	  74.259781  
	1880	  220.707016	  145.252884	  122.613152  
	1881	  202.582153	  86.494843	  469.046570  
	1884	  85.604210	  97.447182	  66.705574  
	1896	  244.329590	  141.296875	  143.595276  
	1897	  56.460724	  81.721054	  260.329407  
	1906	  21.470892	  122.451942	  152.865417  
	1909	  272.651276	  198.833893	  68.572342  
	1912	  77.868927	  93.054436	  -0.204467  
	1914	  118.502785	  266.459351	  96.802238  
	1917	  142.156769	  284.912720	  198.920639  
	1927	  148.964798	  115.793579	  98.925186  
	1938	  145.774323	  143.424652	  185.408340  
	1940	  226.473679	  144.557831	  106.150574  
	1948	  50.643162	  127.149002	  47.851860  
	1949	  257.275055	  164.332581	  57.304455  
	1952	  243.424606	  105.535736	  4.466033  
	1959	  132.526352	  140.550415	  222.557556  
	1960	  104.076973	  207.802872	  223.435471  
	1972	  252.567154	  148.299515	  140.162231  
	1975	  182.199493	  243.537323	  385.311157  
	1976	  114.194969	  179.398346	  165.791168  
	1987	  117.433739	  225.240326	  105.638885  
	1990	  50.209011	  70.161194	  121.232964  
	1991	  189.483261	  144.597580	  194.084427  
	2010	  253.161285	  106.157394	  0.103085  
	2016	  183.882050	  240.938538	  148.030502  
	2022	  226.269775	  182.680405	  125.805046  
	2030	  232.379913	  113.864540	  218.613571  
	2031	  137.554733	  99.167076	  247.775787  
	2045	  55.323265	  80.082596	  110.661949  
	2046	  181.702591	  142.152756	  187.704880  
	2067	  152.838379	  142.110825	  173.977310  
	2073	  197.596344	  98.369690	  459.537567  
	2078	  137.048035	  105.183151	  237.686066  
	2082	  173.708160	  243.952164	  373.385681  
	2086	  91.970474	  36.511570	  241.087158  
	2088	  117.282578	  160.098877	  94.232025  
	2090	  59.984528	  86.950302	  100.559418  
	2091	  174.301819	  138.592972	  180.298233  
	2094	  265.889618	  109.935875	  -0.109265  
	2117	  163.204453	  30.318819	  94.608009  
	2124	  119.399269	  141.619629	  203.816315  
	2134	  169.049393	  245.559341	  363.597748  
	2139	  48.071682	  164.231140	  -0.269356  
	2143	  23.317343	  162.840530	  -0.214704  
	2152	  222.288513	  249.143646	  54.788845  
	2156	  162.073990	  131.678314	  170.226837  
	2160	  272.914642	  84.082413	  69.853180  
	2171	  218.410156	  101.834496	  134.479965  
	2178	  119.278267	  171.761368	  154.787781  
	2179	  239.079407	  84.827347	  286.106415  
	2190	  161.656921	  264.603882	  133.800797  
	2197	  203.693573	  114.405777	  65.571457  
	2199	  141.159317	  122.688019	  123.470093  
	2209	  163.804581	  250.064743	  346.038635  
	2211	  38.192261	  151.246475	  -0.315042  
	2217	  47.287006	  136.168198	  -0.316839  
	2220	  194.355011	  151.025421	  146.168030  
	2227	  225.110886	  105.307114	  125.068237  
	2232	  277.347992	  173.921753	  -0.174067  
	2234	  107.972641	  147.269211	  184.129974  
	2235	  192.929718	  109.849632	  440.056580  
	2237	  161.655930	  252.456924	  333.488708  
	2238	  238.158401	  79.527618	  275.214355  
	2248	  121.333313	  147.238922	  129.089188  
	2252	  192.374863	  114.284744	  426.319214  
	2253	  159.598038	  253.302826	  318.143402  
	2254	  238.447037	  76.094833	  265.371704  
	2255	  42.611095	  130.312607	  -0.334128  
	2262	  193.995850	  116.697960	  414.635925  
	2269	  155.621613	  250.304474	  287.103455  
	2280	  152.300278	  266.719910	  110.326645  
	2286	  157.104584	  247.605530	  109.101151  
   2  total number of boundary nodes
node bctyp press/flow   HD    PO2
	1	  0	  100.000000	  0.400000	  100.000000
	14	  0	  20.000000	  0.400000	  18.000000

