315559 200 10.000020 Current network file generated by angioadapt
  300.000000  300.000000  500.000000	box dimensions in microns
  12    12    20 	number of tissue points in x,y,z directions
  0.000000			outer bound distance (100. in test case)
  75.000000				max. segment length.  (5. in test case)
   40				nodsegm, max. number of segments per node
  554				total number of segments 
  name type from  to  diam       flow
	1	  4	  1	  2	  8.000000	  64.361038	  0.400000  
	2	  3	  2	  3	  10.232941	  64.361038	  0.400000  
	3	  5	  3	  44	  10.463025	  59.281918	  0.429720  
	4	  5	  44	  119	  10.313044	  45.040695	  0.467047  
	5	  5	  5	  26	  10.543090	  41.369244	  0.499257  
	6	  5	  6	  50	  10.708746	  30.027969	  0.567530  
	7	  5	  7	  235	  10.542055	  17.843739	  0.628295  
	8	  5	  8	  89	  10.804906	  15.798961	  0.662097  
	9	  5	  90	  484	  10.622314	  6.842455	  0.777382  
	10	  5	  484	  236	  9.763305	  4.217065	  0.748463  
	12	  5	  3	  13	  3.767288	  5.079117	  0.053119  
	13	  5	  13	  16	  4.613926	  5.079117	  0.053119  
	14	  4	  14	  15	  16.000000	  -64.361038	  0.400000  
	15	  3	  15	  16	  12.299239	  -64.361038	  0.400000  
	16	  5	  16	  142	  12.300773	  -59.281918	  0.429720  
	17	  5	  142	  237	  11.732473	  -45.303810	  0.456477  
	18	  5	  18	  300	  11.835728	  -45.303810	  0.456477  
	19	  5	  19	  36	  10.815566	  -31.638002	  0.449405  
	21	  5	  21	  758	  9.145683	  -7.985044	  0.564635  
	25	  5	  26	  51	  10.408103	  32.754368	  0.535026  
	26	  5	  31	  239	  8.773645	  -4.997455	  0.631656  
	29	  5	  26	  30	  6.121512	  8.614876	  0.363262  
	35	  5	  36	  198	  9.745807	  -16.369623	  0.509052  
	36	  5	  37	  21	  9.043869	  -7.985044	  0.564635  
	39	  5	  30	  54	  6.419048	  8.614876	  0.363262  
	40	  5	  31	  1265	  5.359751	  -0.816474	  0.771277  
	45	  5	  77	  1075	  5.081680	  0.471210	  0.613430  
	47	  5	  36	  86	  8.094909	  -8.311936	  0.437630  
	48	  5	  37	  291	  4.998868	  -1.153310	  0.454018  
	50	  5	  51	  6	  10.574116	  30.027969	  0.567530  
	57	  5	  44	  58	  6.910812	  14.241221	  0.311666  
	58	  5	  89	  59	  6.262538	  3.189939	  0.428169  
	59	  5	  1075	  98	  4.565383	  0.320760	  0.680929  
	61	  5	  86	  78	  8.202683	  -8.311936	  0.437630  
	63	  5	  50	  102	  6.945314	  8.452329	  0.496921  
	64	  5	  51	  65	  3.516337	  2.726398	  0.177039  
	67	  5	  68	  19	  10.743454	  -31.638002	  0.449405  
	68	  5	  198	  37	  9.098362	  -9.138353	  0.550674  
	69	  5	  54	  70	  4.674186	  4.433044	  0.378543  
	70	  5	  1265	  459	  4.494009	  -0.638974	  0.793205  
	71	  5	  56	  72	  4.602710	  -0.320760	  0.680929  
	73	  5	  58	  74	  7.057173	  14.241221	  0.311666  
	74	  5	  59	  75	  6.464999	  3.189939	  0.428169  
	76	  5	  11	  77	  6.907928	  -0.949911	  0.799457  
	78	  5	  291	  79	  4.931942	  -1.153310	  0.454018  
	80	  5	  65	  81	  3.850800	  2.726398	  0.177039  
	83	  5	  68	  84	  5.285290	  -2.673107	  0.338763  
	91	  5	  70	  120	  4.898436	  4.433044	  0.378543  
	93	  5	  72	  150	  4.588450	  -0.320760	  0.680929  
	95	  5	  74	  531	  7.238341	  14.241221	  0.311666  
	96	  5	  75	  97	  6.595849	  3.189939	  0.428169  
	99	  5	  78	  243	  8.272243	  -8.311936	  0.437630  
	100	  5	  79	  623	  4.862063	  -1.153310	  0.454018  
	102	  5	  81	  103	  4.079649	  2.726398	  0.177039  
	105	  5	  84	  106	  5.209291	  -2.673107	  0.338763  
	106	  5	  198	  647	  7.005530	  -3.402325	  0.511304  
	110	  5	  89	  110	  5.264098	  2.599186	  0.564702  
	111	  5	  90	  111	  7.543255	  3.167381	  0.728563  
	112	  5	  484	  112	  4.261987	  0.632583	  0.673471  
	113	  5	  484	  113	  5.283270	  0.862362	  0.857702  
	119	  5	  119	  5	  10.458378	  41.369244	  0.499257  
	124	  5	  531	  124	  4.328117	  6.818667	  0.386247  
	125	  5	  97	  477	  6.735018	  3.189939	  0.428169  
	130	  5	  102	  130	  6.621640	  5.877356	  0.543178  
	131	  5	  103	  131	  4.252013	  2.726398	  0.177039  
	134	  5	  106	  134	  5.132343	  -2.673107	  0.338763  
	135	  5	  647	  478	  6.947318	  -3.149521	  0.550507  
	138	  5	  110	  191	  5.514678	  2.599186	  0.564702  
	139	  5	  111	  1800	  8.094501	  3.167381	  0.728563  
	141	  5	  113	  141	  5.579922	  0.862362	  0.857702  
	143	  5	  115	  143	  5.654854	  -0.256135	  0.782182  
	145	  5	  54	  145	  4.755033	  2.219979	  0.314616  
	147	  5	  119	  147	  3.951503	  3.671453	  0.104103  
	153	  5	  120	  422	  5.151995	  4.433044	  0.378543  
	157	  5	  124	  532	  4.708393	  6.818667	  0.386247  
	158	  5	  477	  158	  5.911818	  1.678844	  0.402613  
	161	  5	  243	  1169	  8.412380	  -8.311936	  0.437630  
	163	  5	  130	  163	  4.761944	  2.223382	  0.503996  
	164	  5	  131	  164	  4.396974	  2.726398	  0.177039  
	167	  5	  134	  167	  5.051416	  -2.673107	  0.338763  
	168	  5	  478	  213	  7.038512	  -3.149521	  0.550507  
	174	  5	  141	  1061	  5.806638	  0.862362	  0.857702  
	175	  5	  142	  175	  5.013698	  -2.726398	  0.177039  
	176	  5	  143	  176	  5.737766	  -0.256135	  0.782182  
	178	  5	  145	  178	  5.019672	  2.219979	  0.314616  
	180	  5	  147	  180	  4.282007	  3.671453	  0.104103  
	181	  5	  148	  250	  3.692155	  -0.563334	  0.058862  
	182	  5	  102	  182	  4.698130	  1.863719	  0.458790  
	184	  5	  151	  184	  4.005462	  0.209343	  0.681005  
	186	  5	  36	  186	  6.686446	  -3.586575	  0.435968  
	188	  5	  31	  188	  5.854978	  -0.656007	  0.918055  
	195	  5	  236	  77	  8.644560	  2.165510	  0.755456  
	196	  5	  237	  18	  11.784821	  -45.303810	  0.456477  
	202	  5	  155	  965	  4.372020	  0.632583	  0.673471  
	207	  5	  160	  715	  4.303424	  0.393725	  0.864469  
	208	  5	  1169	  417	  7.119308	  -2.185925	  0.587180  
	210	  5	  163	  209	  4.935311	  2.223382	  0.503996  
	211	  5	  164	  210	  4.520972	  2.726398	  0.177039  
	213	  5	  167	  212	  4.964741	  -2.673107	  0.338763  
	217	  5	  191	  358	  4.669115	  1.342653	  0.572108  
	221	  5	  175	  220	  4.949838	  -2.726398	  0.177039  
	222	  5	  176	  324	  5.917400	  -0.256135	  0.782182  
	224	  5	  178	  223	  5.170608	  2.219979	  0.314616  
	226	  5	  180	  225	  4.479633	  3.671453	  0.104103  
	228	  5	  182	  227	  4.934301	  1.863719	  0.458790  
	232	  5	  186	  230	  6.730052	  -3.586575	  0.435968  
	233	  5	  187	  231	  4.131272	  -0.778464	  0.361388  
	234	  5	  188	  232	  5.923614	  -0.656007	  0.918055  
	237	  5	  191	  234	  4.562424	  1.256533	  0.556789  
	249	  5	  151	  356	  3.997864	  -0.209343	  0.681005  
	255	  5	  198	  251	  6.316767	  -3.050480	  0.419537  
	256	  5	  300	  68	  10.953741	  -34.311111	  0.440785  
	262	  5	  158	  966	  6.068404	  1.678844	  0.402613  
	266	  5	  209	  262	  5.121939	  2.223382	  0.503996  
	267	  5	  210	  263	  4.626108	  2.726398	  0.177039  
	268	  5	  212	  264	  4.861397	  -2.673107	  0.338763  
	273	  5	  1800	  1512	  5.775002	  1.211795	  0.604372  
	275	  5	  220	  271	  4.869476	  -2.726398	  0.177039  
	278	  5	  223	  274	  5.301857	  2.219979	  0.314616  
	280	  5	  225	  276	  4.634737	  3.671453	  0.104103  
	282	  5	  227	  278	  5.126880	  1.863719	  0.458790  
	285	  5	  230	  281	  6.755999	  -3.586575	  0.435968  
	286	  5	  231	  282	  4.040588	  -0.778464	  0.361388  
	287	  5	  232	  557	  5.998911	  -0.656007	  0.918055  
	289	  5	  234	  268	  4.769543	  1.256533	  0.556789  
	290	  5	  235	  286	  4.953132	  2.044779	  0.367124  
	291	  5	  236	  634	  8.787317	  2.051555	  0.741081  
	293	  5	  624	  420	  4.460637	  -0.190803	  0.839245  
	294	  5	  239	  479	  7.291029	  -2.682830	  0.603348  
	297	  5	  142	  293	  7.158745	  -11.251711	  0.383211  
	299	  5	  356	  294	  5.317965	  0.535046	  0.831547  
	301	  5	  130	  957	  6.221331	  3.653973	  0.567020  
	304	  5	  250	  298	  3.593673	  -0.563334	  0.058862  
	305	  5	  251	  299	  6.366051	  -3.050480	  0.419537  
	309	  5	  36	  148	  3.689433	  -0.563334	  0.058862  
	310	  5	  235	  8	  10.696397	  15.798961	  0.662097  
	314	  5	  965	  308	  5.442208	  1.001089	  0.763351  
	322	  5	  263	  316	  4.710517	  2.726398	  0.177039  
	323	  5	  264	  317	  3.974195	  -1.961853	  0.383779  
	326	  5	  215	  1256	  5.096205	  -0.299632	  0.869919  
	327	  5	  268	  265	  4.885329	  1.256533	  0.556789  
	328	  5	  1512	  322	  4.046257	  0.441090	  0.511076  
	330	  5	  271	  316	  4.785082	  -2.726398	  0.177039  
	333	  5	  274	  326	  5.406626	  2.219979	  0.314616  
	335	  5	  276	  328	  4.754923	  3.671453	  0.104103  
	337	  5	  278	  330	  5.272413	  1.863719	  0.458790  
	338	  5	  938	  617	  3.933411	  0.233886	  0.683431  
	340	  5	  281	  333	  6.779845	  -3.586575	  0.435968  
	341	  5	  282	  334	  3.930130	  -0.778464	  0.361388  
	345	  5	  286	  337	  5.237176	  2.044779	  0.367124  
	346	  5	  634	  1080	  7.056315	  0.891158	  0.725129  
	348	  5	  420	  448	  4.418750	  -0.190803	  0.839245  
	353	  5	  294	  344	  5.575992	  0.535046	  0.831547  
	354	  5	  1940	  1523	  3.580274	  0.051951	  0.254599  
	355	  5	  957	  862	  5.579433	  2.871024	  0.642477  
	357	  5	  298	  421	  3.503390	  -0.563334	  0.058862  
	358	  5	  299	  733	  6.426166	  -3.050480	  0.419537  
	359	  5	  300	  349	  8.936842	  -10.992699	  0.505458  
	360	  5	  155	  112	  4.662607	  -0.632583	  0.673471  
	363	  5	  36	  352	  5.391654	  -2.806533	  0.231930  
	367	  5	  77	  356	  5.983707	  0.744389	  0.789210  
	368	  5	  187	  198	  4.239220	  0.778464	  0.361388  
	371	  5	  410	  31	  9.507448	  -6.469937	  0.678315  
	375	  5	  308	  364	  5.481382	  1.001089	  0.763351  
	376	  5	  309	  710	  4.798669	  -0.339594	  0.734337  
	377	  5	  734	  366	  5.130757	  -1.003500	  0.508987  
	378	  5	  966	  735	  5.862986	  1.337105	  0.468892  
	382	  5	  262	  371	  5.298907	  2.223382	  0.503996  
	383	  5	  317	  54	  3.714779	  -1.961853	  0.383779  
	384	  5	  318	  372	  6.691360	  -1.892989	  0.546338  
	387	  5	  265	  318	  6.681193	  -1.892989	  0.546338  
	388	  5	  322	  643	  4.276477	  0.441090	  0.511076  
	390	  5	  324	  1618	  4.996812	  -0.149066	  0.797696  
	392	  5	  326	  503	  5.511572	  2.219979	  0.314616  
	394	  5	  328	  381	  4.852300	  3.671453	  0.104103  
	396	  5	  330	  383	  5.376115	  1.863719	  0.458790  
	398	  5	  333	  385	  6.804935	  -3.586575	  0.435968  
	399	  5	  334	  386	  3.799409	  -0.778464	  0.361388  
	402	  5	  337	  389	  5.418416	  2.044779	  0.367124  
	407	  5	  1277	  215	  4.839451	  -0.299632	  0.869919  
	408	  5	  293	  532	  6.855353	  -11.251711	  0.383211  
	414	  5	  349	  401	  8.961602	  -10.992699	  0.505458  
	417	  5	  352	  404	  5.407689	  -2.806533	  0.231930  
	418	  5	  1169	  461	  5.895954	  -3.399663	  0.200599  
	423	  5	  358	  408	  4.794679	  1.342653	  0.572108  
	439	  5	  364	  424	  5.495529	  1.001089	  0.763351  
	441	  5	  366	  426	  5.095354	  -1.003500	  0.508987  
	444	  5	  417	  1067	  7.290240	  -2.185925	  0.587180  
	446	  5	  371	  657	  5.455956	  2.223382	  0.503996  
	454	  5	  503	  437	  6.566844	  5.891432	  0.183427  
	456	  5	  381	  439	  4.932254	  3.671453	  0.104103  
	458	  5	  383	  440	  5.460753	  1.863719	  0.458790  
	460	  5	  385	  1032	  6.829465	  -3.586575	  0.435968  
	461	  5	  386	  507	  3.617982	  -0.778464	  0.361388  
	464	  5	  389	  445	  5.550934	  2.044779	  0.367124  
	468	  5	  971	  715	  4.842955	  -0.425568	  0.846012  
	471	  5	  344	  448	  4.901552	  0.260192	  0.789378  
	473	  5	  862	  516	  4.104720	  -0.642741	  0.219523  
	474	  5	  421	  644	  7.003809	  -5.745695	  0.506845  
	476	  5	  401	  744	  8.995848	  -10.992699	  0.505458  
	479	  5	  404	  1211	  5.434754	  -2.806533	  0.231930  
	483	  5	  408	  464	  4.904644	  1.342653	  0.572108  
	485	  5	  410	  528	  4.492609	  -0.868691	  0.113202  
	496	  5	  421	  788	  6.264421	  5.182360	  0.555541  
	506	  5	  50	  7	  10.335349	  17.843739	  0.628295  
	507	  5	  624	  115	  5.555225	  -0.256135	  0.782182  
	508	  5	  239	  1772	  7.628157	  -2.033563	  0.650003  
	513	  5	  426	  491	  5.064121	  -1.003500	  0.508987  
	523	  5	  437	  501	  6.588681	  5.891432	  0.183427  
	525	  5	  439	  503	  4.991262	  3.671453	  0.104103  
	526	  5	  440	  504	  5.528879	  1.863719	  0.458790  
	531	  5	  445	  509	  5.653032	  2.044779	  0.367124  
	543	  5	  744	  519	  8.382840	  -8.769317	  0.505829  
	545	  5	  459	  1800	  4.250160	  -0.638974	  0.793205  
	547	  5	  461	  523	  5.949194	  -3.399663	  0.200599  
	550	  5	  464	  526	  4.995828	  1.342653	  0.572108  
	563	  5	  477	  538	  4.847837	  1.511096	  0.456563  
	565	  5	  479	  540	  6.843844	  -1.720443	  0.529831  
	568	  5	  369	  424	  5.693185	  -1.001089	  0.763351  
	570	  5	  484	  544	  5.791792	  1.130445	  0.882141  
	572	  5	  50	  546	  5.071292	  3.731901	  0.436911  
	579	  5	  239	  553	  4.152987	  -0.281062	  0.769127  
	592	  5	  1067	  566	  3.282236	  -0.356342	  0.062835  
	598	  5	  89	  90	  10.932470	  10.009835	  0.761935  
	600	  5	  422	  532	  5.366306	  4.433044	  0.378543  
	603	  5	  491	  575	  5.020423	  -1.003500	  0.508987  
	604	  5	  735	  756	  5.962183	  1.337105	  0.468892  
	605	  5	  1159	  577	  5.417956	  -0.531816	  0.861081  
	607	  5	  495	  579	  5.886813	  -0.705196	  0.543633  
	615	  5	  504	  586	  5.588524	  1.863719	  0.458790  
	616	  5	  617	  1441	  5.472451	  -0.535240	  0.720158  
	617	  5	  1032	  678	  4.920075	  -0.782949	  0.290323  
	619	  5	  509	  780	  5.777919	  2.044779	  0.367124  
	620	  5	  497	  680	  7.704480	  0.891158	  0.725129  
	625	  5	  448	  980	  3.502506	  0.069389	  0.652257  
	626	  5	  516	  780	  3.944194	  -0.642741	  0.219523  
	627	  5	  644	  676	  7.787557	  -7.061779	  0.453646  
	629	  5	  519	  599	  8.412304	  -8.769317	  0.505829  
	633	  5	  523	  602	  5.976765	  -3.399663	  0.200599  
	636	  5	  526	  788	  5.138103	  1.342653	  0.572108  
	640	  5	  531	  792	  6.909377	  7.422554	  0.243153  
	643	  5	  264	  102	  3.401127	  -0.711254	  0.214594  
	646	  5	  788	  614	  4.270813	  -1.063280	  0.268592  
	647	  5	  538	  615	  4.959077	  1.511096	  0.456563  
	649	  5	  540	  617	  6.984251	  -1.720443	  0.529831  
	652	  5	  617	  1366	  5.725981	  -0.768144	  0.326741  
	653	  5	  544	  160	  6.158405	  1.130445	  0.882141  
	655	  5	  546	  622	  5.323503	  3.731901	  0.436911  
	659	  5	  98	  1449	  4.340994	  0.320760	  0.680929  
	660	  5	  160	  627	  6.010870	  0.736719	  0.891585  
	662	  5	  553	  1736	  4.069420	  -0.281062	  0.769127  
	669	  5	  715	  721	  3.957303	  0.177500	  0.692342  
	670	  5	  324	  722	  4.300578	  -0.107068	  0.760583  
	672	  5	  1080	  497	  7.324321	  0.891158	  0.725129  
	675	  5	  566	  1182	  3.248039	  -0.356342	  0.062835  
	701	  5	  575	  665	  4.959486	  -1.003500	  0.508987  
	702	  5	  756	  762	  5.524912	  1.089329	  0.538676  
	703	  5	  577	  667	  5.447084	  -0.531816	  0.861081  
	705	  5	  579	  669	  5.955950	  -0.705196	  0.543633  
	712	  5	  586	  676	  5.636503	  1.863719	  0.458790  
	720	  5	  1172	  1368	  3.289773	  -0.227258	  0.031926  
	725	  5	  599	  686	  8.439782	  -8.769317	  0.505829  
	728	  5	  602	  689	  5.443473	  -3.001125	  0.194309  
	733	  5	  528	  694	  4.515916	  -0.868691	  0.113202  
	741	  5	  615	  701	  5.041686	  1.511096	  0.456563  
	746	  5	  1366	  1183	  5.676018	  -0.517647	  0.464406  
	750	  5	  624	  709	  5.893225	  -0.500220	  0.669969  
	753	  5	  627	  681	  6.450264	  0.736719	  0.891585  
	760	  5	  634	  719	  7.740947	  1.160397	  0.753333  
	764	  5	  557	  723	  5.934077	  -0.656007	  0.918055  
	766	  5	  1281	  724	  4.155730	  0.150450	  0.469521  
	769	  5	  643	  874	  4.453888	  0.441090	  0.511076  
	772	  5	  646	  1821	  6.521544	  0.418937	  0.761800  
	773	  5	  647	  731	  3.279952	  -0.252804	  0.022893  
	779	  5	  1067	  830	  5.428673	  -0.585679	  0.847401  
	781	  5	  507	  622	  4.739483	  -1.931774	  0.416690  
	784	  5	  788	  835	  5.305579	  -1.181023	  0.425925  
	789	  5	  1061	  746	  4.145391	  0.204436	  0.698854  
	801	  5	  758	  410	  9.270669	  -7.338628	  0.611421  
	804	  5	  665	  780	  4.875335	  -1.003500	  0.508987  
	806	  5	  667	  763	  5.452505	  -0.531816	  0.861081  
	808	  5	  669	  765	  5.996694	  -0.705196	  0.543633  
	813	  5	  501	  879	  5.627175	  2.890307	  0.172128  
	816	  5	  1441	  773	  4.015383	  -0.274853	  0.871467  
	817	  5	  678	  774	  4.891438	  -0.782949	  0.290323  
	819	  5	  680	  1456	  7.948330	  0.891158	  0.725129  
	825	  5	  686	  788	  8.460460	  -8.769317	  0.505829  
	844	  5	  1183	  1188	  5.794133	  -0.517647	  0.464406  
	847	  5	  709	  841	  6.167603	  -0.500220	  0.669969  
	854	  5	  1095	  810	  5.365659	  -0.768852	  0.795422  
	861	  5	  723	  817	  5.972963	  -0.656007	  0.918055  
	862	  5	  724	  818	  4.187292	  0.150450	  0.469521  
	864	  5	  1182	  820	  7.167235	  -3.212645	  0.444395  
	865	  5	  874	  978	  5.289231	  -0.264106	  0.598009  
	868	  5	  1821	  1030	  3.982782	  0.107785	  0.597818  
	869	  5	  731	  825	  3.297627	  -0.252804	  0.022893  
	872	  5	  734	  828	  5.336652	  1.003500	  0.508987  
	877	  5	  622	  832	  4.140410	  1.800127	  0.458610  
	882	  5	  744	  937	  5.901116	  -2.223382	  0.503996  
	884	  5	  746	  839	  4.368983	  0.204436	  0.698854  
	886	  5	  309	  841	  5.042913	  0.339594	  0.734337  
	889	  5	  495	  372	  5.977139	  0.705196	  0.543633  
	894	  5	  756	  1087	  3.385509	  0.247776	  0.162089  
	896	  5	  758	  849	  3.598934	  -0.646416	  0.033482  
	898	  5	  1772	  56	  4.587795	  -0.320760	  0.680929  
	911	  5	  676	  862	  6.444168	  -3.513765	  0.565110  
	920	  5	  762	  871	  3.251252	  0.195410	  0.209927  
	921	  5	  763	  872	  5.449732	  -0.531816	  0.861081  
	923	  5	  765	  874	  6.042153	  -0.705196	  0.543633  
	925	  5	  931	  876	  5.197480	  -0.585679	  0.847401  
	931	  5	  773	  344	  3.910052	  -0.274853	  0.871467  
	932	  5	  774	  995	  4.849386	  -0.782949	  0.290323  
	950	  5	  792	  896	  7.079175	  7.422554	  0.243153  
	954	  5	  614	  644	  4.210517	  -1.063280	  0.268592  
	957	  5	  957	  903	  4.176745	  0.782949	  0.290323  
	959	  5	  1188	  905	  3.978010	  -0.247776	  0.162089  
	964	  5	  681	  1016	  3.650167	  0.080712	  0.676440  
	971	  5	  719	  810	  5.964492	  0.768852	  0.795422  
	973	  5	  721	  918	  4.058010	  0.177500	  0.692342  
	975	  5	  817	  919	  5.990706	  -0.656007	  0.918055  
	976	  5	  818	  880	  4.192554	  0.150450	  0.469521  
	979	  5	  978	  1027	  3.627953	  -0.059670	  0.252502  
	980	  5	  644	  1028	  3.077176	  0.252804	  0.022893  
	981	  5	  1211	  1127	  4.539213	  -1.319717	  0.219074  
	983	  5	  825	  927	  3.296192	  -0.252804	  0.022893  
	986	  5	  828	  929	  5.330225	  1.003500	  0.508987  
	988	  5	  830	  931	  5.437331	  -0.585679	  0.847401  
	990	  5	  832	  933	  4.410921	  1.800127	  0.458610  
	993	  5	  835	  935	  5.348757	  -1.181023	  0.425925  
	1007	  5	  849	  949	  3.606554	  -0.646416	  0.033482  
	1012	  5	  722	  952	  4.174867	  -0.107068	  0.760583  
	1043	  5	  715	  977	  4.453611	  -0.209343	  0.681005  
	1048	  5	  981	  1254	  4.435814	  -0.124274	  0.790004  
	1051	  5	  871	  984	  3.362529	  0.195410	  0.209927  
	1052	  5	  872	  985	  5.434060	  -0.531816	  0.861081  
	1053	  5	  657	  741	  5.553425	  2.223382	  0.503996  
	1056	  5	  876	  989	  5.149422	  -0.585679	  0.847401  
	1063	  5	  507	  623	  4.217261	  1.153310	  0.454018  
	1068	  5	  689	  1000	  5.444942	  -3.001125	  0.194309  
	1073	  5	  896	  1005	  7.172011	  7.422554	  0.243153  
	1080	  5	  903	  1011	  4.391840	  0.782949	  0.290323  
	1082	  5	  905	  1013	  3.979211	  -0.247776	  0.162089  
	1096	  5	  919	  1023	  5.996890	  -0.656007	  0.918055  
	1104	  5	  927	  1028	  3.280351	  -0.252804	  0.022893  
	1106	  5	  929	  1032	  5.312740	  1.003500	  0.508987  
	1109	  5	  933	  1034	  4.540567	  1.800127	  0.458610  
	1111	  5	  935	  1036	  5.375154	  -1.181023	  0.425925  
	1113	  5	  937	  741	  5.845640	  -2.223382	  0.503996  
	1114	  5	  938	  1039	  4.075763	  -0.233886	  0.683431  
	1123	  5	  1087	  1214	  3.570067	  0.247776	  0.162089  
	1124	  5	  949	  1049	  3.603779	  -0.646416	  0.033482  
	1126	  5	  1512	  1480	  4.708183	  0.468959	  0.691640  
	1133	  5	  980	  1187	  4.304131	  -0.082000	  0.426082  
	1140	  5	  965	  1061	  4.346532	  -0.368506	  0.917641  
	1141	  5	  966	  1535	  3.579726	  0.341739	  0.143290  
	1144	  5	  265	  213	  7.494497	  3.149521	  0.550507  
	1152	  5	  977	  184	  4.405929	  -0.209343	  0.681005  
	1153	  5	  978	  939	  4.451993	  -0.204436	  0.698854  
	1163	  5	  369	  1169	  5.299031	  1.001089	  0.763351  
	1181	  5	  984	  1092	  3.441897	  0.195410	  0.209927  
	1185	  5	  989	  1095	  5.088483	  -0.585679	  0.847401  
	1192	  5	  1456	  1623	  4.665742	  0.168345	  0.520334  
	1193	  5	  780	  1102	  3.808643	  0.398538	  0.247964  
	1194	  5	  1000	  1103	  5.441606	  -3.001125	  0.194309  
	1196	  5	  694	  1479	  4.506179	  -0.868691	  0.113202  
	1198	  5	  1005	  1107	  7.268145	  7.422554	  0.243153  
	1204	  5	  1011	  995	  4.476346	  0.782949	  0.290323  
	1211	  5	  985	  1456	  6.442578	  -0.640813	  0.817196  
	1214	  5	  918	  1265	  4.104314	  0.177500	  0.692342  
	1215	  5	  1023	  1122	  5.998258	  -0.656007	  0.918055  
	1219	  5	  1027	  1620	  3.664296	  -0.059670	  0.252502  
	1222	  5	  733	  1311	  6.428265	  -3.050480	  0.419537  
	1225	  5	  1034	  1032	  4.647926	  1.800127	  0.458610  
	1227	  5	  1036	  1132	  5.403891	  -1.181023	  0.425925  
	1228	  5	  372	  701	  5.198304	  -1.187793	  0.547944  
	1238	  5	  681	  1140	  5.911059	  0.656007	  0.918055  
	1240	  5	  1049	  1320	  3.582325	  -0.646416	  0.033482  
	1252	  5	  1061	  1153	  4.185201	  0.289420	  0.893590  
	1253	  5	  1535	  1154	  3.762581	  0.341739	  0.143290  
	1258	  5	  1067	  1158	  6.736939	  -1.243904	  0.614868  
	1266	  5	  1075	  1255	  3.855047	  0.150450	  0.469521  
	1268	  5	  1078	  1168	  4.198808	  -0.107785	  0.597818  
	1299	  5	  1016	  701	  3.746053	  0.080712	  0.676440  
	1309	  5	  1103	  1203	  5.434540	  -3.001125	  0.194309  
	1312	  5	  1107	  1206	  7.363422	  7.422554	  0.243153  
	1320	  5	  1013	  1214	  3.957297	  -0.247776	  0.162089  
	1327	  5	  1122	  1219	  5.989560	  -0.656007	  0.918055  
	1337	  5	  1132	  1225	  5.430061	  -1.181023	  0.425925  
	1345	  5	  1140	  1319	  6.021204	  0.656007	  0.918055  
	1358	  5	  1153	  1244	  4.371775	  0.289420	  0.893590  
	1359	  5	  1154	  1740	  3.817188	  0.341739	  0.143290  
	1363	  5	  1158	  1195	  6.867626	  -1.243904	  0.614868  
	1374	  5	  1169	  1419	  5.912411	  -1.725259	  0.526223  
	1377	  5	  1172	  1260	  3.355689	  0.227258	  0.031926  
	1386	  5	  1182	  1346	  6.948905	  2.856303	  0.491997  
	1392	  5	  1188	  1273	  5.314002	  -0.269870	  0.741973  
	1394	  5	  880	  1682	  5.344568	  0.427326	  0.628174  
	1400	  5	  617	  1278	  4.173573	  -0.183173	  0.629225  
	1415	  5	  1195	  1159	  5.595489	  -0.531816	  0.861081  
	1422	  5	  1203	  1297	  5.422987	  -3.001125	  0.194309  
	1425	  5	  1206	  1300	  7.453746	  7.422554	  0.243153  
	1435	  5	  1219	  1474	  5.962984	  -0.656007	  0.918055  
	1437	  5	  1620	  1832	  3.665698	  -0.059670	  0.252502  
	1440	  5	  1225	  1312	  5.449821	  -1.181023	  0.425925  
	1442	  5	  1039	  1314	  3.160245	  0.067860	  0.335236  
	1458	  5	  1244	  1410	  4.469916	  0.289420	  0.893590  
	1468	  5	  1255	  1335	  4.051759	  0.150450	  0.469521  
	1469	  5	  1256	  1336	  4.743081	  -0.299632	  0.869919  
	1473	  5	  1260	  1092	  3.305045	  0.227258	  0.031926  
	1475	  5	  602	  1341	  3.760520	  -0.398538	  0.247964  
	1486	  5	  1273	  1428	  5.392103	  -0.269870	  0.741973  
	1491	  5	  1278	  1352	  4.169821	  -0.183173	  0.629225  
	1494	  5	  1281	  1335	  4.001266	  -0.150450	  0.469521  
	1520	  5	  1095	  1748	  3.986647	  0.183173	  0.629225  
	1531	  5	  1297	  501	  5.405937	  -3.001125	  0.194309  
	1534	  5	  1300	  1387	  7.534348	  7.422554	  0.243153  
	1542	  5	  1308	  1475	  3.320538	  -0.250497	  0.042259  
	1544	  5	  1127	  1397	  5.247017	  -2.806533	  0.231930  
	1545	  5	  1311	  1398	  6.458408	  -3.050480	  0.419537  
	1546	  5	  1312	  1399	  5.463543	  -1.181023	  0.425925  
	1553	  5	  1320	  1488	  3.495227	  -0.646416	  0.033482  
	1566	  5	  1336	  1417	  4.620823	  -0.299632	  0.869919  
	1582	  5	  1352	  1748	  4.136999	  -0.183173	  0.629225  
	1587	  5	  1357	  1410	  4.614615	  -0.289420	  0.893590  
	1596	  5	  1366	  1308	  3.539672	  -0.250497	  0.042259  
	1598	  5	  1368	  1442	  3.605533	  -0.227258	  0.031926  
	1620	  5	  952	  1417	  5.146941	  -0.231342	  0.776387  
	1634	  5	  1387	  1469	  7.602145	  7.422554	  0.243153  
	1642	  5	  1832	  1623	  3.584455	  -0.059670	  0.252502  
	1643	  5	  1397	  1477	  5.210053	  -2.806533	  0.231930  
	1644	  5	  1398	  1479	  6.484894	  -3.050480	  0.419537  
	1645	  5	  1399	  1479	  5.688519	  1.675280	  0.538576  
	1646	  5	  1314	  1480	  3.432797	  0.067860	  0.335236  
	1664	  5	  1419	  1731	  6.027435	  -1.725259	  0.526223  
	1666	  5	  1092	  1357	  4.405839	  -0.289420	  0.893590  
	1669	  5	  1346	  1399	  6.935414	  2.856303	  0.491997  
	1672	  5	  1428	  1719	  5.468825	  -0.269870	  0.741973  
	1685	  5	  1441	  1510	  4.174129	  -0.108998	  0.603073  
	1686	  5	  1442	  1585	  3.580311	  -0.227258	  0.031926  
	1688	  5	  1039	  1512	  3.997451	  -0.301746	  0.605124  
	1698	  5	  880	  1694	  4.324979	  -0.276876	  0.714383  
	1699	  5	  1456	  1591	  3.563897	  0.082000	  0.426082  
	1700	  5	  762	  1522	  5.055785	  0.893919	  0.610540  
	1711	  5	  820	  1532	  5.492741	  -0.758674	  0.862634  
	1725	  5	  1449	  150	  4.703871	  0.320760	  0.680929  
	1726	  5	  624	  981	  4.385056	  -0.124274	  0.790004  
	1727	  5	  11	  646	  6.034572	  0.418937	  0.761800  
	1728	  5	  479	  971	  4.849521	  -0.425568	  0.846012  
	1734	  5	  1469	  1550	  7.660161	  7.422554	  0.243153  
	1735	  5	  676	  1551	  4.857354	  -1.684295	  0.215421  
	1742	  5	  1477	  1558	  5.184090	  -2.806533	  0.231930  
	1743	  5	  1479	  1488	  5.424441	  -2.243891	  0.212069  
	1781	  5	  1694	  1590	  4.183299	  -0.276876	  0.714383  
	1783	  5	  1522	  1592	  5.074431	  0.893919	  0.610540  
	1789	  5	  1532	  1595	  7.151937	  -1.039736	  0.837357  
	1791	  5	  1187	  1591	  3.615480	  -0.082000	  0.426082  
	1792	  5	  719	  1665	  5.452892	  0.391545	  0.670685  
	1793	  5	  1532	  1736	  3.826004	  0.281062	  0.769127  
	1804	  5	  841	  1670	  4.641916	  -0.160626	  0.533884  
	1805	  5	  624	  1609	  3.635709	  -0.341739	  0.143290  
	1806	  5	  11	  1417	  5.758143	  0.530974	  0.829168  
	1819	  5	  1195	  1092	  5.163337	  -0.712089	  0.430986  
	1821	  5	  1254	  1621	  4.385565	  -0.124274	  0.790004  
	1832	  5	  1550	  1628	  7.713210	  7.422554	  0.243153  
	1833	  5	  1551	  1629	  4.772301	  -1.684295	  0.215421  
	1837	  5	  1474	  1319	  5.905338	  -0.656007	  0.918055  
	1838	  5	  1475	  1634	  3.337620	  -0.250497	  0.042259  
	1840	  5	  1558	  1636	  5.154527	  -2.806533	  0.231930  
	1849	  5	  1568	  1821	  4.694620	  -0.149066	  0.797696  
	1853	  5	  1341	  1102	  3.719054	  -0.398538	  0.247964  
	1864	  5	  1585	  1853	  3.505720	  -0.227258	  0.031926  
	1869	  5	  1590	  1595	  3.979284	  -0.276876	  0.714383  
	1871	  5	  1592	  1731	  5.077501	  0.893919	  0.610540  
	1873	  5	  1595	  1663	  7.666584	  -1.316612	  0.811496  
	1882	  5	  1609	  1671	  3.637338	  -0.341739	  0.143290  
	1884	  5	  479	  1672	  5.291945	  -0.536819	  0.646586  
	1886	  5	  438	  1674	  4.128412	  0.107785	  0.597818  
	1894	  5	  1621	  952	  4.309894	  -0.124274	  0.790004  
	1896	  5	  1623	  1751	  4.614150	  0.160626	  0.533884  
	1909	  5	  1441	  1878	  4.700979	  -0.151389	  0.529750  
	1920	  5	  1628	  1702	  7.762055	  7.422554	  0.243153  
	1921	  5	  1629	  1703	  4.735341	  -1.684295	  0.215421  
	1925	  5	  1634	  1705	  3.328862	  -0.250497	  0.042259  
	1927	  5	  1636	  1707	  5.123316	  -2.806533	  0.231930  
	1954	  5	  1663	  1733	  7.459486	  -1.316612	  0.811496  
	1956	  5	  1665	  1735	  5.715748	  0.391545	  0.670685  
	1961	  5	  1670	  1751	  4.706928	  -0.160626	  0.533884  
	1962	  5	  1671	  1740	  3.622749	  -0.341739	  0.143290  
	1963	  5	  1672	  1741	  5.358779	  -0.536819	  0.646586  
	1969	  5	  820	  1862	  6.190622	  -2.453971	  0.315092  
	1970	  5	  1618	  1568	  4.438259	  -0.149066	  0.797696  
	1973	  5	  1682	  1915	  5.242208	  0.427326	  0.628174  
	1992	  5	  710	  1762	  4.931531	  -0.339594	  0.734337  
	2007	  5	  1702	  1775	  7.804994	  7.422554	  0.243153  
	2008	  5	  1703	  1776	  4.685186	  -1.684295	  0.215421  
	2010	  5	  1705	  1339	  3.309872	  -0.250497	  0.042259  
	2012	  5	  1707	  1779	  5.089395	  -2.806533	  0.231930  
	2015	  5	  1488	  1782	  5.776063	  -2.890307	  0.172128  
	2024	  5	  1719	  1674	  5.531007	  -0.269870	  0.741973  
	2034	  5	  1733	  1800	  7.141942	  -1.316612	  0.811496  
	2036	  5	  1735	  1802	  5.841879	  0.391545	  0.670685  
	2042	  5	  1741	  1805	  5.398994	  -0.536819	  0.646586  
	2043	  5	  1742	  1821	  4.411529	  -0.162085	  0.837834  
	2051	  5	  1915	  1847	  5.612366	  0.831341	  0.435559  
	2067	  5	  1510	  1760	  3.993698	  -0.108998	  0.603073  
	2072	  5	  1772	  1277	  5.293850	  -0.299632	  0.869919  
	2082	  5	  1775	  1882	  7.855608	  7.422554	  0.243153  
	2083	  5	  1776	  1838	  4.616115	  -1.684295	  0.215421  
	2085	  5	  1779	  1840	  5.047128	  -2.806533	  0.231930  
	2088	  5	  1782	  1842	  5.743119	  -2.890307	  0.172128  
	2089	  5	  1480	  1843	  5.588801	  0.536819	  0.646586  
	2106	  5	  1802	  1762	  5.941682	  0.391545	  0.670685  
	2109	  5	  1805	  1843	  5.450110	  -0.536819	  0.646586  
	2111	  5	  1674	  1742	  4.541501	  -0.162085	  0.837834  
	2122	  5	  1762	  1869	  3.292515	  0.051951	  0.254599  
	2125	  5	  985	  1867	  3.807830	  0.108998	  0.603073  
	2137	  5	  1772	  624	  6.711633	  -1.413170	  0.596355  
	2144	  5	  1078	  438	  4.151963	  0.107785	  0.597818  
	2147	  5	  1838	  1883	  4.525037	  -1.684295	  0.215421  
	2149	  5	  1840	  1885	  4.992593	  -2.806533	  0.231930  
	2151	  5	  1842	  1920	  5.717538	  -2.890307	  0.172128  
	2154	  5	  1339	  1853	  3.369403	  -0.250497	  0.042259  
	2171	  5	  1847	  1731	  5.532233	  0.831341	  0.435559  
	2185	  5	  1878	  1938	  4.590147	  -0.151389	  0.529750  
	2190	  5	  1168	  1030	  4.171323	  -0.107785	  0.597818  
	2192	  5	  1623	  1523	  3.561688	  -0.051951	  0.254599  
	2194	  5	  1882	  1885	  7.914414	  7.422554	  0.243153  
	2200	  5	  1853	  1930	  4.213929	  -0.477755	  0.037344  
	2208	  5	  1862	  1930	  6.208073	  -2.453971	  0.315092  
	2223	  5	  1915	  1942	  4.203058	  -0.404015	  0.231831  
	2228	  5	  1885	  1883	  7.280690	  4.616022	  0.249977  
	2246	  5	  1867	  1760	  3.947482	  0.108998	  0.603073  
	2249	  5	  1938	  980	  4.653317	  -0.151389	  0.529750  
	2251	  5	  1940	  1869	  3.611259	  -0.051951	  0.254599  
	2253	  5	  1942	  701	  4.103322	  -0.404015	  0.231831  
	2258	  5	  1920	  879	  5.681082	  -2.890307	  0.172128  
	2280	  5	  1883	  1991	  6.249616	  2.931727	  0.269830  
	2284	  5	  1930	  2010	  6.988859	  -2.931727	  0.269830  
	2312	  5	  939	  839	  4.441077	  -0.204436	  0.698854  
	2315	  5	  1991	  2020	  6.364273	  2.931727	  0.269830  
	2333	  5	  2020	  2056	  6.438346	  2.931727	  0.269830  
	2349	  5	  2010	  2049	  6.971411	  -2.931727	  0.269830  
	2353	  5	  2049	  2053	  6.958491	  -2.931727	  0.269830  
	2357	  5	  2053	  2069	  6.948966	  -2.931727	  0.269830  
	2372	  5	  2069	  2075	  6.931728	  -2.931727	  0.269830  
	2378	  5	  2075	  2078	  6.912560	  -2.931727	  0.269830  
	2381	  5	  2078	  2081	  6.897101	  -2.931727	  0.269830  
	2384	  5	  2081	  2084	  6.880184	  -2.931727	  0.269830  
	2387	  5	  2084	  2087	  6.861531	  -2.931727	  0.269830  
	2390	  5	  2087	  2089	  6.839386	  -2.931727	  0.269830  
	2392	  5	  2089	  2091	  6.813706	  -2.931727	  0.269830  
	2394	  5	  2091	  2093	  6.785676	  -2.931727	  0.269830  
	2396	  5	  2093	  2095	  6.755038	  -2.931727	  0.269830  
	2398	  5	  2095	  2056	  6.715559	  -2.931727	  0.269830  
 480       total number of nodes
  name    x       y       z
	1	  25.000000	  77.900002	  500.000000  
	2	  55.000000	  95.199997	  500.000000  
	3	  68.379524	  105.118553	  476.160004  
	5	  81.831970	  109.835037	  400.276672  
	6	  80.629227	  109.705925	  350.526886  
	7	  83.107300	  110.359016	  299.363007  
	8	  98.187378	  107.029076	  249.502960  
	11	  95.469864	  105.566376	  86.798515  
	13	  161.762207	  153.883774	  485.081818  
	14	  275.000000	  222.100006	  500.000000  
	15	  245.000000	  204.800003	  500.000000  
	16	  225.118866	  184.309952	  477.194977  
	18	  210.703766	  173.819733	  397.996765  
	19	  216.894165	  188.022995	  350.054657  
	21	  215.543716	  185.830872	  249.689880  
	26	  81.807472	  107.186623	  390.411804  
	30	  74.739540	  99.439323	  390.350311  
	31	  215.107391	  199.360016	  202.601669  
	36	  226.389145	  188.196381	  327.309174  
	37	  222.596344	  184.553055	  266.416046  
	44	  70.004227	  111.760048	  436.729767  
	50	  72.777931	  109.611710	  326.600769  
	51	  85.788818	  108.388069	  375.265411  
	54	  51.551865	  74.762688	  387.365326  
	56	  255.323074	  172.049408	  132.359924  
	58	  59.029442	  114.440483	  433.560089  
	59	  118.699532	  110.405167	  217.018631  
	65	  101.379372	  106.143356	  376.025604  
	68	  212.460068	  186.991959	  364.303253  
	70	  34.789673	  78.558678	  390.035370  
	72	  267.258301	  163.349319	  131.809555  
	74	  47.945885	  118.963577	  432.020660  
	75	  132.305405	  113.375092	  213.086060  
	77	  91.193123	  108.061935	  113.873398  
	78	  261.887421	  186.317184	  298.419006  
	79	  255.346664	  166.760223	  267.988434  
	81	  117.841721	  104.924110	  377.017822  
	84	  213.614395	  204.144363	  367.528320  
	86	  249.101929	  185.824402	  308.057831  
	89	  100.360344	  103.471489	  223.917801  
	90	  90.036522	  101.526299	  206.990356  
	97	  146.108170	  114.160065	  209.129929  
	98	  43.607124	  138.324066	  123.139694  
	102	  49.265514	  83.997894	  333.521362  
	103	  132.957901	  105.608803	  378.454102  
	106	  213.935410	  220.596375	  369.048645  
	110	  113.114426	  87.732491	  235.386124  
	111	  81.237465	  92.021721	  205.138062  
	112	  78.586845	  131.616455	  162.149826  
	113	  85.314461	  132.991730	  153.316193  
	115	  225.856186	  173.747238	  89.728142  
	119	  79.348991	  114.018700	  419.851227  
	120	  275.225800	  88.559540	  396.902069  
	124	  265.264954	  126.016464	  422.671631  
	130	  155.209717	  287.781525	  325.765686  
	131	  147.425018	  108.260811	  380.767365  
	134	  212.535675	  236.538681	  370.153625  
	141	  81.165939	  145.310287	  150.980652  
	142	  216.922256	  163.700333	  436.612732  
	143	  221.438782	  166.234039	  79.625481  
	145	  173.032547	  282.891022	  390.343201  
	147	  90.696198	  129.690491	  418.878632  
	148	  220.291412	  174.391510	  332.296265  
	150	  276.692780	  157.957642	  130.476135  
	151	  95.987785	  79.283096	  134.944870  
	155	  72.435776	  141.710098	  164.740173  
	158	  178.334717	  115.675804	  191.137665  
	160	  110.295433	  92.208366	  167.545319  
	163	  153.753311	  278.655731	  320.455322  
	164	  160.964218	  112.787796	  384.328430  
	167	  209.301254	  252.261002	  370.994537  
	175	  208.854263	  156.138031	  429.364899  
	176	  219.290741	  157.323944	  66.044670  
	178	  167.451584	  272.266266	  390.895264  
	180	  98.027763	  141.378052	  416.603241  
	182	  42.155571	  94.947472	  339.784363  
	184	  99.652275	  67.880569	  151.414322  
	186	  240.171188	  186.038422	  345.130829  
	187	  228.956390	  178.553528	  297.410156  
	188	  224.969727	  192.128784	  203.636658  
	191	  122.548378	  77.296913	  246.283295  
	198	  222.935181	  188.082108	  293.785309  
	209	  149.945786	  266.103485	  315.140350  
	210	  172.653168	  118.644272	  389.136169  
	212	  204.214523	  267.298126	  371.314758  
	213	  141.981506	  16.935465	  264.625122  
	215	  129.410034	  21.412010	  118.871223  
	220	  201.171844	  147.743698	  419.263184  
	223	  160.470367	  259.495972	  389.759949  
	225	  105.368019	  154.546082	  412.254272  
	227	  29.145664	  95.803810	  346.129456  
	230	  248.478699	  184.893677	  352.380615  
	231	  239.261719	  166.113358	  301.963593  
	232	  235.335541	  182.096939	  206.450180  
	234	  128.692810	  66.904015	  246.564774  
	235	  98.853630	  108.503479	  265.271912  
	236	  101.122620	  116.264801	  129.845551  
	237	  214.398651	  168.078659	  423.810730  
	239	  214.826569	  205.596680	  173.465897  
	243	  273.675262	  188.612823	  288.029602  
	250	  211.842880	  154.124634	  336.488586  
	251	  205.998047	  190.494278	  292.016479  
	262	  144.453949	  246.234482	  310.845428  
	263	  182.160492	  125.220795	  394.963379  
	264	  65.595589	  59.654919	  371.144745  
	265	  149.561569	  24.763121	  258.546387  
	268	  140.055267	  46.654373	  251.017014  
	271	  195.012405	  138.746674	  408.631897  
	274	  153.184494	  246.219864	  386.649994  
	276	  112.278229	  167.291672	  406.175110  
	278	  274.701263	  94.740768	  351.029022  
	281	  257.499084	  183.320786	  357.272308  
	282	  249.992096	  156.050247	  304.618927  
	286	  116.731789	  106.598557	  266.618500  
	291	  244.005112	  173.966415	  265.793945  
	293	  223.880905	  154.252167	  435.465576  
	294	  89.313309	  73.994148	  107.958778  
	298	  206.550842	  143.938995	  336.445953  
	299	  191.021591	  193.878326	  288.240723  
	300	  206.692551	  176.305969	  377.365936  
	308	  57.907185	  162.535797	  192.246689  
	309	  65.813004	  165.647903	  34.258568  
	316	  188.639130	  131.163406	  400.685028  
	317	  59.302647	  67.426300	  379.428192  
	318	  166.629745	  28.895325	  251.383652  
	322	  147.405487	  268.362274	  187.259216  
	324	  219.080124	  123.975182	  13.514121  
	326	  146.261642	  233.272720	  381.778137  
	328	  119.138893	  179.164490	  398.666504  
	330	  260.672028	  92.289108	  353.762604  
	333	  269.076355	  180.288147	  360.335388  
	334	  261.946259	  147.562073	  305.257446  
	337	  133.200256	  104.532127	  266.814240  
	344	  89.335213	  47.346661	  99.164658  
	349	  195.549988	  167.873993	  370.518036  
	352	  224.902954	  201.451416	  326.122009  
	356	  91.380219	  91.415894	  115.534973  
	358	  124.721954	  80.278839	  259.265015  
	364	  52.973568	  168.978226	  204.971298  
	366	  235.728958	  123.808022	  333.573364  
	369	  48.282757	  183.321640	  226.991104  
	371	  141.832993	  223.224823	  310.218872  
	372	  196.297501	  39.886600	  233.791992  
	381	  125.712029	  191.588287	  390.110016  
	383	  246.726837	  88.419258	  354.431824  
	385	  278.549622	  176.471741	  360.402008  
	386	  272.652039	  142.271652	  303.822937  
	389	  148.855408	  103.153526	  268.619019  
	401	  186.598373	  163.018127	  364.219177  
	404	  225.823013	  214.471939	  326.500702  
	408	  127.468697	  83.738289	  269.560547  
	410	  207.006531	  192.991913	  221.141144  
	417	  65.110161	  189.703979	  218.154465  
	420	  230.831573	  209.386917	  94.393990  
	421	  179.883911	  103.041321	  326.459198  
	422	  262.236206	  104.094856	  406.906677  
	424	  49.609760	  175.526627	  215.411804  
	426	  226.867706	  117.735519	  326.174744  
	437	  128.078049	  211.971130	  361.135254  
	438	  34.695538	  73.727722	  42.656368  
	439	  130.827316	  203.537415	  380.323090  
	440	  234.281128	  83.468018	  353.244354  
	445	  163.333527	  100.934715	  272.054718  
	448	  225.516006	  245.766144	  81.829796  
	459	  191.615540	  261.169617	  197.767960  
	461	  60.885788	  217.803818	  272.790161  
	464	  132.370010	  88.902458	  281.221344  
	477	  168.001144	  111.839821	  201.560516  
	478	  256.505463	  224.541901	  280.166077  
	479	  216.553757	  215.820282	  168.679337  
	484	  91.089821	  116.534836	  159.242676  
	491	  220.137619	  112.000664	  318.567871  
	495	  207.210770	  36.608719	  229.066315  
	497	  164.396790	  95.988831	  97.105782  
	501	  118.878883	  211.277695	  347.678802  
	503	  133.379196	  213.227585	  371.471313  
	504	  223.159241	  77.447174	  350.559845  
	507	  24.782526	  139.119034	  300.724365  
	509	  176.592300	  97.364845	  276.998474  
	516	  208.456604	  79.559242	  301.598724  
	519	  165.057281	  144.194061	  341.677399  
	523	  69.196213	  227.920868	  282.038635  
	526	  138.413635	  94.073372	  290.644348  
	528	  174.334213	  194.364944	  227.940323  
	531	  26.595049	  132.418915	  433.916382  
	532	  254.967056	  123.730667	  419.342682  
	538	  177.150925	  101.028358	  204.233704  
	540	  209.131622	  222.469360	  159.368042  
	544	  98.112404	  107.210434	  161.754242  
	546	  64.561615	  117.578438	  323.288818  
	553	  201.038589	  202.580872	  171.681946  
	557	  242.993698	  168.061203	  211.065552  
	566	  91.544136	  185.883881	  194.516739  
	575	  213.704880	  104.585464	  309.332977  
	577	  161.133499	  12.863698	  141.718231  
	579	  93.903160	  257.522278	  217.137329  
	586	  211.788498	  69.615173	  345.804016  
	599	  164.314590	  132.251694	  334.084808  
	602	  78.632408	  238.175079	  288.993011  
	614	  176.188675	  93.747955	  324.161346  
	615	  185.606995	  90.785049	  205.394897  
	617	  198.188004	  230.393967	  143.755112  
	622	  52.644108	  128.641708	  320.573822  
	623	  264.903900	  159.049118	  273.677612  
	624	  235.307220	  184.065338	  100.542877  
	627	  125.454231	  89.535408	  175.606323  
	634	  129.948273	  127.421822	  113.347214  
	643	  126.280128	  255.516464	  189.292374  
	644	  186.096451	  79.602425	  328.717651  
	646	  49.362213	  100.186058	  10.310392  
	647	  251.141785	  217.833023	  287.179169  
	657	  143.677231	  194.838867	  315.948853  
	665	  208.429520	  96.410606	  299.762848  
	667	  159.713669	  17.016216	  131.700104  
	669	  101.412140	  255.608383	  209.698074  
	676	  203.758987	  64.537720	  340.459869  
	678	  69.935905	  205.448563	  357.880035  
	680	  178.235184	  82.691734	  82.383392  
	681	  151.411301	  82.311325	  194.843979  
	686	  164.653778	  123.454857	  327.584381  
	689	  86.205772	  237.933914	  301.197998  
	694	  149.808151	  190.923218	  237.883957  
	701	  192.079941	  78.253334	  207.556122  
	709	  250.325806	  183.085358	  92.322075  
	710	  84.601746	  159.334579	  33.773735  
	715	  103.028419	  55.468006	  167.744659  
	719	  131.461578	  140.366425	  105.637100  
	721	  100.777824	  41.938927	  182.000412  
	722	  189.602783	  120.563370	  28.958372  
	723	  241.842651	  146.903793	  217.858917  
	724	  265.641113	  71.317665	  132.555435  
	731	  261.228668	  226.617233	  299.819946  
	733	  166.362946	  199.629059	  275.882660  
	734	  262.241943	  140.766083	  348.773621  
	735	  204.445877	  93.448746	  168.468506  
	741	  145.795456	  185.695679	  320.655640  
	744	  163.619583	  157.459915	  345.343597  
	746	  86.560005	  185.102661	  140.991898  
	756	  207.271332	  83.178909	  166.688614  
	758	  210.289368	  185.888306	  238.648285  
	762	  196.770279	  43.470863	  182.134735  
	763	  160.985809	  21.043652	  119.946823  
	765	  107.927299	  253.528168	  201.340866  
	773	  219.114655	  260.051453	  103.388512  
	774	  76.511200	  213.609222	  357.094238  
	780	  202.416245	  87.002495	  291.756958  
	788	  166.540253	  114.222420	  320.826111  
	792	  28.383162	  152.302856	  450.074768  
	810	  135.391449	  156.814224	  109.114189  
	817	  236.350739	  133.624817	  222.241440  
	818	  130.832504	  286.350372	  139.581787  
	820	  134.707489	  183.399429	  183.551407  
	825	  139.816910	  10.822649	  308.637848  
	828	  272.052124	  148.201447	  352.615021  
	830	  93.890350	  191.032257	  176.619797  
	832	  48.196888	  149.307800	  336.669647  
	835	  166.700043	  129.459564	  305.256378  
	839	  91.339523	  194.972946	  138.957550  
	841	  42.592331	  181.961548	  46.795547  
	849	  201.060974	  178.632965	  240.033630  
	862	  217.213638	  59.245045	  331.305725  
	871	  195.754929	  32.636280	  177.490555  
	872	  164.748535	  25.294191	  106.465431  
	874	  115.140236	  250.877029	  189.664642  
	876	  117.957497	  194.343842	  147.318665  
	879	  107.739647	  198.133606	  332.672302  
	880	  124.739990	  265.090332	  157.950089  
	896	  32.143158	  159.978622	  456.155579  
	903	  93.789024	  251.075943	  347.791443  
	905	  134.760376	  271.260742	  126.688583  
	918	  224.986588	  252.523010	  193.705826  
	919	  230.514389	  124.967972	  225.593353  
	927	  147.833115	  21.178255	  315.169220  
	929	  21.038820	  156.999619	  355.295380  
	931	  101.603615	  192.369385	  168.369644  
	933	  43.871380	  158.176285	  345.010529  
	935	  165.714127	  136.750259	  297.270782  
	937	  155.104263	  166.747147	  337.160889  
	938	  178.101974	  273.116760	  161.634262  
	939	  96.679016	  208.697113	  139.303009  
	949	  188.969971	  172.188324	  242.349991  
	952	  175.569519	  121.751862	  43.716000  
	957	  227.875946	  52.706776	  333.678894  
	965	  67.701576	  153.291275	  168.230591  
	966	  193.375671	  114.985085	  174.456100  
	971	  227.715469	  249.957535	  169.796829  
	977	  101.970642	  61.534737	  159.772003  
	978	  103.837387	  233.188065	  144.963852  
	980	  238.636948	  239.703217	  56.612965  
	981	  212.533829	  179.590683	  83.032372  
	984	  63.540810	  246.530975	  173.726395  
	985	  168.040848	  33.020672	  88.277908  
	989	  126.675041	  192.628815	  135.383392  
	995	  85.118027	  228.490021	  354.753540  
	1000	  96.226738	  234.931305	  316.892365  
	1005	  39.439560	  168.520950	  461.934631  
	1011	  90.245796	  240.205124	  351.980988  
	1013	  123.163612	  275.649475	  129.094925  
	1016	  173.180191	  81.106819	  202.104385  
	1023	  223.509201	  117.503548	  228.904709  
	1027	  101.566673	  240.568298	  121.466507  
	1028	  153.892792	  29.788725	  318.513367  
	1030	  36.372311	  83.151863	  -0.028949  
	1032	  30.402678	  169.920517	  357.410950  
	1034	  38.176216	  164.430450	  351.683990  
	1036	  163.245010	  144.810852	  287.315613  
	1039	  170.441940	  283.285614	  167.682678  
	1049	  178.321350	  169.581055	  244.732727  
	1061	  75.120659	  164.178574	  150.761856  
	1067	  75.776184	  191.315384	  194.774460  
	1075	  58.566547	  120.108948	  118.003960  
	1078	  34.649349	  70.815430	  15.848838  
	1080	  145.050354	  115.619545	  108.862946  
	1087	  224.164932	  69.521278	  145.465225  
	1092	  58.373302	  229.770920	  167.787567  
	1095	  136.108292	  187.144058	  124.140472  
	1102	  210.893112	  46.754452	  282.709869  
	1103	  101.933990	  231.641083	  325.018890  
	1107	  49.583698	  177.604233	  466.249176  
	1122	  215.629089	  110.889389	  231.164810  
	1127	  119.113777	  45.090164	  353.628418  
	1132	  159.022614	  153.374771	  274.478760  
	1140	  158.856949	  80.912262	  204.399643  
	1153	  69.464867	  182.091293	  148.544373  
	1154	  203.953506	  145.306870	  139.893280  
	1158	  68.136200	  199.655548	  187.480087  
	1159	  41.295567	  227.576065	  161.411636  
	1168	  35.245495	  74.289902	  4.994668  
	1169	  47.996826	  200.197144	  248.378357  
	1172	  169.818497	  47.523811	  155.575851  
	1182	  128.779266	  181.085999	  195.674438  
	1183	  161.586990	  254.998520	  128.267410  
	1187	  147.523758	  35.062130	  20.887362  
	1188	  154.890167	  266.731201	  123.571663  
	1195	  55.742744	  219.753891	  173.320923  
	1203	  107.917015	  226.576675	  332.785400  
	1206	  61.381252	  187.564133	  468.647614  
	1211	  112.626190	  41.296963	  341.306793  
	1214	  237.847672	  59.438980	  135.146317  
	1219	  204.172470	  102.448837	  231.766205  
	1225	  154.099655	  160.469711	  260.875519  
	1244	  66.206627	  196.657791	  149.700760  
	1254	  188.998657	  151.495682	  57.330544  
	1255	  37.931637	  106.611786	  118.503128  
	1256	  135.198395	  79.083481	  93.207680  
	1260	  173.628983	  36.685936	  157.523575  
	1265	  214.633698	  237.587280	  201.534134  
	1273	  158.528549	  276.994110	  114.804573  
	1277	  249.819855	  220.041199	  126.601601  
	1278	  193.157272	  218.680664	  137.659851  
	1281	  277.106049	  87.213646	  123.898903  
	1297	  114.169785	  219.274368	  340.671021  
	1300	  72.427811	  199.182358	  470.171082  
	1308	  172.869598	  218.088013	  133.036865  
	1311	  155.021118	  199.599228	  266.270416  
	1312	  147.575851	  167.046265	  247.730301  
	1314	  31.340038	  77.111382	  162.074280  
	1319	  172.035522	  83.648178	  217.596024  
	1320	  152.616150	  170.990463	  251.217453  
	1335	  29.812677	  100.129601	  119.529495  
	1336	  130.150879	  89.465027	  85.118385  
	1339	  158.726944	  152.329300	  149.730087  
	1341	  81.139763	  254.168442	  284.077484  
	1346	  133.082947	  177.176437	  213.505356  
	1352	  187.177933	  210.806137	  132.839508  
	1357	  61.482529	  220.624023	  159.936462  
	1366	  177.113770	  232.969864	  135.228943  
	1368	  161.722122	  81.829636	  154.262268  
	1387	  81.245087	  211.424744	  472.490753  
	1397	  136.762268	  43.288727	  402.340607  
	1398	  146.623840	  195.595062	  255.945480  
	1399	  139.726944	  176.365555	  234.816116  
	1410	  63.647934	  210.657547	  154.138550  
	1417	  125.200226	  99.200546	  78.212814  
	1419	  50.419296	  210.104614	  241.243164  
	1428	  162.824081	  289.914246	  98.795975  
	1441	  221.279465	  245.659317	  106.838493  
	1442	  159.818680	  93.747246	  155.075714  
	1449	  27.636486	  151.349075	  127.943581  
	1456	  183.884338	  60.667969	  64.253838  
	1469	  87.178741	  223.326324	  475.507263  
	1474	  188.815857	  92.307213	  227.970520  
	1475	  169.094635	  195.331635	  133.544510  
	1477	  140.659775	  40.482891	  417.582703  
	1479	  140.208527	  187.055954	  244.847656  
	1480	  21.027191	  92.910286	  164.277527  
	1488	  127.015282	  181.979996	  259.035095  
	1510	  231.748428	  248.155182	  103.956093  
	1512	  164.859100	  281.528137	  181.574677  
	1522	  191.313187	  31.073772	  197.839584  
	1523	  90.423805	  224.041870	  19.860245  
	1532	  158.117554	  210.985001	  174.116425  
	1535	  200.966568	  137.743362	  149.664093  
	1550	  90.493607	  235.511353	  479.010315  
	1551	  163.177261	  38.675945	  419.701294  
	1558	  145.109711	  39.221142	  432.157684  
	1568	  266.861206	  103.272575	  -0.157350  
	1585	  155.454666	  110.985855	  158.016052  
	1590	  152.549500	  250.109695	  166.196075  
	1591	  170.357895	  52.636806	  33.734180  
	1592	  190.305939	  23.243698	  205.695816  
	1595	  164.162888	  245.452545	  173.712448  
	1609	  219.394943	  169.094589	  114.924438  
	1618	  243.804062	  110.986923	  0.160045  
	1620	  98.873451	  244.408035	  97.372284  
	1621	  181.842148	  137.087448	  49.932266  
	1623	  81.105400	  237.373291	  25.309515  
	1628	  90.921188	  248.236191	  482.589417  
	1629	  160.737534	  39.600143	  429.888855  
	1634	  166.111862	  173.694000	  139.237701  
	1636	  150.182297	  39.945221	  445.141785  
	1663	  169.639954	  253.796204	  178.307495  
	1665	  121.399597	  144.030685	  79.216530  
	1670	  55.940277	  209.312286	  29.338129  
	1671	  212.924561	  161.051636	  121.908264  
	1672	  235.870300	  206.225281	  172.354828  
	1674	  35.277016	  77.934364	  55.997288  
	1682	  101.872818	  258.716614	  176.403030  
	1694	  141.881821	  255.244553	  161.599335  
	1702	  88.102028	  260.102356	  485.308807  
	1703	  160.508224	  44.463917	  441.547394  
	1705	  162.930695	  161.782913	  144.412933  
	1707	  155.580582	  42.550247	  455.793610  
	1719	  34.972656	  73.550148	  79.794632  
	1731	  61.907467	  239.498337	  212.599335  
	1733	  174.299530	  262.474701	  184.017807  
	1735	  115.587364	  147.047241	  66.483093  
	1736	  175.904465	  204.369095	  172.221512  
	1740	  208.293076	  153.476715	  129.156540  
	1741	  243.781342	  198.311569	  173.237778  
	1742	  36.430084	  91.367416	  23.075687  
	1748	  171.336243	  199.215118	  125.507996  
	1751	  67.452621	  223.998444	  23.155239  
	1760	  133.946976	  30.582842	  90.887039  
	1762	  100.819748	  158.062653	  41.028278  
	1772	  238.937393	  199.398224	  131.019638  
	1775	  212.023499	  45.104313	  486.466003  
	1776	  162.559753	  52.140053	  452.336151  
	1779	  161.753586	  47.077881	  464.900269  
	1782	  102.973160	  185.733826	  290.826935  
	1800	  178.912460	  273.390839	  190.045120  
	1802	  108.608131	  151.875046	  53.179752  
	1805	  250.747452	  186.737854	  173.053543  
	1821	  37.650169	  96.115532	  0.827637  
	1832	  93.379807	  244.738876	  61.089592  
	1838	  166.961960	  62.317257	  462.840302  
	1840	  169.625061	  54.093708	  472.812408  
	1842	  100.126213	  187.473999	  301.443512  
	1843	  259.637939	  163.659317	  171.108719  
	1847	  81.650459	  249.505325	  195.675018  
	1853	  147.613434	  136.625748	  161.178207  
	1862	  133.025314	  164.329483	  173.396683  
	1867	  148.045685	  33.092289	  85.906708  
	1869	  102.491783	  174.424927	  31.307920  
	1878	  223.103226	  239.087082	  94.116493  
	1882	  197.382202	  57.050652	  484.837463  
	1883	  172.966141	  70.991646	  471.558044  
	1885	  179.078384	  62.936584	  477.886475  
	1915	  89.766823	  256.931366	  188.644516  
	1920	  101.944725	  191.823120	  319.143127  
	1930	  131.807861	  151.944183	  174.418533  
	1938	  229.703491	  235.021622	  72.691795  
	1940	  101.274002	  188.126862	  26.461626  
	1942	  216.193268	  40.587376	  192.708084  
	1991	  163.717331	  107.524513	  457.634003  
	2010	  119.160713	  140.218262	  211.911133  
	2020	  157.480942	  120.056351	  447.071075  
	2049	  116.976425	  136.293106	  241.588760  
	2053	  117.622955	  135.527206	  251.936920  
	2056	  145.164886	  133.587387	  424.992889  
	2069	  118.025970	  135.593704	  267.880371  
	2075	  116.072495	  136.297058	  292.881836  
	2078	  113.778145	  135.859711	  307.058807  
	2081	  112.938499	  135.019745	  321.290466  
	2084	  113.595375	  134.651855	  335.282501  
	2087	  115.580048	  135.271744	  349.777283  
	2089	  118.799088	  137.390152	  365.489319  
	2091	  123.752060	  139.598953	  380.744598  
	2093	  129.695099	  140.256470	  394.811249  
	2095	  136.310028	  138.802216	  408.306793  
   2  total number of boundary nodes
node bctyp press/flow   HD    PO2
	1	  0	  100.000000	  0.400000	  100.000000
	14	  0	  20.000000	  0.400000	  18.000000

