314229 10 0.500000 Current network file generated by angioadapt
  300.000000  300.000000  500.000000	box dimensions in microns
  15    15    25 	number of tissue points in x,y,z directions
  0.000000			outer bound distance (100. in test case)
  75.000000				max. segment length.  (5. in test case)
   40				nodsegm, max. number of segments per node
  465				total number of segments 
  name type from  to  diam       flow
	1	  4	  1	  2	  7.000000	  18.548229	  0.400000  
	2	  3	  2	  3	  6.107111	  18.548229	  0.400000  
	3	  5	  3	  4	  7.263087	  11.573980	  0.424180  
	4	  5	  4	  5	  7.307930	  11.573980	  0.424180  
	5	  5	  5	  26	  7.336740	  11.573980	  0.424180  
	6	  5	  6	  7	  7.169600	  4.039202	  0.310790  
	7	  5	  7	  79	  7.219946	  4.039202	  0.310790  
	8	  5	  8	  50	  6.709519	  2.052097	  0.317656  
	9	  5	  9	  37	  8.000000	  0.000000	  0.400000  
	12	  5	  3	  56	  5.122258	  6.974249	  0.359872  
	13	  5	  56	  132	  5.233079	  6.974249	  0.359872  
	14	  4	  14	  15	  16.000000	  -18.548229	  0.400000  
	15	  3	  15	  16	  7.310376	  -18.548229	  0.400000  
	16	  5	  16	  39	  6.579974	  -8.887457	  0.493748  
	17	  5	  17	  133	  7.614761	  -11.573980	  0.424180  
	18	  5	  18	  58	  7.572065	  -11.573980	  0.424180  
	21	  5	  21	  80	  6.777389	  -1.357301	  0.200150  
	22	  5	  22	  59	  8.000000	  0.000000	  0.400000  
	23	  5	  23	  28	  8.000000	  0.000000	  0.400000  
	24	  5	  24	  40	  8.000000	  0.000000	  0.400000  
	26	  5	  20	  389	  7.318009	  -2.358906	  0.359174  
	27	  5	  28	  24	  8.000000	  0.000000	  0.400000  
	28	  5	  12	  29	  8.000000	  0.000000	  0.000000  
	29	  1	  25	  30	  8.000000	  0.000000	  0.000000  
	31	  5	  20	  32	  7.533999	  -1.680296	  0.242866  
	32	  1	  21	  33	  8.000000	  0.000000	  0.000000  
	33	  1	  23	  34	  8.000000	  0.000000	  0.000000  
	34	  5	  28	  35	  8.000000	  0.000000	  0.000000  
	35	  5	  50	  9	  8.000000	  0.000000	  0.400000  
	37	  5	  38	  16	  6.214888	  9.660772	  0.313757  
	38	  5	  39	  17	  7.636939	  -11.573980	  0.424180  
	39	  1	  40	  25	  8.000000	  0.000000	  0.400000  
	40	  5	  41	  21	  6.798112	  -1.357301	  0.200150  
	41	  1	  29	  42	  8.000000	  0.000000	  0.000000  
	42	  1	  30	  43	  8.000000	  0.000000	  0.000000  
	43	  1	  26	  44	  8.000000	  0.000000	  0.000000  
	44	  5	  32	  45	  8.000000	  0.000000	  0.000000  
	45	  1	  33	  46	  8.000000	  0.000000	  0.000000  
	46	  1	  34	  47	  8.000000	  0.000000	  0.000000  
	47	  5	  35	  48	  8.000000	  0.000000	  0.000000  
	48	  1	  7	  49	  8.000000	  0.000000	  0.000000  
	50	  5	  37	  10	  8.000000	  0.000000	  0.000000  
	51	  5	  38	  52	  5.698064	  -2.686523	  0.194040  
	52	  5	  39	  53	  5.735056	  2.686523	  0.194040  
	54	  5	  41	  55	  7.078460	  -2.681900	  0.366785  
	57	  5	  58	  19	  7.448484	  -4.039202	  0.310790  
	58	  5	  59	  23	  8.000000	  0.000000	  0.400000  
	59	  1	  42	  60	  8.000000	  0.000000	  0.000000  
	61	  1	  44	  62	  8.000000	  0.000000	  0.000000  
	62	  5	  45	  63	  8.000000	  0.000000	  0.000000  
	63	  1	  46	  64	  8.000000	  0.000000	  0.000000  
	64	  1	  47	  65	  8.000000	  0.000000	  0.000000  
	65	  5	  48	  66	  8.000000	  0.000000	  0.000000  
	66	  1	  49	  67	  8.000000	  0.000000	  0.000000  
	67	  5	  50	  68	  7.348239	  4.039202	  0.310790  
	68	  5	  10	  336	  8.000000	  0.000000	  0.400000  
	70	  5	  52	  70	  5.708477	  -2.686523	  0.194040  
	71	  5	  53	  70	  5.729594	  2.686523	  0.194040  
	72	  5	  40	  72	  8.000000	  0.000000	  0.000000  
	73	  5	  55	  73	  7.066961	  -2.681900	  0.366785  
	74	  1	  56	  74	  8.000000	  0.000000	  0.000000  
	75	  5	  58	  75	  7.604529	  -7.534779	  0.484966  
	76	  5	  19	  76	  7.197209	  -1.492857	  0.213424  
	77	  5	  59	  77	  8.000000	  0.000000	  0.000000  
	78	  5	  29	  78	  8.000000	  0.000000	  0.000000  
	79	  5	  79	  8	  6.660820	  2.052097	  0.317656  
	80	  5	  80	  22	  8.000000	  0.000000	  0.400000  
	81	  1	  60	  81	  8.000000	  0.000000	  0.000000  
	83	  1	  62	  83	  8.000000	  0.000000	  0.000000  
	84	  5	  63	  84	  8.000000	  0.000000	  0.000000  
	85	  1	  64	  85	  8.000000	  0.000000	  0.000000  
	86	  1	  65	  86	  8.000000	  0.000000	  0.000000  
	87	  5	  66	  87	  8.000000	  0.000000	  0.000000  
	88	  1	  67	  88	  8.000000	  0.000000	  0.000000  
	89	  5	  68	  89	  7.363016	  4.039202	  0.310790  
	92	  5	  72	  91	  8.000000	  0.000000	  0.000000  
	94	  1	  74	  93	  8.000000	  0.000000	  0.000000  
	95	  1	  75	  94	  8.000000	  0.000000	  0.000000  
	96	  5	  76	  95	  7.008308	  -1.142942	  0.261385  
	97	  5	  77	  96	  8.000000	  0.000000	  0.000000  
	98	  1	  78	  97	  8.000000	  0.000000	  0.000000  
	99	  5	  79	  98	  6.706281	  1.987104	  0.303700  
	100	  5	  80	  99	  6.750700	  -1.357301	  0.200150  
	102	  1	  35	  101	  8.000000	  0.000000	  0.000000  
	103	  5	  102	  20	  7.504467	  -4.039202	  0.310790  
	104	  1	  81	  103	  8.000000	  0.000000	  0.000000  
	106	  1	  83	  105	  8.000000	  0.000000	  0.000000  
	107	  5	  84	  106	  8.000000	  0.000000	  0.000000  
	108	  1	  85	  107	  8.000000	  0.000000	  0.000000  
	109	  1	  86	  108	  8.000000	  0.000000	  0.000000  
	110	  5	  87	  109	  8.000000	  0.000000	  0.000000  
	111	  1	  88	  110	  8.000000	  0.000000	  0.000000  
	112	  5	  89	  111	  7.375812	  4.039202	  0.310790  
	114	  5	  91	  113	  8.000000	  0.000000	  0.000000  
	115	  5	  92	  114	  7.436914	  -4.039202	  0.310790  
	116	  1	  93	  115	  8.000000	  0.000000	  0.000000  
	117	  1	  94	  116	  8.000000	  0.000000	  0.000000  
	118	  5	  95	  117	  6.532790	  0.349915	  0.056767  
	119	  5	  96	  118	  8.000000	  0.000000	  0.000000  
	120	  1	  97	  119	  8.000000	  0.000000	  0.000000  
	121	  1	  98	  120	  8.000000	  0.000000	  0.000000  
	122	  5	  99	  121	  6.324852	  -0.594725	  0.175260  
	123	  5	  26	  122	  7.529727	  7.534779	  0.484966  
	124	  1	  101	  123	  8.000000	  0.000000	  0.000000  
	125	  5	  5	  124	  8.000000	  0.000000	  0.000000  
	126	  5	  50	  125	  6.751729	  -1.987104	  0.303700  
	127	  5	  12	  336	  8.000000	  0.000000	  0.000000  
	128	  1	  102	  127	  8.000000	  0.000000	  0.000000  
	130	  1	  60	  129	  8.000000	  0.000000	  0.000000  
	131	  1	  68	  130	  8.000000	  0.000000	  0.000000  
	132	  5	  75	  131	  7.597637	  -7.534779	  0.484966  
	133	  5	  132	  38	  5.395367	  6.974249	  0.359872  
	134	  5	  133	  18	  7.590046	  -11.573980	  0.424180  
	135	  5	  26	  6	  7.112141	  4.039202	  0.310790  
	136	  1	  103	  135	  8.000000	  0.000000	  0.000000  
	138	  1	  105	  137	  8.000000	  0.000000	  0.000000  
	139	  5	  106	  138	  8.000000	  0.000000	  0.000000  
	140	  1	  107	  139	  8.000000	  0.000000	  0.000000  
	141	  1	  108	  140	  8.000000	  0.000000	  0.000000  
	142	  5	  109	  141	  8.000000	  0.000000	  0.000000  
	143	  1	  110	  142	  8.000000	  0.000000	  0.000000  
	144	  1	  111	  143	  8.000000	  0.000000	  0.000000  
	146	  1	  113	  145	  8.000000	  0.000000	  0.000000  
	147	  5	  114	  146	  7.424234	  -4.039202	  0.310790  
	148	  1	  115	  147	  8.000000	  0.000000	  0.000000  
	149	  1	  116	  148	  8.000000	  0.000000	  0.000000  
	150	  1	  117	  149	  8.000000	  0.000000	  0.000000  
	151	  5	  118	  150	  8.000000	  0.000000	  0.000000  
	152	  1	  119	  151	  8.000000	  0.000000	  0.000000  
	153	  1	  120	  152	  8.000000	  0.000000	  0.000000  
	154	  5	  121	  73	  6.278423	  -0.594725	  0.175260  
	155	  1	  122	  153	  8.000000	  0.000000	  0.000000  
	156	  1	  123	  154	  8.000000	  0.000000	  0.000000  
	157	  1	  124	  155	  8.000000	  0.000000	  0.000000  
	158	  5	  125	  156	  6.764638	  -1.987104	  0.303700  
	160	  1	  127	  157	  8.000000	  0.000000	  0.000000  
	161	  1	  40	  158	  8.000000	  0.000000	  0.000000  
	162	  1	  129	  159	  8.000000	  0.000000	  0.000000  
	163	  1	  130	  160	  8.000000	  0.000000	  0.000000  
	164	  5	  131	  161	  7.590181	  -7.534779	  0.484966  
	165	  1	  132	  162	  8.000000	  0.000000	  0.000000  
	166	  1	  133	  163	  8.000000	  0.000000	  0.000000  
	168	  1	  30	  40	  8.000000	  0.000000	  0.000000  
	169	  1	  47	  165	  8.000000	  0.000000	  0.000000  
	170	  1	  43	  166	  8.000000	  0.000000	  0.000000  
	171	  1	  73	  167	  8.000000	  0.000000	  0.000000  
	172	  5	  78	  168	  8.000000	  0.000000	  0.000000  
	173	  1	  62	  169	  8.000000	  0.000000	  0.000000  
	174	  5	  76	  170	  6.684849	  -0.349915	  0.056767  
	175	  1	  87	  171	  8.000000	  0.000000	  0.000000  
	176	  5	  19	  272	  7.198522	  -2.546345	  0.367873  
	177	  1	  135	  173	  8.000000	  0.000000	  0.000000  
	178	  1	  137	  174	  8.000000	  0.000000	  0.000000  
	179	  5	  138	  175	  8.000000	  0.000000	  0.000000  
	180	  1	  139	  176	  8.000000	  0.000000	  0.000000  
	181	  1	  140	  177	  8.000000	  0.000000	  0.000000  
	182	  5	  141	  178	  8.000000	  0.000000	  0.000000  
	183	  1	  142	  179	  8.000000	  0.000000	  0.000000  
	184	  1	  143	  180	  8.000000	  0.000000	  0.000000  
	186	  1	  145	  182	  8.000000	  0.000000	  0.000000  
	187	  5	  146	  183	  7.411322	  -4.039202	  0.310790  
	188	  1	  147	  184	  8.000000	  0.000000	  0.000000  
	189	  1	  148	  185	  8.000000	  0.000000	  0.000000  
	190	  1	  149	  186	  8.000000	  0.000000	  0.000000  
	191	  5	  150	  187	  8.000000	  0.000000	  0.000000  
	192	  1	  151	  188	  8.000000	  0.000000	  0.000000  
	193	  1	  152	  189	  8.000000	  0.000000	  0.000000  
	194	  1	  153	  190	  8.000000	  0.000000	  0.000000  
	195	  1	  154	  191	  8.000000	  0.000000	  0.000000  
	196	  1	  155	  192	  8.000000	  0.000000	  0.000000  
	197	  5	  156	  98	  6.734096	  -1.987104	  0.303700  
	198	  1	  157	  193	  8.000000	  0.000000	  0.000000  
	199	  1	  158	  194	  8.000000	  0.000000	  0.000000  
	200	  1	  159	  195	  8.000000	  0.000000	  0.000000  
	201	  1	  160	  196	  8.000000	  0.000000	  0.000000  
	202	  5	  161	  197	  7.582577	  -7.534779	  0.484966  
	203	  1	  162	  198	  8.000000	  0.000000	  0.000000  
	204	  1	  163	  199	  8.000000	  0.000000	  0.000000  
	205	  1	  26	  200	  8.000000	  0.000000	  0.000000  
	206	  1	  165	  201	  8.000000	  0.000000	  0.000000  
	207	  1	  166	  202	  8.000000	  0.000000	  0.000000  
	208	  1	  167	  203	  8.000000	  0.000000	  0.000000  
	209	  5	  168	  204	  8.000000	  0.000000	  0.000000  
	210	  1	  169	  205	  8.000000	  0.000000	  0.000000  
	211	  5	  170	  206	  6.664150	  -0.349915	  0.056767  
	212	  1	  171	  207	  8.000000	  0.000000	  0.000000  
	213	  1	  19	  208	  8.000000	  0.000000	  0.000000  
	214	  1	  42	  209	  8.000000	  0.000000	  0.000000  
	215	  1	  94	  210	  8.000000	  0.000000	  0.000000  
	216	  1	  94	  211	  8.000000	  0.000000	  0.000000  
	217	  5	  117	  212	  6.582828	  0.349915	  0.056767  
	219	  5	  111	  213	  7.388520	  4.039202	  0.310790  
	220	  5	  113	  214	  8.000000	  0.000000	  0.000000  
	222	  5	  122	  216	  7.537680	  7.534779	  0.484966  
	225	  5	  272	  102	  7.510069	  -4.039202	  0.310790  
	226	  1	  173	  220	  8.000000	  0.000000	  0.000000  
	227	  1	  174	  221	  8.000000	  0.000000	  0.000000  
	228	  5	  175	  222	  8.000000	  0.000000	  0.000000  
	229	  1	  176	  223	  8.000000	  0.000000	  0.000000  
	230	  1	  177	  224	  8.000000	  0.000000	  0.000000  
	231	  1	  178	  225	  8.000000	  0.000000	  0.000000  
	232	  1	  179	  226	  8.000000	  0.000000	  0.000000  
	233	  1	  180	  227	  8.000000	  0.000000	  0.000000  
	234	  1	  182	  228	  8.000000	  0.000000	  0.000000  
	235	  5	  183	  213	  7.399892	  -4.039202	  0.310790  
	236	  1	  184	  229	  8.000000	  0.000000	  0.000000  
	237	  1	  185	  230	  8.000000	  0.000000	  0.000000  
	238	  1	  186	  231	  8.000000	  0.000000	  0.000000  
	239	  5	  187	  232	  8.000000	  0.000000	  0.000000  
	240	  1	  188	  233	  8.000000	  0.000000	  0.000000  
	241	  1	  189	  234	  8.000000	  0.000000	  0.000000  
	242	  1	  190	  235	  8.000000	  0.000000	  0.000000  
	243	  1	  191	  236	  8.000000	  0.000000	  0.000000  
	244	  1	  192	  237	  8.000000	  0.000000	  0.000000  
	245	  1	  193	  238	  8.000000	  0.000000	  0.000000  
	246	  1	  194	  239	  8.000000	  0.000000	  0.000000  
	247	  1	  195	  240	  8.000000	  0.000000	  0.000000  
	248	  1	  196	  241	  8.000000	  0.000000	  0.000000  
	249	  5	  197	  242	  7.575169	  -7.534779	  0.484966  
	250	  1	  198	  243	  8.000000	  0.000000	  0.000000  
	251	  1	  199	  244	  8.000000	  0.000000	  0.000000  
	252	  1	  200	  245	  8.000000	  0.000000	  0.000000  
	253	  1	  201	  246	  8.000000	  0.000000	  0.000000  
	254	  1	  202	  247	  8.000000	  0.000000	  0.000000  
	255	  1	  203	  248	  8.000000	  0.000000	  0.000000  
	256	  5	  204	  249	  8.000000	  0.000000	  0.000000  
	257	  1	  205	  250	  8.000000	  0.000000	  0.000000  
	258	  1	  206	  251	  8.000000	  0.000000	  0.000000  
	259	  1	  207	  252	  8.000000	  0.000000	  0.000000  
	260	  1	  208	  253	  8.000000	  0.000000	  0.000000  
	261	  1	  209	  254	  8.000000	  0.000000	  0.000000  
	262	  1	  210	  255	  8.000000	  0.000000	  0.000000  
	263	  1	  211	  256	  8.000000	  0.000000	  0.000000  
	264	  5	  212	  206	  6.628925	  0.349915	  0.056767  
	265	  1	  213	  257	  8.000000	  0.000000	  0.000000  
	266	  5	  214	  258	  8.000000	  0.000000	  0.000000  
	268	  5	  216	  260	  7.543996	  7.534779	  0.484966  
	269	  1	  79	  261	  8.000000	  0.000000	  0.000000  
	270	  1	  336	  262	  8.000000	  0.000000	  0.000000  
	271	  5	  32	  263	  7.531180	  -1.680296	  0.242866  
	272	  1	  59	  264	  8.000000	  0.000000	  0.000000  
	273	  5	  99	  265	  6.772444	  -0.762577	  0.219560  
	274	  1	  106	  266	  8.000000	  0.000000	  0.000000  
	275	  1	  120	  267	  8.000000	  0.000000	  0.000000  
	276	  5	  124	  268	  8.000000	  0.000000	  0.000000  
	278	  1	  119	  270	  8.000000	  0.000000	  0.000000  
	279	  1	  43	  271	  8.000000	  0.000000	  0.000000  
	281	  1	  174	  273	  8.000000	  0.000000	  0.000000  
	282	  1	  143	  274	  8.000000	  0.000000	  0.000000  
	283	  1	  153	  275	  8.000000	  0.000000	  0.000000  
	284	  1	  170	  276	  8.000000	  0.000000	  0.000000  
	285	  1	  220	  277	  8.000000	  0.000000	  0.000000  
	286	  1	  221	  278	  8.000000	  0.000000	  0.000000  
	287	  5	  222	  279	  8.000000	  0.000000	  0.000000  
	288	  1	  223	  280	  8.000000	  0.000000	  0.000000  
	289	  1	  224	  281	  8.000000	  0.000000	  0.000000  
	290	  1	  225	  282	  8.000000	  0.000000	  0.000000  
	291	  1	  226	  283	  8.000000	  0.000000	  0.000000  
	292	  1	  227	  284	  8.000000	  0.000000	  0.000000  
	293	  1	  228	  285	  8.000000	  0.000000	  0.000000  
	294	  1	  229	  286	  8.000000	  0.000000	  0.000000  
	295	  1	  230	  287	  8.000000	  0.000000	  0.000000  
	296	  1	  231	  288	  8.000000	  0.000000	  0.000000  
	297	  5	  232	  289	  8.000000	  0.000000	  0.000000  
	298	  1	  233	  290	  8.000000	  0.000000	  0.000000  
	299	  1	  234	  291	  8.000000	  0.000000	  0.000000  
	300	  1	  235	  292	  8.000000	  0.000000	  0.000000  
	301	  1	  236	  293	  8.000000	  0.000000	  0.000000  
	302	  1	  237	  294	  8.000000	  0.000000	  0.000000  
	303	  1	  238	  295	  8.000000	  0.000000	  0.000000  
	304	  1	  239	  296	  8.000000	  0.000000	  0.000000  
	305	  1	  240	  297	  8.000000	  0.000000	  0.000000  
	306	  1	  241	  298	  8.000000	  0.000000	  0.000000  
	307	  5	  242	  299	  7.567942	  -7.534779	  0.484966  
	308	  1	  243	  300	  8.000000	  0.000000	  0.000000  
	309	  1	  244	  301	  8.000000	  0.000000	  0.000000  
	310	  1	  245	  302	  8.000000	  0.000000	  0.000000  
	311	  1	  246	  303	  8.000000	  0.000000	  0.000000  
	312	  1	  247	  304	  8.000000	  0.000000	  0.000000  
	313	  1	  248	  305	  8.000000	  0.000000	  0.000000  
	314	  5	  249	  306	  8.000000	  0.000000	  0.000000  
	315	  1	  250	  307	  8.000000	  0.000000	  0.000000  
	316	  1	  251	  308	  8.000000	  0.000000	  0.000000  
	317	  1	  252	  309	  8.000000	  0.000000	  0.000000  
	318	  1	  253	  310	  8.000000	  0.000000	  0.000000  
	319	  1	  254	  311	  8.000000	  0.000000	  0.000000  
	320	  1	  255	  312	  8.000000	  0.000000	  0.000000  
	321	  1	  256	  313	  8.000000	  0.000000	  0.000000  
	322	  1	  257	  314	  8.000000	  0.000000	  0.000000  
	323	  5	  258	  315	  8.000000	  0.000000	  0.000000  
	324	  5	  260	  316	  7.550985	  7.534779	  0.484966  
	325	  1	  261	  317	  8.000000	  0.000000	  0.000000  
	326	  1	  262	  318	  8.000000	  0.000000	  0.000000  
	327	  1	  263	  319	  8.000000	  0.000000	  0.000000  
	328	  1	  264	  320	  8.000000	  0.000000	  0.000000  
	329	  5	  265	  73	  6.739904	  -0.762577	  0.219560  
	330	  1	  266	  321	  8.000000	  0.000000	  0.000000  
	331	  1	  267	  322	  8.000000	  0.000000	  0.000000  
	332	  1	  268	  323	  8.000000	  0.000000	  0.000000  
	333	  1	  270	  324	  8.000000	  0.000000	  0.000000  
	334	  1	  271	  325	  8.000000	  0.000000	  0.000000  
	335	  5	  272	  95	  7.191717	  1.492857	  0.213424  
	336	  1	  273	  326	  8.000000	  0.000000	  0.000000  
	337	  1	  274	  327	  8.000000	  0.000000	  0.000000  
	338	  1	  275	  328	  8.000000	  0.000000	  0.000000  
	339	  1	  276	  329	  8.000000	  0.000000	  0.000000  
	340	  1	  127	  330	  8.000000	  0.000000	  0.000000  
	341	  5	  263	  331	  7.527178	  -1.680296	  0.242866  
	342	  1	  267	  332	  8.000000	  0.000000	  0.000000  
	343	  1	  272	  333	  8.000000	  0.000000	  0.000000  
	344	  5	  73	  92	  7.450762	  -4.039202	  0.310790  
	347	  1	  277	  337	  8.000000	  0.000000	  0.000000  
	348	  1	  278	  338	  8.000000	  0.000000	  0.000000  
	349	  5	  279	  339	  8.000000	  0.000000	  0.000000  
	350	  1	  280	  340	  8.000000	  0.000000	  0.000000  
	351	  1	  281	  341	  8.000000	  0.000000	  0.000000  
	352	  1	  282	  342	  8.000000	  0.000000	  0.000000  
	353	  1	  283	  343	  8.000000	  0.000000	  0.000000  
	354	  1	  284	  344	  8.000000	  0.000000	  0.000000  
	355	  1	  285	  345	  8.000000	  0.000000	  0.000000  
	356	  1	  286	  346	  8.000000	  0.000000	  0.000000  
	357	  1	  287	  347	  8.000000	  0.000000	  0.000000  
	358	  1	  288	  348	  8.000000	  0.000000	  0.000000  
	359	  5	  289	  178	  8.000000	  0.000000	  0.000000  
	360	  1	  290	  349	  8.000000	  0.000000	  0.000000  
	361	  1	  291	  350	  8.000000	  0.000000	  0.000000  
	362	  1	  292	  351	  8.000000	  0.000000	  0.000000  
	363	  1	  293	  352	  8.000000	  0.000000	  0.000000  
	364	  1	  294	  353	  8.000000	  0.000000	  0.000000  
	365	  1	  295	  354	  8.000000	  0.000000	  0.000000  
	366	  1	  296	  355	  8.000000	  0.000000	  0.000000  
	367	  1	  297	  356	  8.000000	  0.000000	  0.000000  
	368	  1	  298	  357	  8.000000	  0.000000	  0.000000  
	369	  5	  299	  316	  7.559469	  -7.534779	  0.484966  
	370	  1	  300	  358	  8.000000	  0.000000	  0.000000  
	371	  1	  301	  359	  8.000000	  0.000000	  0.000000  
	372	  1	  302	  360	  8.000000	  0.000000	  0.000000  
	373	  1	  303	  361	  8.000000	  0.000000	  0.000000  
	374	  1	  304	  362	  8.000000	  0.000000	  0.000000  
	375	  1	  305	  363	  8.000000	  0.000000	  0.000000  
	376	  5	  306	  364	  8.000000	  0.000000	  0.000000  
	377	  1	  307	  365	  8.000000	  0.000000	  0.000000  
	378	  1	  308	  366	  8.000000	  0.000000	  0.000000  
	379	  1	  309	  367	  8.000000	  0.000000	  0.000000  
	380	  1	  310	  368	  8.000000	  0.000000	  0.000000  
	381	  1	  311	  369	  8.000000	  0.000000	  0.000000  
	382	  1	  312	  370	  8.000000	  0.000000	  0.000000  
	383	  1	  313	  371	  8.000000	  0.000000	  0.000000  
	384	  1	  314	  372	  8.000000	  0.000000	  0.000000  
	385	  1	  315	  373	  8.000000	  0.000000	  0.000000  
	386	  1	  316	  374	  8.000000	  0.000000	  0.000000  
	387	  1	  317	  375	  8.000000	  0.000000	  0.000000  
	388	  1	  318	  376	  8.000000	  0.000000	  0.000000  
	389	  1	  319	  377	  8.000000	  0.000000	  0.000000  
	390	  1	  320	  378	  8.000000	  0.000000	  0.000000  
	391	  1	  321	  379	  8.000000	  0.000000	  0.000000  
	392	  1	  322	  380	  8.000000	  0.000000	  0.000000  
	393	  1	  323	  381	  8.000000	  0.000000	  0.000000  
	394	  1	  324	  382	  8.000000	  0.000000	  0.000000  
	395	  1	  325	  383	  8.000000	  0.000000	  0.000000  
	396	  1	  326	  384	  8.000000	  0.000000	  0.000000  
	397	  1	  327	  385	  8.000000	  0.000000	  0.000000  
	398	  1	  328	  386	  8.000000	  0.000000	  0.000000  
	399	  1	  329	  387	  8.000000	  0.000000	  0.000000  
	400	  1	  330	  388	  8.000000	  0.000000	  0.000000  
	401	  5	  389	  41	  7.495412	  -4.039202	  0.310790  
	402	  5	  331	  389	  7.520685	  -1.680296	  0.242866  
	403	  1	  332	  390	  8.000000	  0.000000	  0.000000  
	404	  1	  333	  391	  8.000000	  0.000000	  0.000000  
	405	  1	  40	  392	  8.000000	  0.000000	  0.000000  
	406	  1	  70	  393	  8.000000	  0.000000	  0.000000  
	407	  1	  73	  394	  8.000000	  0.000000	  0.000000  
	408	  1	  108	  395	  8.000000	  0.000000	  0.000000  
	409	  1	  122	  396	  8.000000	  0.000000	  0.000000  
	410	  1	  336	  397	  8.000000	  0.000000	  0.000000  
	411	  1	  123	  398	  8.000000	  0.000000	  0.000000  
	412	  1	  155	  399	  8.000000	  0.000000	  0.000000  
	413	  1	  155	  400	  8.000000	  0.000000	  0.000000  
	414	  1	  202	  401	  8.000000	  0.000000	  0.000000  
	415	  1	  184	  402	  8.000000	  0.000000	  0.000000  
	416	  1	  209	  403	  8.000000	  0.000000	  0.000000  
	417	  1	  230	  404	  8.000000	  0.000000	  0.000000  
	418	  1	  308	  405	  8.000000	  0.000000	  0.000000  
	419	  0	  337	  406	  8.000000	  0.000000	  0.000000  
	420	  0	  338	  407	  8.000000	  0.000000	  0.000000  
	421	  5	  339	  268	  8.000000	  0.000000	  0.000000  
	422	  0	  340	  408	  8.000000	  0.000000	  0.000000  
	423	  0	  341	  409	  8.000000	  0.000000	  0.000000  
	424	  0	  342	  410	  8.000000	  0.000000	  0.000000  
	425	  0	  343	  411	  8.000000	  0.000000	  0.000000  
	426	  0	  344	  412	  8.000000	  0.000000	  0.000000  
	427	  0	  345	  413	  8.000000	  0.000000	  0.000000  
	428	  0	  346	  414	  8.000000	  0.000000	  0.000000  
	429	  0	  347	  415	  8.000000	  0.000000	  0.000000  
	430	  0	  348	  416	  8.000000	  0.000000	  0.000000  
	431	  0	  349	  417	  8.000000	  0.000000	  0.000000  
	432	  0	  350	  418	  8.000000	  0.000000	  0.000000  
	433	  0	  351	  419	  8.000000	  0.000000	  0.000000  
	434	  0	  352	  420	  8.000000	  0.000000	  0.000000  
	435	  0	  353	  421	  8.000000	  0.000000	  0.000000  
	436	  0	  354	  422	  8.000000	  0.000000	  0.000000  
	437	  0	  355	  423	  8.000000	  0.000000	  0.000000  
	438	  0	  356	  424	  8.000000	  0.000000	  0.000000  
	439	  0	  357	  425	  8.000000	  0.000000	  0.000000  
	440	  0	  358	  426	  8.000000	  0.000000	  0.000000  
	441	  0	  359	  427	  8.000000	  0.000000	  0.000000  
	442	  0	  360	  428	  8.000000	  0.000000	  0.000000  
	443	  0	  361	  429	  8.000000	  0.000000	  0.000000  
	444	  0	  362	  430	  8.000000	  0.000000	  0.000000  
	445	  0	  363	  431	  8.000000	  0.000000	  0.000000  
	446	  5	  364	  315	  8.000000	  0.000000	  0.000000  
	447	  0	  365	  432	  8.000000	  0.000000	  0.000000  
	448	  0	  366	  433	  8.000000	  0.000000	  0.000000  
	449	  0	  367	  434	  8.000000	  0.000000	  0.000000  
	450	  0	  368	  435	  8.000000	  0.000000	  0.000000  
	451	  0	  369	  436	  8.000000	  0.000000	  0.000000  
	452	  0	  370	  437	  8.000000	  0.000000	  0.000000  
	453	  0	  371	  438	  8.000000	  0.000000	  0.000000  
	454	  0	  372	  439	  8.000000	  0.000000	  0.000000  
	455	  0	  373	  440	  8.000000	  0.000000	  0.000000  
	456	  0	  374	  441	  8.000000	  0.000000	  0.000000  
	457	  0	  375	  442	  8.000000	  0.000000	  0.000000  
	458	  0	  376	  443	  8.000000	  0.000000	  0.000000  
	459	  0	  377	  444	  8.000000	  0.000000	  0.000000  
	460	  0	  378	  445	  8.000000	  0.000000	  0.000000  
	461	  0	  379	  446	  8.000000	  0.000000	  0.000000  
	462	  0	  380	  447	  8.000000	  0.000000	  0.000000  
	463	  0	  381	  448	  8.000000	  0.000000	  0.000000  
	464	  0	  382	  449	  8.000000	  0.000000	  0.000000  
	465	  0	  383	  450	  8.000000	  0.000000	  0.000000  
	466	  0	  384	  451	  8.000000	  0.000000	  0.000000  
	467	  0	  385	  452	  8.000000	  0.000000	  0.000000  
	468	  0	  386	  453	  8.000000	  0.000000	  0.000000  
	469	  0	  387	  454	  8.000000	  0.000000	  0.000000  
	470	  0	  388	  455	  8.000000	  0.000000	  0.000000  
	471	  0	  390	  456	  8.000000	  0.000000	  0.000000  
	472	  0	  391	  457	  8.000000	  0.000000	  0.000000  
	473	  0	  392	  458	  8.000000	  0.000000	  0.000000  
	474	  0	  393	  459	  8.000000	  0.000000	  0.000000  
	475	  0	  394	  460	  8.000000	  0.000000	  0.000000  
	476	  0	  395	  461	  8.000000	  0.000000	  0.000000  
	477	  0	  396	  462	  8.000000	  0.000000	  0.000000  
	478	  0	  397	  463	  8.000000	  0.000000	  0.000000  
	479	  0	  398	  464	  8.000000	  0.000000	  0.000000  
	480	  1	  399	  237	  8.000000	  0.000000	  0.000000  
	481	  0	  400	  465	  8.000000	  0.000000	  0.000000  
	482	  0	  401	  466	  8.000000	  0.000000	  0.000000  
	483	  0	  402	  467	  8.000000	  0.000000	  0.000000  
	484	  0	  403	  468	  8.000000	  0.000000	  0.000000  
	485	  0	  404	  469	  8.000000	  0.000000	  0.000000  
	486	  0	  405	  470	  8.000000	  0.000000	  0.000000  
	487	  0	  34	  471	  8.000000	  0.000000	  0.000000  
	488	  0	  138	  472	  8.000000	  0.000000	  0.000000  
	489	  0	  140	  473	  8.000000	  0.000000	  0.000000  
	490	  0	  187	  474	  8.000000	  0.000000	  0.000000  
	491	  0	  238	  475	  8.000000	  0.000000	  0.000000  
	492	  0	  194	  476	  8.000000	  0.000000	  0.000000  
	493	  0	  279	  477	  8.000000	  0.000000	  0.000000  
	494	  0	  296	  478	  8.000000	  0.000000	  0.000000  
	495	  0	  244	  479	  8.000000	  0.000000	  0.000000  
	496	  0	  255	  480	  8.000000	  0.000000	  0.000000  
	497	  0	  346	  481	  8.000000	  0.000000	  0.000000  
	498	  0	  348	  482	  8.000000	  0.000000	  0.000000  
	499	  0	  356	  483	  8.000000	  0.000000	  0.000000  
	500	  0	  375	  484	  8.000000	  0.000000	  0.000000  
 452       total number of nodes
  name    x       y       z
	1	  25.000000	  77.900002	  500.000000  
	2	  55.000000	  95.199997	  500.000000  
	3	  85.000000	  112.500000	  500.000000  
	4	  85.000000	  112.500000	  450.000000  
	5	  84.751190	  109.920395	  401.230865  
	6	  85.000000	  112.500000	  350.000000  
	7	  85.098251	  112.513000	  299.928711  
	8	  85.000000	  112.500000	  250.000000  
	9	  85.000000	  112.500000	  200.000000  
	10	  85.000000	  112.500000	  167.000000  
	12	  85.042885	  112.162666	  101.407501  
	14	  275.000000	  222.100006	  500.000000  
	15	  245.000000	  204.800003	  500.000000  
	16	  215.023407	  187.506805	  499.582581  
	17	  215.000000	  187.500000	  450.000000  
	18	  215.000000	  187.500000	  400.000000  
	19	  218.627335	  181.993759	  348.147369  
	20	  215.435852	  188.466461	  300.066650  
	21	  215.501633	  183.935532	  245.410126  
	22	  215.000000	  187.500000	  200.000000  
	23	  212.643356	  188.284042	  167.023529  
	24	  215.000000	  187.500000	  133.000000  
	25	  215.000000	  187.500000	  100.000000  
	26	  82.848091	  109.246315	  389.764038  
	28	  217.921722	  189.048157	  148.727615  
	29	  84.064079	  110.591309	  82.304054  
	30	  214.609024	  188.844330	  86.656433  
	32	  219.698212	  200.571396	  302.241394  
	33	  218.803513	  177.292938	  237.407471  
	34	  199.155136	  191.423828	  167.630157  
	35	  231.826920	  198.819534	  148.828156  
	37	  85.692894	  111.535591	  180.119919  
	38	  199.314392	  178.406708	  499.982208  
	39	  216.256042	  186.848923	  469.016968  
	40	  212.883194	  189.926163	  116.144516  
	41	  212.224823	  184.200500	  260.089294  
	42	  87.666824	  118.139816	  67.216354  
	43	  214.392883	  191.757568	  71.158836  
	44	  63.064339	  88.313438	  394.229004  
	45	  217.514664	  210.300034	  311.637787  
	46	  228.968582	  168.553040	  227.532852  
	47	  186.690414	  188.331390	  170.069656  
	48	  245.231659	  200.704224	  145.678864  
	49	  98.433289	  113.127991	  290.182922  
	50	  91.383705	  126.120872	  222.942505  
	52	  214.919846	  175.403534	  495.222626  
	53	  227.615402	  180.513184	  476.039673  
	55	  203.363098	  176.329147	  258.987671  
	56	  105.166306	  121.700821	  499.374939  
	58	  216.154999	  184.596329	  385.067200  
	59	  216.779434	  190.098648	  187.455673  
	60	  92.553047	  118.017426	  56.296738  
	62	  45.211407	  78.096474	  388.287872  
	63	  215.381363	  219.646301	  325.250977  
	64	  241.693710	  160.269363	  220.701004  
	65	  165.782120	  189.303192	  170.729507  
	66	  260.466248	  207.376541	  144.897766  
	67	  105.753143	  115.762802	  275.462189  
	68	  97.739883	  145.653061	  223.923920  
	70	  228.999603	  173.351471	  486.575562  
	72	  191.851822	  210.229996	  118.217239  
	73	  193.200485	  172.168976	  251.984848  
	74	  104.160110	  108.149094	  496.043915  
	75	  220.352020	  171.825211	  384.949677  
	76	  217.149109	  169.985748	  348.272003  
	77	  228.615601	  196.700653	  185.794998  
	78	  70.238327	  100.697357	  76.731956  
	79	  86.332314	  117.876755	  269.226227  
	80	  213.879761	  186.153290	  219.065323  
	81	  102.691154	  128.866104	  41.852531  
	83	  34.427238	  73.223587	  387.878265  
	84	  213.240097	  231.934875	  336.279510  
	85	  256.641907	  153.001953	  219.721649  
	86	  150.078995	  187.300247	  175.889206  
	87	  274.751709	  215.296753	  148.318893  
	88	  112.409653	  119.009377	  260.550018  
	89	  104.154655	  155.734787	  231.077835  
	91	  181.397919	  222.729416	  121.638176  
	92	  177.901550	  158.515060	  248.349106  
	93	  103.858177	  93.186890	  488.745697  
	94	  234.955322	  159.205032	  384.325867  
	95	  225.922653	  162.023010	  341.922974  
	96	  244.830307	  200.088348	  184.112961  
	97	  60.890671	  97.709587	  69.686951  
	98	  83.846916	  128.769409	  266.021057  
	99	  205.674301	  179.109375	  232.740128  
	101	  232.971527	  209.609863	  151.897385  
	102	  218.909988	  184.513870	  318.659973  
	103	  104.248360	  140.059433	  29.625229  
	105	  150.643341	  290.707520	  382.100891  
	106	  215.603241	  243.017914	  345.633362  
	107	  272.809021	  149.549469	  217.739944  
	108	  136.087448	  188.716446	  184.583023  
	109	  32.017731	  217.785797	  148.888901  
	110	  119.335953	  124.445839	  246.418716  
	111	  111.933960	  168.426697	  235.092087  
	113	  168.050354	  234.867813	  120.482727  
	114	  163.265594	  154.641541	  241.420410  
	115	  97.703407	  80.263390	  480.241333  
	116	  241.111649	  145.486221	  382.486694  
	117	  235.382156	  148.618530	  336.417816  
	118	  261.140167	  200.618057	  180.806808  
	119	  49.256664	  89.662117	  61.958286  
	120	  75.567818	  145.591110	  268.026093  
	121	  200.393814	  173.972183	  243.527863  
	122	  105.020355	  117.491852	  389.566772  
	123	  236.338196	  221.199188	  161.188004  
	124	  84.322311	  97.892159	  407.109894  
	125	  86.816093	  122.961426	  235.608261  
	127	  228.082916	  175.839462	  316.151550  
	129	  88.972046	  106.650429	  59.369396  
	130	  95.556221	  157.393692	  218.653610  
	131	  206.431381	  166.077682	  384.985138  
	132	  128.037277	  137.318619	  499.995697  
	133	  213.264633	  186.412292	  430.396881  
	135	  102.419533	  153.801224	  20.403458  
	137	  136.568588	  290.419434	  373.210419  
	138	  212.722366	  256.391357	  357.706024  
	139	  27.022095	  147.331985	  209.037903  
	140	  123.181587	  186.658401	  196.259750  
	141	  48.195328	  220.215179	  145.789551  
	142	  127.790512	  130.821075	  233.569611  
	143	  117.752930	  186.263733	  238.910965  
	145	  153.584473	  239.645737	  116.609085  
	146	  148.577286	  156.379074	  233.774689  
	147	  89.840309	  65.291901	  474.719635  
	148	  250.760849	  132.151215	  384.995300  
	149	  248.651474	  138.628815	  329.223572  
	150	  276.062927	  202.050125	  173.562302  
	151	  39.831657	  75.360817	  59.560234  
	152	  72.565163	  160.155014	  266.993500  
	153	  117.346680	  123.027893	  382.986633  
	154	  241.357391	  232.644424	  173.552383  
	155	  90.037735	  81.866486	  410.752380  
	156	  86.639412	  127.189972	  252.982513  
	157	  240.168564	  166.457153	  316.313141  
	158	  232.651611	  187.026428	  117.390450  
	159	  87.385384	  92.413078	  67.854843  
	160	  94.444023	  172.941254	  212.800522  
	161	  192.182358	  158.667572	  389.375793  
	162	  128.323608	  121.123459	  496.141174  
	163	  201.354736	  178.947372	  426.747589  
	165	  195.578827	  181.699493	  172.711823  
	166	  199.840881	  191.902893	  68.017395  
	167	  187.286072	  181.131348	  257.210876  
	168	  66.065460	  91.444626	  78.106956  
	169	  40.887337	  72.821892	  380.697571  
	170	  207.281235	  155.851532	  350.021210  
	171	  269.641541	  225.431946	  154.829224  
	173	  99.741623	  169.371216	  15.147343  
	174	  247.986954	  63.371067	  366.161316  
	175	  78.406830	  41.501381	  370.943573  
	176	  39.195496	  146.022415	  197.754471  
	177	  114.049637	  188.242172	  208.784576  
	178	  63.732204	  218.882980	  143.830154  
	179	  137.337860	  134.265854	  220.370972  
	180	  122.999725	  199.179825	  244.661057  
	182	  141.974716	  250.530777	  111.714981  
	183	  133.614807	  160.123901	  227.503876  
	184	  81.600029	  56.356083	  466.846802  
	185	  259.214539	  120.595428	  393.493622  
	186	  262.919830	  131.738266	  324.109192  
	187	  30.632544	  205.632736	  166.288757  
	188	  161.995926	  285.833252	  57.055721  
	189	  62.188148	  173.164612	  266.454529  
	190	  129.126526	  135.658813	  380.459564  
	191	  121.524811	  16.683670	  183.252106  
	192	  94.420525	  66.080765	  409.613037  
	193	  254.227585	  157.617935	  317.510956  
	194	  246.477203	  179.783646	  125.249176  
	195	  86.404655	  78.659416	  77.187439  
	196	  98.416862	  189.032669	  211.217697  
	197	  179.409821	  151.821167	  397.574066  
	198	  131.163803	  108.832436	  485.274414  
	199	  188.593536	  168.514359	  429.098480  
	200	  68.549278	  119.267136	  405.541687  
	201	  210.912369	  176.206711	  176.166443  
	202	  184.392319	  189.262039	  74.176605  
	203	  183.282578	  196.776672	  257.225342  
	204	  55.454132	  78.989891	  81.189476  
	205	  170.541656	  286.708557	  368.303894  
	206	  204.327087	  141.573273	  352.562164  
	207	  258.216156	  235.927261	  160.873352  
	208	  229.974182	  179.832108	  342.795380  
	209	  82.899399	  128.776321	  64.929504  
	210	  239.547806	  172.673416	  389.285065  
	211	  243.390503	  149.252060	  378.504150  
	212	  223.348068	  143.283890	  340.405121  
	213	  122.355972	  161.996246	  226.163086  
	214	  168.105362	  249.308243	  124.122528  
	216	  110.551842	  117.933701	  399.739685  
	220	  96.201736	  185.604340	  14.062160  
	221	  237.409393	  65.350021	  358.210632  
	222	  74.649002	  52.898163	  382.485443  
	223	  46.715179	  139.586823	  184.365677  
	224	  103.235016	  189.460892	  221.385422  
	225	  80.912605	  218.900665	  140.310028  
	226	  149.525696	  131.278717	  209.427658  
	227	  136.328827	  207.875992	  249.064804  
	228	  133.270401	  263.545624	  106.051804  
	229	  74.743706	  45.220894	  455.050537  
	230	  269.383301	  113.642845	  406.090149  
	231	  276.968323	  122.912231	  324.152985  
	232	  46.023804	  206.603683	  159.478607  
	233	  151.935928	  273.301300	  57.030350  
	234	  51.212326	  185.449066	  264.036652  
	235	  141.092148	  146.515091	  376.436157  
	236	  133.966064	  24.502159	  191.082108  
	237	  96.006721	  51.308632	  404.404144  
	238	  268.253082	  148.210464	  314.910065  
	239	  259.194855	  176.508453	  134.032486  
	240	  84.432404	  64.099648	  85.019798  
	241	  104.969711	  204.189163	  209.081482  
	242	  165.581299	  147.373093	  405.710968  
	243	  138.769974	  97.291428	  475.991425  
	244	  176.457199	  159.330231	  434.112640  
	245	  62.027908	  123.197922	  420.348541  
	246	  225.052490	  168.344543	  180.099106  
	247	  173.498413	  180.353668	  82.080177  
	248	  181.937988	  213.354370	  257.996552  
	249	  46.665604	  66.222801	  87.154510  
	250	  166.453903	  274.709290	  357.508972  
	251	  195.659836	  126.466095	  353.974609  
	252	  246.665283	  243.940384	  169.794647  
	253	  245.216599	  175.530075	  337.658875  
	254	  78.940331	  146.033310	  61.678429  
	255	  235.417984	  187.791565	  395.436005  
	256	  253.392883	  139.203033	  369.775360  
	257	  127.469528	  156.800446	  213.002914  
	258	  167.606445	  265.815491	  126.240181  
	260	  121.079063	  123.205994	  411.512665  
	261	  96.761383	  124.875206	  275.544403  
	262	  83.584785	  128.992172	  121.615723  
	263	  230.334457	  205.176407	  300.492706  
	264	  201.031296	  192.481079	  207.568787  
	265	  198.188797	  174.216461	  242.224304  
	266	  226.365189	  235.916870	  342.555664  
	267	  63.878796	  147.202957	  269.204132  
	268	  69.622459	  98.444717	  407.778442  
	270	  41.525940	  101.519508	  60.457546  
	271	  230.960205	  192.338043	  68.700111  
	272	  221.153091	  176.888123	  336.753937  
	273	  236.184036	  57.830482	  362.834808  
	274	  123.979210	  190.278458	  229.788696  
	275	  121.580666	  110.467865	  377.330811  
	276	  193.716751	  155.357788	  346.653900  
	277	  99.302101	  201.958084	  13.655693  
	278	  224.737808	  67.005692	  347.805389  
	279	  70.530571	  66.968147	  390.325775  
	280	  52.096802	  133.222870	  169.951767  
	281	  88.463989	  192.248337	  228.545685  
	282	  97.288261	  220.245514	  137.617126  
	283	  162.011551	  128.540695	  198.758575  
	284	  151.780533	  213.591782	  249.679947  
	285	  123.763443	  277.051331	  103.945587  
	286	  202.388733	  255.425034	  447.800018  
	287	  273.403290	  106.978584	  419.923615  
	288	  25.983887	  110.378555	  330.502838  
	289	  57.650791	  208.617813	  148.807159  
	290	  149.789963	  259.113129	  49.795238  
	291	  35.662941	  191.398590	  263.831085  
	292	  154.957932	  155.526947	  374.499908  
	293	  146.570099	  33.964458	  196.098251  
	294	  97.021881	  34.770432	  398.655457  
	295	  22.354919	  142.232697	  308.848511  
	296	  272.980438	  175.110001	  142.685242  
	297	  81.361465	  50.675560	  94.378525  
	298	  109.325996	  220.247131	  209.703354  
	299	  153.671524	  138.092224	  412.728485  
	300	  140.529404	  86.342239	  463.676666  
	301	  165.010849	  146.691971	  436.700806  
	302	  55.346481	  131.674103	  433.026672  
	303	  239.135895	  161.989975	  186.303940  
	304	  161.785675	  174.018967	  92.075470  
	305	  186.704712	  228.175034	  263.899841  
	306	  166.992767	  284.931213	  99.176270  
	307	  163.118790	  259.482147	  351.658051  
	308	  188.286224	  112.924438	  348.367615  
	309	  104.810867	  26.239403	  178.801849  
	310	  260.178192	  168.280243	  338.560669  
	311	  74.078323	  160.020035	  54.065628  
	312	  229.270294	  201.478409	  401.197418  
	313	  264.175659	  129.598190	  361.486755  
	314	  131.087830	  146.464294	  200.461212  
	315	  164.842682	  281.515808	  130.278656  
	316	  133.393051	  131.043259	  420.847839  
	317	  104.494057	  136.536453	  284.569031  
	318	  81.589439	  145.095749	  118.838127  
	319	  246.180420	  213.732513	  301.556061  
	320	  187.742203	  199.088531	  215.116257  
	321	  238.606934	  227.571335	  334.958679  
	322	  47.732147	  140.005280	  268.971527  
	323	  54.904495	  101.158783	  415.471832  
	324	  34.221817	  116.264236	  57.914860  
	325	  246.566513	  186.543335	  68.404999  
	326	  221.871033	  51.534027	  357.115112  
	327	  127.949257	  198.043396	  215.605362  
	328	  127.968857	  95.699615	  373.051544  
	329	  177.537872	  151.618073	  345.436890  
	330	  226.106094	  167.990021	  306.494019  
	331	  226.353424	  198.623001	  289.640259  
	332	  69.363998	  159.027252	  277.278473  
	333	  214.365906	  188.103790	  335.451813  
	336	  85.100395	  112.563309	  112.396698  
	337	  100.701874	  218.450546	  11.849691  
	338	  216.998260	  77.500999	  337.729340  
	339	  70.159767	  80.732750	  399.511322  
	340	  58.429199	  122.612160	  158.792191  
	341	  77.795647	  202.016052	  236.791946  
	342	  113.601906	  223.574646	  137.550781  
	343	  172.399536	  121.142014	  188.054764  
	344	  165.961548	  214.817154	  241.361267  
	345	  241.018066	  62.877449	  103.819199  
	346	  200.410553	  239.968460	  442.913208  
	347	  271.230316	  100.168304	  434.960938  
	348	  34.514011	  96.124680	  333.250732  
	349	  144.605835	  244.832825	  42.981979  
	350	  21.631180	  200.361099	  263.904510  
	351	  167.019821	  165.784698	  369.494019  
	352	  159.170853	  35.522202	  206.697968  
	353	  232.609787	  244.989075	  393.514923  
	354	  37.286652	  136.084198	  304.791199  
	355	  26.172791	  171.845505	  152.657166  
	356	  207.268997	  263.529144	  103.610695  
	357	  115.392754	  235.060226	  214.284760  
	358	  135.265030	  72.229858	  456.765839  
	359	  156.596375	  132.364685	  435.629211  
	360	  46.644623	  141.818726	  442.955750  
	361	  250.131287	  154.825150	  196.550354  
	362	  155.313477	  165.567673	  104.878159  
	363	  187.962006	  243.878250	  269.289734  
	364	  160.145905	  282.794952	  114.069618  
	365	  160.790619	  243.225220	  348.916840  
	366	  178.447647	  99.474113	  344.932495  
	367	  220.303955	  256.890808	  184.934998  
	368	  274.801239	  160.877243	  335.630676  
	369	  68.431732	  174.799377	  48.878197  
	370	  224.649857	  215.280304	  409.283325  
	371	  275.864166	  118.749100	  356.701477  
	372	  129.068771	  134.879654	  188.673859  
	373	  34.118011	  72.976234	  132.134491  
	374	  142.588165	  139.303833	  431.100983  
	375	  115.448906	  143.746643	  293.476318  
	376	  75.261093	  160.413361	  117.242699  
	377	  258.472046	  224.777618	  303.591705  
	378	  180.326706	  211.538132	  223.316269  
	379	  252.245270	  224.803635	  325.817657  
	380	  32.595810	  133.069702	  269.079193  
	381	  39.083656	  99.469788	  420.378021  
	382	  26.722046	  131.129272	  57.834270  
	383	  261.052124	  178.987793	  65.195190  
	384	  207.991455	  49.181465	  348.243073  
	385	  137.040161	  204.032059	  203.007187  
	386	  137.181519	  83.719223	  366.064453  
	387	  162.242004	  147.106552	  340.650940  
	388	  231.275345	  159.767426	  292.981506  
	389	  214.260300	  186.660843	  276.799408  
	390	  72.234879	  170.757843	  288.740295  
	391	  203.467590	  197.730270	  327.362793  
	392	  204.270950	  200.232025	  132.927612  
	393	  243.745728	  165.925995	  484.422333  
	394	  180.257462	  151.018616	  255.971344  
	395	  139.096710	  202.800201	  188.184189  
	396	  99.000725	  127.414238	  395.328278  
	397	  97.647804	  101.726868	  111.544380  
	398	  244.252579	  218.836487	  149.790466  
	399	  90.932007	  65.805305	  409.513794  
	400	  80.395653	  94.817162	  412.810516  
	401	  181.479416	  199.886139	  84.101189  
	402	  75.971146	  69.355820	  469.448425  
	403	  76.250015	  116.347389	  61.356236  
	404	  24.664063	  112.516655	  409.869659  
	405	  201.466690	  109.609261	  342.316559  
	406	  96.440170	  234.072983	  7.976738  
	407	  209.303635	  85.948746	  325.619385  
	408	  60.920059	  108.035881	  151.140381  
	409	  67.458786	  209.942291	  247.162415  
	410	  130.157349	  225.111877	  138.431946  
	411	  177.366882	  116.451080	  172.871124  
	412	  180.116882	  217.561508	  233.035553  
	413	  230.972305	  76.114624	  104.859573  
	414	  195.287079	  223.982971	  439.877441  
	415	  272.695404	  95.747696	  450.946381  
	416	  40.584877	  80.833664	  331.253937  
	417	  137.096298	  230.260513	  40.070484  
	418	  7.334273	  208.685242	  265.783234  
	419	  176.974777	  170.326691	  357.002472  
	420	  171.524414	  34.487087	  217.812851  
	421	  234.717834	  230.323090	  385.919708  
	422	  52.972008	  135.836685	  299.211700  
	423	  35.355122	  165.251190	  164.881012  
	424	  194.925446	  252.954590	  109.808517  
	425	  117.684937	  250.108841	  221.030701  
	426	  131.237976	  61.272972	  444.893524  
	427	  150.023834	  117.116341	  434.399506  
	428	  34.601398	  152.225983	  447.841675  
	429	  259.133972	  144.564484	  206.084106  
	430	  151.846725	  155.983536	  118.044342  
	431	  187.215515	  260.500244	  269.901733  
	432	  163.120163	  226.756882	  348.149139  
	433	  167.585678	  87.741173	  340.287262  
	434	  205.022247	  259.007996	  191.196716  
	435	  288.352142	  153.245819	  329.684540  
	436	  58.733257	  188.297012	  47.890251  
	437	  227.168304	  228.321091	  419.324127  
	438	  284.168610	  105.765465	  350.401947  
	439	  130.414291	  126.813171	  174.170624  
	440	  33.930183	  89.619797	  132.557693  
	441	  151.970963	  150.685043	  438.824554  
	442	  129.778915	  148.106506	  301.222351  
	443	  70.348824	  176.097382	  114.577446  
	444	  272.779633	  232.512695	  300.030243  
	445	  174.371475	  224.464615	  231.957092  
	446	  268.394592	  222.430618	  322.532715  
	447	  17.545290	  128.161926	  263.919922  
	448	  24.711050	  106.105774	  425.536926  
	449	  19.942034	  146.300858	  56.796474  
	450	  275.084961	  175.734222	  56.845585  
	451	  193.038620	  54.682125	  343.442505  
	452	  151.694901	  207.962311	  196.150482  
	453	  147.973206	  71.580673	  362.401428  
	454	  149.955124	  138.317795	  333.650024  
	455	  240.106079	  148.852676	  284.031158  
	456	  75.469788	  184.738022	  297.184967  
	457	  191.168793	  202.533417	  317.219238  
	458	  197.589584	  211.759308	  142.912781  
	459	  258.324615	  158.205551	  486.674713  
	460	  169.717773	  139.236267	  261.197601  
	461	  140.194672	  219.397705	  187.449387  
	462	  89.543343	  141.017197	  396.983612  
	463	  106.223900	  88.306808	  116.399803  
	464	  247.430893	  214.160736	  134.129745  
	465	  71.672562	  108.909317	  411.216339  
	466	  173.826767	  205.219559	  97.892998  
	467	  68.774933	  83.691757	  473.911377  
	468	  72.254265	  100.249306	  59.904270  
	469	  40.796406	  112.108734	  413.968872  
	470	  216.869980	  111.394768	  336.252472  
	471	  205.474777	  204.776077	  173.314041  
	472	  210.713531	  256.462982	  341.976013  
	473	  113.897491	  194.835266	  205.334885  
	474	  287.706390	  219.884995	  172.523270  
	475	  277.185272	  140.364044	  325.661133  
	476	  261.339569	  174.799438	  126.662201  
	477	  63.545311	  59.410160	  401.897430  
	478	  271.231293	  161.017197	  137.152954  
	479	  175.455734	  173.178696	  426.791351  
	480	  228.757111	  197.731857	  385.734406  
	481	  209.262527	  248.123398	  432.487396  
	482	  35.877563	  93.659645	  349.127014  
	483	  89.810905	  44.489044	  95.744209  
	484	  118.826012	  136.105545	  281.077515  
   2  total number of boundary nodes
node bctyp press/flow   HD    PO2
	1	  0	  100.000000	  0.400000	  100.000000
	14	  0	  20.000000	  0.400000	  18.000000

