314264 15 0.750000 Current network file generated by angioadapt
  300.000000  300.000000  500.000000	box dimensions in microns
  15    15    25 	number of tissue points in x,y,z directions
  0.000000			outer bound distance (100. in test case)
  75.000000				max. segment length.  (5. in test case)
   40				nodsegm, max. number of segments per node
  961				total number of segments 
  name type from  to  diam       flow
	1	  4	  1	  2	  7.000000	  31.440596	  0.400000  
	2	  3	  2	  3	  8.121030	  31.440596	  0.400000  
	3	  5	  3	  4	  8.415597	  21.291624	  0.420786  
	4	  5	  4	  5	  8.474821	  21.291624	  0.420786  
	5	  5	  5	  26	  8.083004	  11.648917	  0.418304  
	6	  5	  6	  7	  7.637185	  2.990537	  0.612110  
	7	  5	  7	  569	  7.684714	  2.172649	  0.683068  
	8	  5	  8	  50	  6.985556	  0.563369	  0.575204  
	9	  5	  9	  37	  7.673516	  0.350328	  0.471328  
	12	  5	  3	  56	  4.964654	  10.148972	  0.356394  
	13	  5	  56	  132	  4.360837	  3.704670	  0.341516  
	14	  4	  14	  15	  16.000000	  -31.440596	  0.400000  
	15	  3	  15	  16	  8.484098	  -31.440596	  0.400000  
	16	  5	  16	  39	  7.712268	  -23.244879	  0.455755  
	17	  5	  17	  133	  8.310796	  -29.610359	  0.396587  
	18	  5	  18	  58	  8.221353	  -17.773733	  0.408008  
	21	  5	  33	  570	  6.724900	  -0.194075	  0.519813  
	22	  5	  22	  59	  7.789634	  -0.363115	  0.526324  
	23	  5	  865	  28	  6.799226	  -0.163482	  0.549000  
	24	  5	  24	  40	  7.112326	  -0.104855	  0.575970  
	26	  5	  20	  389	  7.474291	  -1.039694	  0.325616  
	27	  5	  28	  24	  7.072175	  -0.104855	  0.575970  
	28	  5	  12	  29	  7.879744	  0.175718	  0.473016  
	29	  5	  25	  30	  7.168407	  -0.037582	  0.594310  
	31	  5	  20	  32	  5.907800	  -2.142502	  0.317535  
	33	  5	  865	  34	  6.788389	  -0.086014	  0.573186  
	34	  5	  28	  35	  6.119408	  -0.058627	  0.500765  
	37	  5	  38	  16	  6.529704	  8.195717	  0.241867  
	38	  5	  39	  17	  8.368885	  -29.610359	  0.396587  
	39	  5	  40	  25	  6.177489	  -0.017180	  0.586441  
	40	  5	  41	  33	  7.021099	  -0.531600	  0.540409  
	41	  5	  29	  42	  7.071085	  0.084028	  0.468097  
	42	  5	  30	  43	  7.600115	  -0.067221	  0.573036  
	43	  5	  26	  44	  6.712164	  4.896747	  0.316289  
	44	  5	  32	  45	  6.276958	  -2.563526	  0.269858  
	45	  5	  33	  747	  7.270006	  -0.337525	  0.552251  
	46	  5	  34	  165	  6.677024	  0.066904	  0.494871  
	47	  5	  35	  48	  6.219076	  -0.024019	  0.416874  
	48	  5	  7	  49	  6.290839	  0.817888	  0.423614  
	50	  5	  37	  10	  7.772972	  0.350328	  0.471328  
	51	  5	  38	  52	  6.172501	  -6.365480	  0.180522  
	52	  5	  39	  53	  6.161358	  6.365480	  0.180522  
	54	  5	  41	  55	  6.553787	  -0.087070	  0.457022  
	57	  5	  58	  76	  8.006796	  -7.493452	  0.441257  
	58	  5	  59	  865	  7.330150	  -0.249496	  0.557338  
	59	  5	  42	  60	  6.619030	  0.043185	  0.482346  
	61	  5	  44	  169	  6.742456	  4.896747	  0.316289  
	62	  5	  45	  63	  6.249345	  -2.563526	  0.269858  
	63	  5	  747	  64	  7.119292	  -0.140847	  0.479641  
	64	  5	  165	  65	  6.911249	  -0.129773	  0.660640  
	65	  5	  48	  66	  6.231293	  -0.024019	  0.416874  
	66	  5	  49	  67	  6.390580	  0.817888	  0.423614  
	68	  5	  10	  336	  7.936573	  0.350328	  0.471328  
	70	  5	  52	  70	  6.165071	  -6.365480	  0.180522  
	71	  5	  53	  70	  6.165261	  6.365480	  0.180522  
	72	  5	  40	  72	  6.981206	  -0.075159	  0.479286  
	73	  5	  55	  73	  6.586342	  -0.087070	  0.457022  
	74	  5	  56	  74	  6.580728	  6.444302	  0.364946  
	75	  5	  58	  75	  6.596434	  -10.280280	  0.383773  
	77	  5	  59	  77	  6.635642	  -0.113619	  0.458219  
	78	  5	  29	  168	  7.455854	  0.091690	  0.477524  
	79	  5	  79	  8	  6.741906	  0.563369	  0.575204  
	80	  5	  570	  667	  7.724730	  -0.363115	  0.526324  
	81	  1	  60	  81	  8.000000	  0.000000	  0.000000  
	84	  5	  63	  84	  6.218259	  -2.563526	  0.269858  
	85	  5	  64	  85	  7.168761	  -0.140847	  0.479641  
	86	  5	  65	  86	  6.695098	  -0.072316	  0.715137  
	87	  5	  66	  87	  6.479089	  -0.041851	  0.339121  
	88	  5	  67	  88	  6.482849	  0.817888	  0.423614  
	89	  5	  68	  89	  5.843501	  0.147623	  0.743299  
	92	  5	  72	  91	  7.024989	  -0.075159	  0.479286  
	94	  5	  74	  93	  6.595786	  6.444302	  0.364946  
	95	  5	  75	  94	  6.703183	  -8.025353	  0.388051  
	97	  5	  77	  96	  6.681279	  -0.113619	  0.458219  
	99	  5	  79	  98	  6.931014	  0.861281	  0.692660  
	100	  5	  570	  121	  6.165950	  0.169041	  0.533799  
	103	  5	  102	  20	  7.866793	  -3.182195	  0.320175  
	104	  1	  81	  103	  8.000000	  0.000000	  0.000000  
	106	  1	  169	  105	  8.000000	  0.000000	  0.000000  
	107	  5	  84	  106	  6.188796	  -2.563526	  0.269858  
	108	  5	  85	  107	  7.217406	  -0.140847	  0.479641  
	109	  5	  86	  108	  6.666164	  -0.072316	  0.715137  
	110	  5	  87	  109	  6.477173	  -0.041851	  0.339121  
	111	  5	  88	  110	  6.563310	  0.817888	  0.423614  
	112	  5	  89	  111	  5.993758	  0.147623	  0.743299  
	114	  5	  91	  113	  6.370078	  -0.030216	  0.494396  
	115	  5	  92	  114	  6.580658	  -0.204368	  0.816947  
	116	  5	  93	  115	  6.612426	  6.444302	  0.364946  
	117	  5	  94	  116	  6.405564	  -2.998313	  0.463016  
	118	  5	  76	  117	  5.084993	  -1.211276	  0.472585  
	119	  5	  96	  118	  6.728554	  -0.113619	  0.458219  
	121	  5	  98	  267	  6.955470	  0.519642	  0.723873  
	123	  5	  26	  216	  5.424163	  2.254927	  0.368548  
	124	  5	  35	  123	  6.762993	  -0.034608	  0.558988  
	125	  5	  5	  124	  6.407169	  9.642707	  0.423783  
	126	  5	  50	  125	  7.023623	  -0.341640	  0.645184  
	127	  5	  12	  336	  7.817513	  -0.175718	  0.473016  
	128	  5	  102	  330	  7.317557	  -1.106300	  0.600041  
	130	  5	  60	  129	  6.690159	  0.043185	  0.482346  
	131	  5	  68	  130	  6.281053	  0.098859	  0.560042  
	132	  5	  75	  131	  5.815376	  -2.254927	  0.368548  
	133	  5	  132	  38	  4.533226	  1.830236	  0.455222  
	134	  5	  133	  18	  8.227903	  -17.773733	  0.408008  
	135	  5	  26	  6	  7.434039	  2.990537	  0.612110  
	136	  1	  103	  135	  8.000000	  0.000000	  0.000000  
	138	  1	  105	  137	  8.000000	  0.000000	  0.000000  
	139	  5	  106	  138	  6.157129	  -2.563526	  0.269858  
	140	  5	  107	  139	  7.259591	  -0.140847	  0.479641  
	141	  5	  108	  473	  6.883579	  -0.129773	  0.660640  
	142	  5	  109	  141	  6.465036	  -0.041851	  0.339121  
	143	  5	  110	  142	  8.000000	  0.000000	  0.000000  
	144	  5	  111	  274	  7.299949	  0.062247	  0.626649  
	146	  5	  113	  145	  8.000000	  0.000000	  0.000000  
	147	  5	  114	  146	  6.566967	  -0.204368	  0.816947  
	148	  5	  115	  147	  6.629348	  6.444302	  0.364946  
	149	  5	  116	  148	  6.388137	  -2.998313	  0.463016  
	150	  5	  117	  149	  6.256442	  -1.939389	  0.404361  
	151	  5	  118	  150	  6.771683	  -0.113619	  0.458219  
	153	  5	  267	  152	  8.000000	  0.000000	  0.000000  
	155	  1	  216	  153	  8.000000	  0.000000	  0.000000  
	156	  5	  123	  154	  6.635093	  0.019902	  0.389960  
	157	  5	  124	  155	  5.916907	  4.690836	  0.436146  
	158	  5	  125	  156	  6.872802	  -0.341640	  0.645184  
	160	  5	  330	  157	  6.886105	  -0.586658	  0.490356  
	161	  5	  40	  158	  6.495683	  0.017123	  0.110313  
	162	  5	  129	  159	  6.750641	  0.043185	  0.482346  
	163	  5	  130	  160	  6.424314	  0.098859	  0.560042  
	164	  5	  131	  161	  5.782326	  -2.254927	  0.368548  
	165	  5	  132	  162	  7.147776	  1.874434	  0.230492  
	166	  5	  133	  163	  7.636518	  -11.836627	  0.379436  
	168	  5	  30	  40	  6.660347	  0.029639	  0.546060  
	170	  5	  43	  166	  6.876381	  -0.029328	  0.781476  
	171	  5	  73	  167	  8.100188	  0.286339	  0.759236  
	174	  5	  76	  170	  5.320226	  -0.728113	  0.290866  
	175	  5	  87	  171	  8.000000	  0.000000	  0.000000  
	177	  1	  135	  173	  8.000000	  0.000000	  0.000000  
	178	  1	  137	  221	  8.000000	  0.000000	  0.000000  
	179	  5	  138	  175	  5.964491	  -1.953557	  0.333884  
	180	  5	  139	  176	  7.299977	  -0.140847	  0.479641  
	182	  5	  141	  178	  6.322566	  -0.014858	  0.392983  
	183	  5	  142	  179	  8.000000	  0.000000	  0.000000  
	184	  5	  274	  180	  7.706274	  0.152919	  0.538922  
	186	  5	  145	  182	  8.000000	  0.000000	  0.000000  
	187	  5	  146	  183	  6.544355	  -0.204368	  0.816947  
	188	  5	  147	  184	  6.644575	  6.444302	  0.364946  
	189	  5	  148	  185	  6.369067	  -2.998313	  0.463016  
	190	  5	  149	  186	  6.222051	  -1.939389	  0.404361  
	191	  5	  150	  187	  6.811488	  -0.113619	  0.458219  
	192	  1	  119	  188	  8.000000	  0.000000	  0.000000  
	193	  5	  152	  189	  8.000000	  0.000000	  0.000000  
	194	  1	  153	  190	  8.000000	  0.000000	  0.000000  
	195	  5	  154	  191	  6.853212	  0.037734	  0.316441  
	196	  5	  155	  192	  6.345233	  3.096106	  0.436659  
	197	  5	  156	  98	  6.677100	  -0.341640	  0.645184  
	198	  5	  157	  193	  6.868681	  -0.586658	  0.490356  
	199	  5	  158	  194	  7.177736	  0.037525	  0.377067  
	200	  5	  159	  195	  6.796491	  0.043185	  0.482346  
	201	  5	  160	  196	  6.884680	  0.220445	  0.585804  
	202	  5	  161	  197	  5.745318	  -2.254927	  0.368548  
	203	  5	  162	  198	  7.161913	  1.874434	  0.230492  
	204	  5	  163	  199	  7.631526	  -11.836627	  0.379436  
	205	  5	  26	  200	  5.776584	  1.506707	  0.439645  
	206	  5	  165	  201	  7.754291	  0.196677	  0.604250  
	207	  5	  166	  202	  7.156300	  -0.048988	  0.723845  
	208	  5	  167	  203	  8.088884	  0.286339	  0.759236  
	209	  5	  168	  204	  7.142697	  0.059790	  0.537220  
	210	  1	  169	  205	  8.000000	  0.000000	  0.000000  
	211	  5	  170	  206	  4.797028	  -0.339186	  0.317389  
	212	  5	  171	  207	  8.000000	  0.000000	  0.000000  
	213	  5	  76	  208	  7.079345	  -0.979229	  0.635437  
	215	  5	  94	  210	  6.892879	  -2.679652	  0.373529  
	216	  5	  94	  211	  5.855243	  -2.347389	  0.308874  
	217	  5	  117	  212	  4.963842	  0.728113	  0.290866  
	219	  5	  111	  183	  5.861935	  0.085376	  0.828349  
	220	  5	  113	  214	  6.660373	  -0.026234	  0.510239  
	225	  5	  272	  102	  7.822752	  -4.288495	  0.392372  
	226	  1	  173	  220	  8.000000	  0.000000	  0.000000  
	228	  5	  175	  222	  5.918189	  -1.953557	  0.333884  
	229	  5	  176	  223	  7.337604	  -0.140847	  0.479641  
	230	  5	  473	  224	  8.000000	  0.000000	  0.000000  
	231	  5	  178	  225	  7.475414	  -0.046448	  0.553715  
	232	  5	  179	  226	  8.000000	  0.000000	  0.000000  
	233	  5	  180	  227	  7.717132	  0.152919	  0.538922  
	234	  5	  182	  228	  8.000000	  0.000000	  0.000000  
	236	  5	  184	  229	  6.660366	  6.444302	  0.364946  
	237	  5	  185	  230	  6.348225	  -2.998313	  0.463016  
	238	  5	  186	  231	  6.185819	  -1.939389	  0.404361  
	239	  5	  187	  232	  6.569462	  -0.075885	  0.528718  
	240	  1	  188	  233	  8.000000	  0.000000	  0.000000  
	241	  5	  189	  234	  8.000000	  0.000000	  0.000000  
	242	  1	  190	  235	  8.000000	  0.000000	  0.000000  
	243	  5	  191	  633	  6.836608	  0.037734	  0.316441  
	244	  5	  192	  237	  6.352770	  3.096106	  0.436659  
	245	  5	  193	  238	  6.844704	  -0.586658	  0.490356  
	246	  5	  194	  239	  7.530692	  0.140847	  0.479641  
	247	  5	  195	  240	  6.823801	  0.043185	  0.482346  
	248	  5	  196	  473	  6.961248	  0.220445	  0.585804  
	249	  5	  197	  242	  5.706159	  -2.254927	  0.368548  
	250	  5	  198	  243	  7.175245	  1.874434	  0.230492  
	251	  5	  199	  479	  7.627029	  -11.836627	  0.379436  
	252	  5	  200	  245	  5.834471	  1.506707	  0.439645  
	253	  5	  201	  246	  7.738497	  0.196677	  0.604250  
	254	  5	  202	  247	  7.955143	  -0.067620	  0.654404  
	255	  5	  203	  248	  8.074040	  0.286339	  0.759236  
	256	  5	  204	  249	  7.226776	  0.059790	  0.537220  
	257	  1	  205	  250	  8.000000	  0.000000	  0.000000  
	258	  5	  206	  251	  5.869856	  0.388927	  0.267734  
	259	  5	  207	  252	  8.000000	  0.000000	  0.000000  
	260	  5	  208	  253	  7.088226	  -0.979229	  0.635437  
	261	  1	  42	  254	  8.000000	  0.000000	  0.000000  
	262	  1	  210	  255	  8.000000	  0.000000	  0.000000  
	263	  5	  211	  256	  5.852426	  -2.347389	  0.308874  
	264	  5	  212	  206	  5.065838	  0.728113	  0.290866  
	265	  5	  183	  257	  7.144982	  -0.118992	  0.808766  
	266	  5	  214	  258	  6.641923	  -0.026234	  0.510239  
	268	  5	  216	  260	  5.515949	  2.254927	  0.368548  
	269	  5	  79	  261	  7.412540	  -0.428105	  0.586177  
	270	  5	  336	  262	  7.467743	  0.108690	  0.527643  
	271	  5	  32	  263	  4.270501	  0.421024	  0.027236  
	272	  1	  59	  264	  8.000000	  0.000000	  0.000000  
	274	  5	  106	  266	  8.000000	  0.000000	  0.000000  
	276	  5	  124	  268	  6.486313	  4.951870	  0.412072  
	279	  5	  43	  271	  6.997779	  -0.037893	  0.411712  
	283	  1	  153	  275	  8.000000	  0.000000	  0.000000  
	284	  5	  170	  276	  6.048238	  -0.388927	  0.267734  
	285	  1	  220	  277	  8.000000	  0.000000	  0.000000  
	286	  1	  221	  278	  8.000000	  0.000000	  0.000000  
	287	  5	  222	  279	  5.876714	  -1.953557	  0.333884  
	288	  5	  223	  280	  8.000000	  0.000000	  0.000000  
	289	  5	  224	  281	  8.000000	  0.000000	  0.000000  
	290	  5	  225	  282	  7.488177	  -0.046448	  0.553715  
	291	  5	  226	  283	  8.000000	  0.000000	  0.000000  
	292	  5	  227	  284	  7.724085	  0.152919	  0.538922  
	293	  5	  228	  285	  8.000000	  0.000000	  0.000000  
	294	  5	  229	  286	  6.678425	  6.444302	  0.364946  
	295	  5	  230	  287	  5.843274	  -1.391248	  0.436296  
	296	  5	  231	  288	  6.143070	  -1.939389	  0.404361  
	297	  5	  232	  289	  6.605823	  -0.075885	  0.528718  
	298	  1	  233	  290	  8.000000	  0.000000	  0.000000  
	299	  5	  234	  291	  8.000000	  0.000000	  0.000000  
	300	  1	  235	  292	  8.000000	  0.000000	  0.000000  
	301	  5	  633	  293	  8.000000	  0.000000	  0.000000  
	302	  5	  237	  294	  6.788240	  6.197543	  0.436997  
	303	  5	  238	  295	  6.812500	  -0.586658	  0.490356  
	304	  5	  239	  296	  7.507287	  0.140847	  0.479641  
	305	  5	  240	  297	  6.837786	  0.043185	  0.482346  
	306	  1	  473	  298	  8.000000	  0.000000	  0.000000  
	307	  5	  242	  299	  5.665283	  -2.254927	  0.368548  
	308	  5	  243	  300	  7.188110	  1.874434	  0.230492  
	309	  5	  479	  301	  7.274437	  -1.874434	  0.230492  
	310	  1	  245	  302	  8.000000	  0.000000	  0.000000  
	311	  5	  246	  303	  7.722709	  0.196677	  0.604250  
	312	  5	  247	  304	  7.947189	  -0.067620	  0.654404  
	313	  1	  248	  305	  8.000000	  0.000000	  0.000000  
	314	  5	  249	  306	  7.286406	  0.059790	  0.537220  
	315	  1	  250	  307	  8.000000	  0.000000	  0.000000  
	316	  1	  251	  308	  8.000000	  0.000000	  0.000000  
	317	  1	  252	  309	  8.000000	  0.000000	  0.000000  
	318	  5	  253	  310	  7.095803	  -0.979229	  0.635437  
	319	  1	  254	  311	  8.000000	  0.000000	  0.000000  
	320	  1	  255	  312	  8.000000	  0.000000	  0.000000  
	321	  5	  256	  313	  5.844909	  -2.347389	  0.308874  
	322	  5	  257	  314	  7.088661	  -0.118992	  0.808766  
	323	  5	  258	  315	  6.605269	  -0.026234	  0.510239  
	324	  5	  260	  316	  5.563277	  2.254927	  0.368548  
	325	  5	  261	  317	  6.713048	  0.747999	  0.753264  
	326	  5	  262	  318	  7.794120	  0.174611	  0.469629  
	327	  5	  263	  319	  8.000000	  0.000000	  0.000000  
	328	  1	  264	  320	  8.000000	  0.000000	  0.000000  
	329	  5	  121	  73	  5.832873	  0.169041	  0.533799  
	330	  5	  266	  321	  8.000000	  0.000000	  0.000000  
	331	  5	  267	  322	  7.067236	  0.519642	  0.723873  
	332	  5	  268	  323	  6.188099	  2.998313	  0.463016  
	333	  5	  270	  324	  6.593742	  0.031900	  0.365636  
	334	  5	  271	  325	  7.203552	  -0.072743	  0.414705  
	335	  5	  272	  76	  7.573874	  0.828811	  0.143557  
	336	  1	  221	  326	  8.000000	  0.000000	  0.000000  
	337	  1	  274	  327	  8.000000	  0.000000	  0.000000  
	338	  1	  275	  328	  8.000000	  0.000000	  0.000000  
	339	  1	  276	  329	  8.000000	  0.000000	  0.000000  
	341	  5	  263	  331	  4.483011	  0.421024	  0.027236  
	342	  1	  267	  332	  8.000000	  0.000000	  0.000000  
	343	  5	  272	  333	  7.912667	  -0.286339	  0.759236  
	344	  5	  73	  92	  6.584738	  -0.204368	  0.816947  
	347	  1	  277	  337	  8.000000	  0.000000	  0.000000  
	348	  1	  278	  338	  8.000000	  0.000000	  0.000000  
	349	  5	  279	  339	  5.835034	  -1.953557	  0.333884  
	350	  5	  280	  340	  8.000000	  0.000000	  0.000000  
	351	  5	  281	  341	  8.000000	  0.000000	  0.000000  
	352	  5	  282	  342	  6.980213	  -0.023357	  0.555384  
	353	  5	  283	  343	  8.000000	  0.000000	  0.000000  
	354	  5	  284	  344	  7.728896	  0.152919	  0.538922  
	355	  5	  285	  345	  8.000000	  0.000000	  0.000000  
	356	  5	  286	  346	  6.695229	  6.444302	  0.364946  
	358	  5	  288	  348	  6.095972	  -1.939389	  0.404361  
	359	  5	  289	  178	  6.358213	  -0.031590	  0.629311  
	360	  1	  290	  349	  8.000000	  0.000000	  0.000000  
	361	  1	  291	  350	  8.000000	  0.000000	  0.000000  
	362	  1	  292	  351	  8.000000	  0.000000	  0.000000  
	363	  5	  293	  352	  8.000000	  0.000000	  0.000000  
	364	  5	  294	  353	  6.839689	  2.679652	  0.373529  
	365	  5	  295	  354	  6.775998	  -0.586658	  0.490356  
	366	  5	  296	  355	  7.480677	  0.140847	  0.479641  
	367	  5	  297	  356	  6.842618	  0.043185	  0.482346  
	368	  1	  298	  357	  8.000000	  0.000000	  0.000000  
	369	  5	  299	  316	  5.616058	  -2.254927	  0.368548  
	370	  5	  300	  358	  7.200483	  1.874434	  0.230492  
	371	  5	  301	  359	  7.266820	  -1.874434	  0.230492  
	372	  1	  302	  360	  8.000000	  0.000000	  0.000000  
	373	  1	  303	  361	  8.000000	  0.000000	  0.000000  
	374	  5	  304	  362	  7.936519	  -0.067620	  0.654404  
	375	  1	  305	  363	  8.000000	  0.000000	  0.000000  
	376	  5	  306	  364	  7.331429	  0.059790	  0.537220  
	377	  1	  307	  365	  8.000000	  0.000000	  0.000000  
	378	  1	  308	  366	  8.000000	  0.000000	  0.000000  
	379	  1	  309	  367	  8.000000	  0.000000	  0.000000  
	380	  5	  310	  368	  7.100048	  -0.979229	  0.635437  
	381	  1	  311	  369	  8.000000	  0.000000	  0.000000  
	382	  1	  312	  370	  8.000000	  0.000000	  0.000000  
	383	  5	  313	  371	  5.833416	  -2.347389	  0.308874  
	384	  5	  314	  372	  7.651985	  0.067620	  0.654404  
	385	  5	  315	  373	  8.000000	  0.000000	  0.000000  
	386	  1	  316	  374	  8.000000	  0.000000	  0.000000  
	387	  5	  317	  375	  6.783548	  -0.817888	  0.423614  
	388	  5	  318	  376	  7.809358	  0.174611	  0.469629  
	389	  5	  319	  377	  8.000000	  0.000000	  0.000000  
	390	  1	  320	  378	  8.000000	  0.000000	  0.000000  
	391	  5	  321	  379	  8.000000	  0.000000	  0.000000  
	392	  5	  322	  380	  7.135283	  0.519642	  0.723873  
	393	  5	  323	  381	  5.719057	  1.391248	  0.436296  
	394	  5	  324	  382	  7.230753	  0.072743	  0.414705  
	395	  5	  325	  383	  7.217073	  -0.072743	  0.414705  
	396	  1	  326	  384	  8.000000	  0.000000	  0.000000  
	397	  1	  327	  385	  8.000000	  0.000000	  0.000000  
	398	  1	  328	  386	  8.000000	  0.000000	  0.000000  
	399	  1	  329	  387	  8.000000	  0.000000	  0.000000  
	400	  5	  330	  388	  7.319925	  -0.519642	  0.723873  
	401	  5	  389	  41	  7.545187	  -0.618669	  0.528673  
	402	  5	  331	  389	  4.691075	  0.421024	  0.027236  
	403	  1	  332	  390	  8.000000	  0.000000	  0.000000  
	404	  5	  333	  391	  7.932630	  -0.286339	  0.759236  
	405	  1	  40	  392	  8.000000	  0.000000	  0.000000  
	407	  1	  73	  394	  8.000000	  0.000000	  0.000000  
	408	  5	  108	  395	  7.338616	  0.057457	  0.592049  
	409	  1	  216	  396	  8.000000	  0.000000	  0.000000  
	410	  5	  336	  397	  7.265126	  0.065920	  0.373976  
	411	  5	  123	  398	  7.581156	  -0.054510	  0.497275  
	412	  5	  155	  399	  6.346044	  3.101438	  0.437334  
	413	  5	  155	  400	  5.941444	  -1.506707	  0.439645  
	414	  5	  202	  401	  6.758264	  0.018632	  0.471831  
	416	  5	  42	  403	  6.753803	  0.040843	  0.453031  
	417	  5	  230	  404	  5.906286	  -1.607064	  0.486148  
	418	  1	  308	  405	  8.000000	  0.000000	  0.000000  
	419	  1	  337	  406	  8.000000	  0.000000	  0.000000  
	420	  1	  338	  407	  8.000000	  0.000000	  0.000000  
	421	  5	  339	  268	  5.790144	  -1.953557	  0.333884  
	422	  5	  340	  408	  8.000000	  0.000000	  0.000000  
	423	  5	  341	  409	  8.000000	  0.000000	  0.000000  
	424	  5	  342	  410	  6.972548	  -0.023357	  0.555384  
	425	  5	  343	  411	  8.000000	  0.000000	  0.000000  
	426	  5	  344	  412	  7.731804	  0.152919	  0.538922  
	427	  5	  345	  413	  8.000000	  0.000000	  0.000000  
	428	  5	  346	  414	  7.529334	  9.962193	  0.407461  
	430	  5	  348	  416	  6.906769	  0.609969	  0.064800  
	431	  1	  349	  417	  8.000000	  0.000000	  0.000000  
	432	  1	  350	  418	  8.000000	  0.000000	  0.000000  
	433	  1	  351	  419	  8.000000	  0.000000	  0.000000  
	434	  5	  352	  420	  8.000000	  0.000000	  0.000000  
	435	  5	  353	  421	  6.851094	  2.679652	  0.373529  
	436	  5	  354	  422	  6.734672	  -0.586658	  0.490356  
	437	  5	  355	  423	  7.450746	  0.140847	  0.479641  
	438	  5	  356	  424	  6.837606	  0.043185	  0.482346  
	439	  1	  357	  425	  8.000000	  0.000000	  0.000000  
	440	  5	  358	  426	  7.212368	  1.874434	  0.230492  
	441	  5	  359	  427	  7.259180	  -1.874434	  0.230492  
	442	  1	  360	  428	  8.000000	  0.000000	  0.000000  
	443	  1	  361	  429	  8.000000	  0.000000	  0.000000  
	444	  5	  362	  430	  7.922255	  -0.067620	  0.654404  
	445	  1	  363	  431	  8.000000	  0.000000	  0.000000  
	446	  5	  364	  315	  6.553841	  0.026234	  0.510239  
	447	  1	  365	  432	  8.000000	  0.000000	  0.000000  
	448	  1	  366	  433	  8.000000	  0.000000	  0.000000  
	449	  1	  367	  434	  8.000000	  0.000000	  0.000000  
	450	  5	  368	  435	  7.098813	  -0.979229	  0.635437  
	451	  1	  369	  436	  8.000000	  0.000000	  0.000000  
	452	  1	  370	  437	  8.000000	  0.000000	  0.000000  
	453	  5	  371	  438	  5.815249	  -2.347389	  0.308874  
	454	  5	  372	  439	  7.742898	  0.067620	  0.654404  
	455	  5	  373	  440	  8.000000	  0.000000	  0.000000  
	456	  1	  374	  441	  8.000000	  0.000000	  0.000000  
	457	  5	  375	  442	  8.000000	  0.000000	  0.000000  
	458	  5	  376	  443	  7.820033	  0.174611	  0.469629  
	459	  1	  377	  444	  8.000000	  0.000000	  0.000000  
	460	  1	  378	  445	  8.000000	  0.000000	  0.000000  
	461	  5	  379	  446	  8.000000	  0.000000	  0.000000  
	462	  5	  380	  447	  7.190597	  0.519642	  0.723873  
	463	  5	  381	  448	  5.765713	  1.391248	  0.436296  
	464	  5	  382	  449	  7.235881	  0.072743	  0.414705  
	465	  5	  383	  526	  7.227687	  -0.072743	  0.414705  
	466	  1	  384	  451	  8.000000	  0.000000	  0.000000  
	467	  1	  385	  452	  8.000000	  0.000000	  0.000000  
	468	  1	  386	  453	  8.000000	  0.000000	  0.000000  
	469	  1	  387	  454	  8.000000	  0.000000	  0.000000  
	470	  5	  388	  455	  7.308396	  -0.519642	  0.723873  
	471	  1	  390	  456	  8.000000	  0.000000	  0.000000  
	472	  5	  391	  457	  7.954072	  -0.286339	  0.759236  
	473	  1	  392	  458	  8.000000	  0.000000	  0.000000  
	475	  1	  394	  460	  8.000000	  0.000000	  0.000000  
	476	  5	  395	  461	  7.373395	  0.057457	  0.592049  
	477	  1	  396	  462	  8.000000	  0.000000	  0.000000  
	478	  5	  397	  463	  8.000000	  0.000000	  0.000000  
	479	  5	  398	  464	  7.590215	  -0.054510	  0.497275  
	480	  5	  399	  237	  6.353345	  3.101438	  0.437334  
	481	  5	  400	  465	  5.912880	  -1.506707	  0.439645  
	482	  5	  401	  466	  6.793888	  0.018632	  0.471831  
	484	  1	  403	  468	  8.000000	  0.000000	  0.000000  
	485	  5	  404	  469	  5.864289	  -1.607064	  0.486148  
	486	  1	  405	  470	  8.000000	  0.000000	  0.000000  
	487	  5	  34	  471	  7.710722	  -0.152919	  0.538922  
	488	  5	  138	  472	  7.106781	  -0.609969	  0.064800  
	490	  5	  187	  474	  6.766958	  -0.037734	  0.316441  
	491	  1	  238	  475	  8.000000	  0.000000	  0.000000  
	492	  5	  194	  476	  7.565641	  -0.103322	  0.516895  
	493	  1	  279	  477	  8.000000	  0.000000	  0.000000  
	494	  5	  296	  478	  8.000000	  0.000000	  0.000000  
	496	  1	  255	  480	  8.000000	  0.000000	  0.000000  
	497	  5	  346	  481	  6.714831	  -3.517891	  0.485342  
	498	  5	  348	  482	  6.143183	  -2.549358	  0.323117  
	499	  1	  356	  483	  8.000000	  0.000000	  0.000000  
	500	  5	  375	  484	  6.748898	  -0.817888	  0.423614  
	501	  1	  406	  485	  8.000000	  0.000000	  0.000000  
	502	  1	  407	  486	  8.000000	  0.000000	  0.000000  
	503	  5	  408	  487	  8.000000	  0.000000	  0.000000  
	504	  5	  409	  488	  8.000000	  0.000000	  0.000000  
	505	  5	  410	  489	  7.272009	  -0.033556	  0.558314  
	506	  5	  411	  490	  8.000000	  0.000000	  0.000000  
	507	  5	  412	  491	  7.732447	  0.152919	  0.538922  
	508	  5	  413	  492	  8.000000	  0.000000	  0.000000  
	509	  5	  414	  493	  7.533294	  9.962193	  0.407461  
	511	  5	  416	  495	  6.952948	  0.609969	  0.064800  
	512	  1	  417	  496	  8.000000	  0.000000	  0.000000  
	513	  1	  418	  497	  8.000000	  0.000000	  0.000000  
	514	  1	  419	  498	  8.000000	  0.000000	  0.000000  
	515	  5	  420	  499	  8.000000	  0.000000	  0.000000  
	516	  5	  421	  500	  6.861748	  2.679652	  0.373529  
	517	  5	  422	  501	  7.466125	  -1.565887	  0.581082  
	518	  5	  423	  867	  7.412055	  0.140847	  0.479641  
	519	  5	  424	  503	  6.825880	  0.043185	  0.482346  
	520	  1	  425	  504	  8.000000	  0.000000	  0.000000  
	521	  5	  426	  505	  8.000000	  0.000000	  0.000000  
	522	  5	  427	  506	  7.250819	  -1.874434	  0.230492  
	523	  1	  428	  507	  8.000000	  0.000000	  0.000000  
	524	  1	  429	  508	  8.000000	  0.000000	  0.000000  
	525	  5	  430	  509	  7.904002	  -0.067620	  0.654404  
	526	  1	  431	  510	  8.000000	  0.000000	  0.000000  
	527	  1	  432	  511	  8.000000	  0.000000	  0.000000  
	528	  1	  433	  512	  8.000000	  0.000000	  0.000000  
	529	  1	  434	  513	  8.000000	  0.000000	  0.000000  
	530	  5	  435	  514	  7.093790	  -0.979229	  0.635437  
	531	  1	  436	  515	  8.000000	  0.000000	  0.000000  
	532	  1	  437	  516	  8.000000	  0.000000	  0.000000  
	533	  5	  438	  482	  5.792305	  -2.347389	  0.308874  
	534	  5	  439	  517	  8.000000	  0.000000	  0.000000  
	535	  5	  440	  518	  8.000000	  0.000000	  0.000000  
	536	  1	  441	  519	  8.000000	  0.000000	  0.000000  
	537	  5	  442	  520	  8.000000	  0.000000	  0.000000  
	538	  5	  443	  521	  7.828380	  0.174611	  0.469629  
	539	  1	  444	  522	  8.000000	  0.000000	  0.000000  
	540	  1	  445	  523	  8.000000	  0.000000	  0.000000  
	541	  5	  446	  524	  8.000000	  0.000000	  0.000000  
	542	  1	  447	  525	  8.000000	  0.000000	  0.000000  
	543	  5	  448	  287	  5.805606	  1.391248	  0.436296  
	544	  5	  449	  526	  7.236168	  0.072743	  0.414705  
	545	  1	  526	  527	  8.000000	  0.000000	  0.000000  
	546	  1	  451	  528	  8.000000	  0.000000	  0.000000  
	547	  1	  452	  529	  8.000000	  0.000000	  0.000000  
	548	  1	  453	  530	  8.000000	  0.000000	  0.000000  
	549	  1	  454	  531	  8.000000	  0.000000	  0.000000  
	550	  5	  455	  532	  7.290164	  -0.519642	  0.723873  
	551	  1	  456	  533	  8.000000	  0.000000	  0.000000  
	552	  5	  457	  534	  7.974501	  -0.286339	  0.759236  
	553	  1	  458	  535	  8.000000	  0.000000	  0.000000  
	555	  1	  460	  537	  8.000000	  0.000000	  0.000000  
	556	  5	  461	  538	  7.398425	  0.057457	  0.592049  
	557	  1	  462	  539	  8.000000	  0.000000	  0.000000  
	558	  5	  463	  540	  8.000000	  0.000000	  0.000000  
	559	  5	  464	  541	  7.600695	  -0.054510	  0.497275  
	560	  5	  465	  245	  5.876669	  -1.506707	  0.439645  
	561	  5	  466	  542	  7.237787	  0.012892	  0.541747  
	563	  1	  468	  544	  8.000000	  0.000000	  0.000000  
	564	  5	  469	  323	  5.820898	  -1.607064	  0.486148  
	565	  1	  470	  545	  8.000000	  0.000000	  0.000000  
	566	  5	  471	  546	  7.717517	  -0.152919	  0.538922  
	567	  5	  472	  547	  7.088535	  -0.609969	  0.064800  
	569	  5	  474	  548	  6.790545	  -0.037734	  0.316441  
	570	  1	  475	  549	  8.000000	  0.000000	  0.000000  
	571	  5	  476	  550	  7.566469	  -0.103322	  0.516895  
	572	  1	  477	  551	  8.000000	  0.000000	  0.000000  
	573	  1	  478	  552	  8.000000	  0.000000	  0.000000  
	574	  1	  479	  553	  8.000000	  0.000000	  0.000000  
	575	  1	  480	  554	  8.000000	  0.000000	  0.000000  
	576	  5	  481	  555	  6.718899	  -3.517891	  0.485342  
	577	  5	  482	  556	  6.788589	  -4.896747	  0.316289  
	578	  1	  483	  557	  8.000000	  0.000000	  0.000000  
	579	  5	  484	  558	  6.705890	  -0.817888	  0.423614  
	580	  1	  107	  559	  8.000000	  0.000000	  0.000000  
	581	  5	  158	  25	  6.744321	  -0.020403	  0.600936  
	582	  1	  167	  560	  8.000000	  0.000000	  0.000000  
	583	  5	  223	  561	  7.370305	  -0.140847	  0.479641  
	584	  5	  251	  562	  5.945093	  0.388927	  0.267734  
	585	  5	  262	  563	  7.373886	  -0.065920	  0.373976  
	586	  5	  252	  564	  8.000000	  0.000000	  0.000000  
	587	  5	  270	  119	  6.537634	  -0.031900	  0.365636  
	588	  5	  314	  566	  7.495601	  -0.186612	  0.752832  
	589	  5	  364	  567	  7.194233	  0.033556	  0.558314  
	590	  5	  466	  568	  6.226799	  0.005740	  0.314797  
	591	  5	  569	  79	  7.151868	  0.996545	  0.672003  
	593	  5	  50	  9	  7.502219	  0.350328	  0.471328  
	594	  5	  50	  68	  6.520768	  0.246482	  0.669798  
	595	  1	  485	  573	  8.000000	  0.000000	  0.000000  
	596	  1	  486	  574	  8.000000	  0.000000	  0.000000  
	597	  5	  487	  575	  8.000000	  0.000000	  0.000000  
	598	  5	  488	  576	  8.000000	  0.000000	  0.000000  
	599	  1	  489	  577	  8.000000	  0.000000	  0.000000  
	600	  5	  490	  578	  8.000000	  0.000000	  0.000000  
	601	  5	  491	  579	  7.731428	  0.152919	  0.538922  
	602	  5	  492	  580	  8.000000	  0.000000	  0.000000  
	603	  5	  493	  581	  7.537389	  9.962193	  0.407461  
	605	  5	  495	  583	  6.993759	  0.609969	  0.064800  
	606	  1	  496	  584	  8.000000	  0.000000	  0.000000  
	607	  1	  497	  585	  8.000000	  0.000000	  0.000000  
	608	  1	  498	  586	  8.000000	  0.000000	  0.000000  
	609	  5	  499	  587	  8.000000	  0.000000	  0.000000  
	610	  5	  500	  588	  6.871933	  2.679652	  0.373529  
	611	  5	  501	  589	  7.452321	  -1.565887	  0.581082  
	612	  5	  561	  590	  8.000000	  0.000000	  0.000000  
	613	  5	  503	  91	  6.695463	  0.044943	  0.469127  
	614	  1	  504	  591	  8.000000	  0.000000	  0.000000  
	615	  5	  505	  592	  8.000000	  0.000000	  0.000000  
	616	  5	  506	  593	  7.241792	  -1.874434	  0.230492  
	617	  1	  507	  594	  8.000000	  0.000000	  0.000000  
	618	  1	  508	  595	  8.000000	  0.000000	  0.000000  
	619	  5	  509	  596	  7.880918	  -0.067620	  0.654404  
	620	  1	  510	  597	  8.000000	  0.000000	  0.000000  
	621	  1	  511	  598	  8.000000	  0.000000	  0.000000  
	622	  1	  512	  599	  8.000000	  0.000000	  0.000000  
	623	  1	  513	  600	  8.000000	  0.000000	  0.000000  
	624	  5	  514	  422	  7.084164	  -0.979229	  0.635437  
	625	  1	  515	  601	  8.000000	  0.000000	  0.000000  
	626	  1	  516	  602	  8.000000	  0.000000	  0.000000  
	627	  1	  517	  603	  8.000000	  0.000000	  0.000000  
	628	  5	  518	  604	  8.000000	  0.000000	  0.000000  
	629	  1	  519	  605	  8.000000	  0.000000	  0.000000  
	630	  5	  520	  606	  8.000000	  0.000000	  0.000000  
	631	  1	  521	  607	  8.000000	  0.000000	  0.000000  
	632	  1	  522	  608	  8.000000	  0.000000	  0.000000  
	633	  1	  523	  609	  8.000000	  0.000000	  0.000000  
	634	  5	  524	  610	  8.000000	  0.000000	  0.000000  
	635	  1	  525	  611	  8.000000	  0.000000	  0.000000  
	637	  1	  527	  612	  8.000000	  0.000000	  0.000000  
	638	  1	  528	  613	  8.000000	  0.000000	  0.000000  
	639	  1	  529	  614	  8.000000	  0.000000	  0.000000  
	640	  1	  530	  615	  8.000000	  0.000000	  0.000000  
	641	  1	  531	  616	  8.000000	  0.000000	  0.000000  
	642	  5	  532	  617	  7.264310	  -0.519642	  0.723873  
	643	  1	  533	  618	  8.000000	  0.000000	  0.000000  
	644	  5	  534	  619	  7.993725	  -0.286339	  0.759236  
	645	  1	  535	  620	  8.000000	  0.000000	  0.000000  
	647	  1	  537	  622	  8.000000	  0.000000	  0.000000  
	648	  1	  538	  623	  8.000000	  0.000000	  0.000000  
	649	  1	  539	  624	  8.000000	  0.000000	  0.000000  
	650	  5	  540	  625	  8.000000	  0.000000	  0.000000  
	651	  5	  541	  626	  7.610039	  -0.054510	  0.497275  
	652	  5	  542	  627	  7.261866	  0.012892	  0.541747  
	654	  1	  544	  629	  8.000000	  0.000000	  0.000000  
	655	  1	  545	  630	  8.000000	  0.000000	  0.000000  
	656	  5	  546	  631	  8.000000	  0.000000	  0.000000  
	657	  1	  547	  632	  8.000000	  0.000000	  0.000000  
	658	  5	  548	  633	  6.813515	  -0.037734	  0.316441  
	659	  1	  549	  634	  8.000000	  0.000000	  0.000000  
	660	  1	  550	  635	  8.000000	  0.000000	  0.000000  
	661	  1	  551	  636	  8.000000	  0.000000	  0.000000  
	662	  1	  552	  637	  8.000000	  0.000000	  0.000000  
	663	  1	  553	  638	  8.000000	  0.000000	  0.000000  
	664	  1	  554	  639	  8.000000	  0.000000	  0.000000  
	665	  5	  555	  294	  6.722955	  -3.517891	  0.485342  
	666	  5	  556	  169	  6.768964	  -4.896747	  0.316289  
	667	  1	  557	  640	  8.000000	  0.000000	  0.000000  
	668	  5	  558	  110	  6.639699	  -0.817888	  0.423614  
	669	  1	  559	  641	  8.000000	  0.000000	  0.000000  
	670	  1	  560	  642	  8.000000	  0.000000	  0.000000  
	672	  5	  562	  276	  6.003232	  0.388927	  0.267734  
	673	  5	  563	  397	  7.330414	  -0.065920	  0.373976  
	674	  5	  564	  643	  8.000000	  0.000000	  0.000000  
	676	  5	  566	  644	  8.000000	  0.000000	  0.000000  
	677	  5	  567	  645	  7.228642	  0.033556	  0.558314  
	678	  5	  568	  113	  5.829051	  0.003982	  0.390009  
	679	  5	  569	  261	  7.628888	  1.176104	  0.692444  
	680	  1	  570	  646	  8.000000	  0.000000	  0.000000  
	682	  5	  65	  648	  7.418499	  -0.057457	  0.592049  
	683	  5	  50	  649	  7.394919	  0.308197	  0.695202  
	684	  5	  141	  650	  6.376419	  -0.026994	  0.309474  
	685	  1	  146	  651	  8.000000	  0.000000	  0.000000  
	686	  1	  135	  652	  8.000000	  0.000000	  0.000000  
	687	  1	  201	  653	  8.000000	  0.000000	  0.000000  
	688	  5	  248	  654	  8.060143	  0.286339	  0.759236  
	689	  1	  331	  655	  8.000000	  0.000000	  0.000000  
	690	  1	  280	  656	  8.000000	  0.000000	  0.000000  
	691	  5	  282	  657	  6.973886	  -0.023091	  0.552028  
	692	  1	  285	  658	  8.000000	  0.000000	  0.000000  
	693	  1	  351	  659	  8.000000	  0.000000	  0.000000  
	694	  5	  303	  660	  7.705853	  0.196677	  0.604250  
	695	  1	  377	  661	  8.000000	  0.000000	  0.000000  
	696	  1	  451	  662	  8.000000	  0.000000	  0.000000  
	697	  5	  403	  663	  6.834110	  0.040843	  0.453031  
	698	  1	  504	  664	  8.000000	  0.000000	  0.000000  
	699	  5	  550	  665	  7.565111	  -0.103322	  0.516895  
	700	  5	  568	  666	  5.842074	  0.001759	  0.144508  
	701	  5	  667	  22	  7.749892	  -0.363115	  0.526324  
	702	  1	  573	  668	  8.000000	  0.000000	  0.000000  
	703	  1	  574	  669	  8.000000	  0.000000	  0.000000  
	704	  5	  575	  670	  8.000000	  0.000000	  0.000000  
	705	  5	  576	  671	  8.000000	  0.000000	  0.000000  
	706	  1	  577	  672	  8.000000	  0.000000	  0.000000  
	707	  5	  578	  673	  8.000000	  0.000000	  0.000000  
	708	  5	  579	  674	  7.728250	  0.152919	  0.538922  
	709	  1	  580	  675	  8.000000	  0.000000	  0.000000  
	710	  5	  581	  676	  7.541772	  9.962193	  0.407461  
	712	  5	  583	  678	  7.030756	  0.609969	  0.064800  
	713	  1	  584	  679	  8.000000	  0.000000	  0.000000  
	714	  1	  585	  680	  8.000000	  0.000000	  0.000000  
	715	  1	  586	  681	  8.000000	  0.000000	  0.000000  
	716	  5	  587	  682	  8.000000	  0.000000	  0.000000  
	717	  5	  588	  210	  6.883117	  2.679652	  0.373529  
	718	  5	  589	  317	  7.433896	  -1.565887	  0.581082  
	719	  1	  590	  683	  8.000000	  0.000000	  0.000000  
	720	  1	  591	  684	  8.000000	  0.000000	  0.000000  
	721	  5	  592	  685	  8.000000	  0.000000	  0.000000  
	722	  5	  593	  686	  7.232203	  -1.874434	  0.230492  
	723	  1	  594	  687	  8.000000	  0.000000	  0.000000  
	724	  1	  595	  688	  8.000000	  0.000000	  0.000000  
	725	  5	  596	  689	  7.849734	  -0.067620	  0.654404  
	726	  1	  597	  690	  8.000000	  0.000000	  0.000000  
	727	  1	  598	  691	  8.000000	  0.000000	  0.000000  
	728	  1	  599	  692	  8.000000	  0.000000	  0.000000  
	729	  1	  600	  693	  8.000000	  0.000000	  0.000000  
	730	  1	  601	  694	  8.000000	  0.000000	  0.000000  
	731	  1	  602	  695	  8.000000	  0.000000	  0.000000  
	732	  1	  603	  696	  8.000000	  0.000000	  0.000000  
	733	  5	  604	  697	  8.000000	  0.000000	  0.000000  
	734	  1	  605	  698	  8.000000	  0.000000	  0.000000  
	735	  5	  606	  699	  8.000000	  0.000000	  0.000000  
	736	  1	  607	  700	  8.000000	  0.000000	  0.000000  
	737	  1	  608	  701	  8.000000	  0.000000	  0.000000  
	738	  1	  609	  702	  8.000000	  0.000000	  0.000000  
	739	  5	  610	  703	  8.000000	  0.000000	  0.000000  
	740	  1	  611	  704	  8.000000	  0.000000	  0.000000  
	741	  1	  612	  705	  8.000000	  0.000000	  0.000000  
	742	  1	  613	  706	  8.000000	  0.000000	  0.000000  
	743	  1	  614	  707	  8.000000	  0.000000	  0.000000  
	744	  1	  615	  708	  8.000000	  0.000000	  0.000000  
	745	  1	  616	  709	  8.000000	  0.000000	  0.000000  
	746	  5	  617	  447	  7.232789	  -0.519642	  0.723873  
	747	  1	  618	  710	  8.000000	  0.000000	  0.000000  
	748	  5	  619	  711	  8.012214	  -0.286339	  0.759236  
	749	  1	  620	  712	  8.000000	  0.000000	  0.000000  
	751	  1	  622	  714	  8.000000	  0.000000	  0.000000  
	752	  1	  623	  715	  8.000000	  0.000000	  0.000000  
	753	  1	  624	  716	  8.000000	  0.000000	  0.000000  
	754	  5	  625	  717	  8.000000	  0.000000	  0.000000  
	755	  5	  626	  718	  7.618011	  -0.054510	  0.497275  
	756	  5	  627	  719	  7.275666	  0.012892	  0.541747  
	758	  1	  629	  721	  8.000000	  0.000000	  0.000000  
	759	  1	  630	  722	  8.000000	  0.000000	  0.000000  
	760	  5	  631	  723	  8.000000	  0.000000	  0.000000  
	761	  1	  632	  724	  8.000000	  0.000000	  0.000000  
	763	  1	  634	  725	  8.000000	  0.000000	  0.000000  
	764	  1	  635	  726	  8.000000	  0.000000	  0.000000  
	765	  1	  636	  727	  8.000000	  0.000000	  0.000000  
	766	  1	  637	  728	  8.000000	  0.000000	  0.000000  
	767	  1	  638	  729	  8.000000	  0.000000	  0.000000  
	768	  1	  639	  730	  8.000000	  0.000000	  0.000000  
	769	  1	  640	  731	  8.000000	  0.000000	  0.000000  
	770	  1	  641	  732	  8.000000	  0.000000	  0.000000  
	771	  1	  642	  733	  8.000000	  0.000000	  0.000000  
	772	  1	  643	  734	  8.000000	  0.000000	  0.000000  
	773	  5	  644	  735	  8.000000	  0.000000	  0.000000  
	774	  5	  645	  489	  7.257265	  0.033556	  0.558314  
	775	  1	  646	  736	  8.000000	  0.000000	  0.000000  
	776	  1	  50	  737	  8.000000	  0.000000	  0.000000  
	777	  5	  648	  738	  7.419647	  -0.057457	  0.592049  
	778	  5	  649	  566	  7.409564	  0.186612	  0.752832  
	779	  5	  650	  739	  7.500643	  -0.071288	  0.401125  
	780	  1	  651	  740	  8.000000	  0.000000	  0.000000  
	781	  1	  652	  741	  8.000000	  0.000000	  0.000000  
	782	  1	  653	  742	  8.000000	  0.000000	  0.000000  
	783	  5	  654	  743	  8.045972	  0.286339	  0.759236  
	784	  1	  655	  744	  8.000000	  0.000000	  0.000000  
	785	  1	  656	  745	  8.000000	  0.000000	  0.000000  
	786	  5	  657	  410	  6.966731	  -0.023091	  0.552028  
	787	  1	  658	  746	  8.000000	  0.000000	  0.000000  
	788	  1	  659	  235	  8.000000	  0.000000	  0.000000  
	789	  5	  660	  747	  7.688960	  0.196677	  0.604250  
	790	  1	  661	  748	  8.000000	  0.000000	  0.000000  
	791	  1	  662	  749	  8.000000	  0.000000	  0.000000  
	792	  5	  663	  324	  6.901934	  0.040843	  0.453031  
	793	  1	  664	  750	  8.000000	  0.000000	  0.000000  
	794	  5	  665	  751	  7.838655	  -0.174611	  0.469629  
	795	  5	  666	  503	  5.933110	  0.001759	  0.144508  
	796	  1	  37	  752	  8.000000	  0.000000	  0.000000  
	797	  1	  667	  753	  8.000000	  0.000000	  0.000000  
	798	  1	  114	  754	  8.000000	  0.000000	  0.000000  
	799	  5	  154	  755	  7.132775	  -0.017832	  0.234388  
	800	  5	  160	  756	  7.440646	  -0.121585	  0.606750  
	801	  1	  160	  757	  8.000000	  0.000000	  0.000000  
	802	  5	  274	  758	  7.402366	  -0.090671	  0.478696  
	803	  1	  249	  759	  8.000000	  0.000000	  0.000000  
	804	  1	  320	  760	  8.000000	  0.000000	  0.000000  
	805	  5	  271	  761	  7.411839	  -0.019660	  0.637873  
	806	  5	  411	  762	  8.000000	  0.000000	  0.000000  
	807	  1	  430	  763	  8.000000	  0.000000	  0.000000  
	808	  1	  432	  764	  8.000000	  0.000000	  0.000000  
	809	  1	  530	  765	  8.000000	  0.000000	  0.000000  
	810	  5	  564	  766	  8.000000	  0.000000	  0.000000  
	811	  5	  650	  289	  6.523069	  0.044295	  0.456977  
	812	  1	  668	  767	  8.000000	  0.000000	  0.000000  
	813	  1	  669	  768	  8.000000	  0.000000	  0.000000  
	814	  5	  670	  769	  8.000000	  0.000000	  0.000000  
	815	  5	  671	  770	  8.000000	  0.000000	  0.000000  
	816	  1	  672	  771	  8.000000	  0.000000	  0.000000  
	817	  5	  673	  772	  8.000000	  0.000000	  0.000000  
	818	  5	  674	  546	  7.723678	  0.152919	  0.538922  
	819	  1	  675	  773	  8.000000	  0.000000	  0.000000  
	820	  5	  676	  479	  7.546424	  9.962193	  0.407461  
	821	  5	  678	  547	  7.062984	  0.609969	  0.064800  
	822	  1	  679	  774	  8.000000	  0.000000	  0.000000  
	823	  1	  680	  775	  8.000000	  0.000000	  0.000000  
	824	  1	  681	  776	  8.000000	  0.000000	  0.000000  
	825	  5	  682	  777	  8.000000	  0.000000	  0.000000  
	826	  1	  683	  778	  8.000000	  0.000000	  0.000000  
	827	  1	  684	  779	  8.000000	  0.000000	  0.000000  
	828	  5	  685	  780	  8.000000	  0.000000	  0.000000  
	829	  5	  686	  426	  7.222725	  -1.874434	  0.230492  
	830	  1	  687	  781	  8.000000	  0.000000	  0.000000  
	831	  1	  688	  782	  8.000000	  0.000000	  0.000000  
	832	  5	  689	  439	  7.805809	  -0.067620	  0.654404  
	833	  1	  690	  783	  8.000000	  0.000000	  0.000000  
	834	  1	  691	  784	  8.000000	  0.000000	  0.000000  
	835	  1	  692	  785	  8.000000	  0.000000	  0.000000  
	836	  1	  693	  786	  8.000000	  0.000000	  0.000000  
	837	  1	  694	  787	  8.000000	  0.000000	  0.000000  
	838	  1	  695	  788	  8.000000	  0.000000	  0.000000  
	839	  1	  696	  789	  8.000000	  0.000000	  0.000000  
	840	  5	  697	  790	  8.000000	  0.000000	  0.000000  
	841	  1	  698	  791	  8.000000	  0.000000	  0.000000  
	842	  5	  699	  792	  8.000000	  0.000000	  0.000000  
	843	  1	  700	  793	  8.000000	  0.000000	  0.000000  
	844	  1	  701	  794	  8.000000	  0.000000	  0.000000  
	845	  1	  702	  795	  8.000000	  0.000000	  0.000000  
	846	  5	  703	  796	  8.000000	  0.000000	  0.000000  
	847	  1	  704	  797	  8.000000	  0.000000	  0.000000  
	848	  1	  705	  798	  8.000000	  0.000000	  0.000000  
	849	  1	  706	  799	  8.000000	  0.000000	  0.000000  
	850	  1	  707	  800	  8.000000	  0.000000	  0.000000  
	851	  1	  708	  801	  8.000000	  0.000000	  0.000000  
	852	  1	  709	  802	  8.000000	  0.000000	  0.000000  
	853	  1	  710	  803	  8.000000	  0.000000	  0.000000  
	854	  1	  711	  804	  8.000000	  0.000000	  0.000000  
	855	  1	  712	  805	  8.000000	  0.000000	  0.000000  
	857	  1	  714	  807	  8.000000	  0.000000	  0.000000  
	858	  1	  715	  808	  8.000000	  0.000000	  0.000000  
	859	  1	  716	  809	  8.000000	  0.000000	  0.000000  
	860	  5	  717	  810	  8.000000	  0.000000	  0.000000  
	861	  5	  718	  271	  7.625766	  -0.054510	  0.497275  
	862	  5	  719	  410	  7.282562	  0.012892	  0.541747  
	863	  1	  721	  811	  8.000000	  0.000000	  0.000000  
	864	  1	  722	  812	  8.000000	  0.000000	  0.000000  
	865	  1	  723	  813	  8.000000	  0.000000	  0.000000  
	866	  1	  724	  814	  8.000000	  0.000000	  0.000000  
	867	  1	  725	  815	  8.000000	  0.000000	  0.000000  
	868	  1	  726	  816	  8.000000	  0.000000	  0.000000  
	869	  1	  727	  817	  8.000000	  0.000000	  0.000000  
	870	  1	  728	  818	  8.000000	  0.000000	  0.000000  
	871	  1	  729	  819	  8.000000	  0.000000	  0.000000  
	872	  1	  730	  820	  8.000000	  0.000000	  0.000000  
	873	  1	  731	  821	  8.000000	  0.000000	  0.000000  
	874	  1	  732	  822	  8.000000	  0.000000	  0.000000  
	875	  1	  733	  823	  8.000000	  0.000000	  0.000000  
	876	  1	  734	  824	  8.000000	  0.000000	  0.000000  
	877	  5	  735	  825	  8.000000	  0.000000	  0.000000  
	878	  1	  736	  826	  8.000000	  0.000000	  0.000000  
	879	  1	  737	  827	  8.000000	  0.000000	  0.000000  
	880	  5	  738	  538	  7.413822	  -0.057457	  0.592049  
	881	  5	  739	  665	  7.487730	  -0.071288	  0.401125  
	882	  1	  740	  828	  8.000000	  0.000000	  0.000000  
	883	  1	  741	  829	  8.000000	  0.000000	  0.000000  
	884	  1	  742	  830	  8.000000	  0.000000	  0.000000  
	885	  5	  743	  711	  8.029428	  0.286339	  0.759236  
	886	  1	  744	  831	  8.000000	  0.000000	  0.000000  
	887	  1	  745	  832	  8.000000	  0.000000	  0.000000  
	888	  1	  746	  833	  8.000000	  0.000000	  0.000000  
	890	  1	  748	  834	  8.000000	  0.000000	  0.000000  
	891	  1	  749	  835	  8.000000	  0.000000	  0.000000  
	892	  1	  750	  836	  8.000000	  0.000000	  0.000000  
	893	  5	  751	  521	  7.834568	  -0.174611	  0.469629  
	894	  1	  752	  837	  8.000000	  0.000000	  0.000000  
	895	  1	  753	  838	  8.000000	  0.000000	  0.000000  
	896	  1	  754	  839	  8.000000	  0.000000	  0.000000  
	897	  5	  755	  66	  7.133224	  -0.017832	  0.234388  
	898	  5	  756	  649	  7.372164	  -0.121585	  0.606750  
	899	  1	  757	  840	  8.000000	  0.000000	  0.000000  
	900	  5	  758	  473	  7.365592	  -0.090671	  0.478696  
	901	  1	  759	  841	  8.000000	  0.000000	  0.000000  
	902	  1	  760	  842	  8.000000	  0.000000	  0.000000  
	903	  5	  761	  166	  7.389290	  -0.019660	  0.637873  
	904	  5	  762	  843	  8.000000	  0.000000	  0.000000  
	905	  1	  763	  844	  8.000000	  0.000000	  0.000000  
	906	  1	  764	  845	  8.000000	  0.000000	  0.000000  
	907	  1	  765	  846	  8.000000	  0.000000	  0.000000  
	908	  1	  766	  847	  8.000000	  0.000000	  0.000000  
	909	  5	  35	  848	  8.000000	  0.000000	  0.000000  
	910	  1	  103	  849	  8.000000	  0.000000	  0.000000  
	911	  1	  150	  850	  8.000000	  0.000000	  0.000000  
	912	  1	  226	  851	  8.000000	  0.000000	  0.000000  
	913	  1	  392	  852	  8.000000	  0.000000	  0.000000  
	914	  1	  407	  853	  8.000000	  0.000000	  0.000000  
	915	  5	  488	  854	  8.000000	  0.000000	  0.000000  
	916	  1	  420	  855	  8.000000	  0.000000	  0.000000  
	917	  1	  518	  856	  8.000000	  0.000000	  0.000000  
	918	  1	  567	  857	  8.000000	  0.000000	  0.000000  
	919	  1	  637	  858	  8.000000	  0.000000	  0.000000  
	920	  1	  610	  859	  8.000000	  0.000000	  0.000000  
	921	  1	  717	  860	  8.000000	  0.000000	  0.000000  
	922	  1	  719	  861	  8.000000	  0.000000	  0.000000  
	923	  1	  721	  862	  8.000000	  0.000000	  0.000000  
	924	  1	  735	  863	  8.000000	  0.000000	  0.000000  
	925	  1	  658	  864	  8.000000	  0.000000	  0.000000  
	927	  5	  168	  119	  6.431656	  0.031900	  0.365636  
	928	  5	  867	  561	  7.412055	  0.140847	  0.479641  
	929	  0	  767	  868	  8.000000	  0.000000	  0.000000  
	930	  0	  768	  869	  8.000000	  0.000000	  0.000000  
	931	  5	  769	  643	  8.000000	  0.000000	  0.000000  
	932	  5	  770	  377	  8.000000	  0.000000	  0.000000  
	933	  0	  771	  870	  8.000000	  0.000000	  0.000000  
	934	  5	  772	  580	  8.000000	  0.000000	  0.000000  
	935	  0	  773	  871	  8.000000	  0.000000	  0.000000  
	936	  0	  774	  872	  8.000000	  0.000000	  0.000000  
	937	  0	  775	  873	  8.000000	  0.000000	  0.000000  
	938	  0	  776	  874	  8.000000	  0.000000	  0.000000  
	939	  0	  777	  875	  8.000000	  0.000000	  0.000000  
	940	  0	  778	  876	  8.000000	  0.000000	  0.000000  
	941	  0	  779	  877	  8.000000	  0.000000	  0.000000  
	942	  5	  780	  421	  8.000000	  0.000000	  0.000000  
	943	  0	  781	  878	  8.000000	  0.000000	  0.000000  
	944	  0	  782	  879	  8.000000	  0.000000	  0.000000  
	945	  0	  783	  880	  8.000000	  0.000000	  0.000000  
	946	  0	  784	  881	  8.000000	  0.000000	  0.000000  
	947	  0	  785	  882	  8.000000	  0.000000	  0.000000  
	948	  0	  786	  883	  8.000000	  0.000000	  0.000000  
	949	  0	  787	  884	  8.000000	  0.000000	  0.000000  
	950	  0	  788	  885	  8.000000	  0.000000	  0.000000  
	951	  0	  789	  886	  8.000000	  0.000000	  0.000000  
	952	  5	  790	  478	  8.000000	  0.000000	  0.000000  
	953	  0	  791	  887	  8.000000	  0.000000	  0.000000  
	954	  5	  792	  457	  8.000000	  0.000000	  0.000000  
	955	  0	  793	  888	  8.000000	  0.000000	  0.000000  
	956	  0	  794	  889	  8.000000	  0.000000	  0.000000  
	957	  0	  795	  890	  8.000000	  0.000000	  0.000000  
	958	  5	  796	  777	  8.000000	  0.000000	  0.000000  
	959	  0	  797	  891	  8.000000	  0.000000	  0.000000  
	960	  0	  798	  892	  8.000000	  0.000000	  0.000000  
	961	  0	  799	  893	  8.000000	  0.000000	  0.000000  
	962	  0	  800	  894	  8.000000	  0.000000	  0.000000  
	963	  0	  801	  895	  8.000000	  0.000000	  0.000000  
	964	  0	  802	  896	  8.000000	  0.000000	  0.000000  
	965	  0	  803	  897	  8.000000	  0.000000	  0.000000  
	966	  0	  804	  898	  8.000000	  0.000000	  0.000000  
	967	  0	  805	  899	  8.000000	  0.000000	  0.000000  
	968	  0	  807	  900	  8.000000	  0.000000	  0.000000  
	969	  0	  808	  901	  8.000000	  0.000000	  0.000000  
	970	  0	  809	  902	  8.000000	  0.000000	  0.000000  
	971	  5	  810	  766	  8.000000	  0.000000	  0.000000  
	972	  0	  811	  903	  8.000000	  0.000000	  0.000000  
	973	  0	  812	  904	  8.000000	  0.000000	  0.000000  
	974	  0	  813	  905	  8.000000	  0.000000	  0.000000  
	975	  0	  814	  906	  8.000000	  0.000000	  0.000000  
	976	  0	  815	  907	  8.000000	  0.000000	  0.000000  
	977	  0	  816	  908	  8.000000	  0.000000	  0.000000  
	978	  0	  817	  909	  8.000000	  0.000000	  0.000000  
	979	  0	  818	  910	  8.000000	  0.000000	  0.000000  
	980	  0	  819	  911	  8.000000	  0.000000	  0.000000  
	981	  0	  820	  912	  8.000000	  0.000000	  0.000000  
	982	  0	  821	  913	  8.000000	  0.000000	  0.000000  
	983	  0	  822	  914	  8.000000	  0.000000	  0.000000  
	984	  0	  823	  915	  8.000000	  0.000000	  0.000000  
	985	  0	  824	  916	  8.000000	  0.000000	  0.000000  
	986	  5	  825	  590	  8.000000	  0.000000	  0.000000  
	987	  0	  826	  917	  8.000000	  0.000000	  0.000000  
	988	  0	  827	  918	  8.000000	  0.000000	  0.000000  
	989	  0	  828	  919	  8.000000	  0.000000	  0.000000  
	990	  0	  829	  920	  8.000000	  0.000000	  0.000000  
	991	  0	  830	  921	  8.000000	  0.000000	  0.000000  
	992	  0	  831	  922	  8.000000	  0.000000	  0.000000  
	993	  0	  832	  923	  8.000000	  0.000000	  0.000000  
	994	  0	  833	  924	  8.000000	  0.000000	  0.000000  
	995	  0	  834	  925	  8.000000	  0.000000	  0.000000  
	996	  0	  835	  926	  8.000000	  0.000000	  0.000000  
	997	  0	  836	  927	  8.000000	  0.000000	  0.000000  
	998	  0	  837	  928	  8.000000	  0.000000	  0.000000  
	999	  0	  838	  929	  8.000000	  0.000000	  0.000000  
	1000	  0	  839	  930	  8.000000	  0.000000	  0.000000  
	1001	  0	  840	  931	  8.000000	  0.000000	  0.000000  
	1002	  0	  841	  932	  8.000000	  0.000000	  0.000000  
	1003	  0	  842	  933	  8.000000	  0.000000	  0.000000  
	1004	  5	  843	  517	  8.000000	  0.000000	  0.000000  
	1005	  0	  844	  934	  8.000000	  0.000000	  0.000000  
	1006	  0	  845	  935	  8.000000	  0.000000	  0.000000  
	1007	  0	  846	  936	  8.000000	  0.000000	  0.000000  
	1008	  0	  847	  937	  8.000000	  0.000000	  0.000000  
	1009	  5	  848	  96	  8.000000	  0.000000	  0.000000  
	1010	  0	  849	  938	  8.000000	  0.000000	  0.000000  
	1011	  0	  850	  939	  8.000000	  0.000000	  0.000000  
	1012	  0	  851	  940	  8.000000	  0.000000	  0.000000  
	1013	  0	  852	  941	  8.000000	  0.000000	  0.000000  
	1014	  0	  853	  942	  8.000000	  0.000000	  0.000000  
	1015	  5	  854	  291	  8.000000	  0.000000	  0.000000  
	1016	  0	  855	  943	  8.000000	  0.000000	  0.000000  
	1017	  0	  856	  944	  8.000000	  0.000000	  0.000000  
	1018	  0	  857	  945	  8.000000	  0.000000	  0.000000  
	1019	  0	  858	  946	  8.000000	  0.000000	  0.000000  
	1020	  0	  859	  947	  8.000000	  0.000000	  0.000000  
	1021	  0	  860	  948	  8.000000	  0.000000	  0.000000  
	1022	  0	  861	  949	  8.000000	  0.000000	  0.000000  
	1023	  0	  862	  950	  8.000000	  0.000000	  0.000000  
	1024	  0	  863	  951	  8.000000	  0.000000	  0.000000  
	1025	  0	  864	  952	  8.000000	  0.000000	  0.000000  
	1026	  0	  865	  953	  8.000000	  0.000000	  0.000000  
	1027	  0	  168	  954	  8.000000	  0.000000	  0.000000  
	1028	  0	  188	  955	  8.000000	  0.000000	  0.000000  
	1029	  5	  191	  723	  8.000000	  0.000000	  0.000000  
	1030	  0	  247	  956	  8.000000	  0.000000	  0.000000  
	1031	  0	  240	  957	  8.000000	  0.000000	  0.000000  
	1032	  0	  305	  958	  8.000000	  0.000000	  0.000000  
	1033	  0	  254	  959	  8.000000	  0.000000	  0.000000  
	1034	  0	  449	  960	  8.000000	  0.000000	  0.000000  
	1035	  0	  458	  961	  8.000000	  0.000000	  0.000000  
	1036	  0	  867	  962	  8.000000	  0.000000	  0.000000  
	1037	  0	  526	  963	  8.000000	  0.000000	  0.000000  
	1038	  0	  548	  964	  8.000000	  0.000000	  0.000000  
	1039	  0	  580	  965	  8.000000	  0.000000	  0.000000  
	1040	  0	  714	  966	  8.000000	  0.000000	  0.000000  
	1041	  0	  732	  967	  8.000000	  0.000000	  0.000000  
	1042	  0	  656	  968	  8.000000	  0.000000	  0.000000  
	1043	  0	  750	  969	  8.000000	  0.000000	  0.000000  
	1044	  0	  769	  970	  8.000000	  0.000000	  0.000000  
	1045	  0	  681	  971	  8.000000	  0.000000	  0.000000  
	1046	  0	  714	  972	  8.000000	  0.000000	  0.000000  
	1047	  0	  811	  973	  8.000000	  0.000000	  0.000000  
	1048	  0	  822	  974	  8.000000	  0.000000	  0.000000  
	1049	  0	  835	  975	  8.000000	  0.000000	  0.000000  
	1050	  0	  843	  976	  8.000000	  0.000000	  0.000000  
 893       total number of nodes
  name    x       y       z
	1	  25.000000	  77.900002	  500.000000  
	2	  55.000000	  95.199997	  500.000000  
	3	  85.000000	  112.500000	  500.000000  
	4	  85.000000	  112.500000	  450.000000  
	5	  84.617088	  109.368813	  401.528015  
	6	  85.000000	  112.500000	  350.000000  
	7	  85.733871	  112.692169	  299.505585  
	8	  85.000000	  112.500000	  250.000000  
	9	  85.000000	  112.500000	  200.000000  
	10	  85.000000	  112.500000	  167.000000  
	12	  85.042885	  112.162666	  101.407501  
	14	  275.000000	  222.100006	  500.000000  
	15	  245.000000	  204.800003	  500.000000  
	16	  215.061920	  187.521988	  499.436646  
	17	  215.000000	  187.500000	  450.000000  
	18	  215.000000	  187.500000	  400.000000  
	20	  215.664154	  188.751114	  300.145203  
	22	  215.000000	  187.500000	  200.000000  
	24	  215.000000	  187.500000	  133.000000  
	25	  216.154648	  187.985138	  101.546097  
	26	  82.746834	  109.284828	  390.085541  
	28	  217.921722	  189.048157	  148.727615  
	29	  84.064079	  110.591309	  82.304054  
	30	  214.660339	  189.169479	  89.315804  
	32	  219.879990	  200.668518	  302.461243  
	33	  218.779266	  177.339722	  237.356445  
	34	  202.280807	  191.983749	  169.850830  
	35	  232.781204	  200.277847	  150.113907  
	37	  86.288147	  112.939247	  177.620407  
	38	  199.314392	  178.406708	  499.982208  
	39	  216.256042	  186.848923	  469.016968  
	40	  212.931534	  190.083862	  116.134247  
	41	  211.769211	  183.420486	  260.095947  
	42	  86.206406	  118.982513	  66.243202  
	43	  214.457474	  191.485809	  72.452110  
	44	  63.064339	  88.313438	  394.229004  
	45	  217.514664	  210.300034	  311.637787  
	48	  245.231659	  200.704224	  145.678864  
	49	  98.433289	  113.127991	  290.182922  
	50	  90.526939	  127.025345	  224.271042  
	52	  214.919846	  175.403534	  495.222626  
	53	  226.684464	  180.328079	  476.531189  
	55	  203.333237	  176.665176	  258.543488  
	56	  104.836754	  119.954750	  498.975311  
	58	  216.476944	  183.571548	  385.103821  
	59	  216.399521	  190.499207	  188.860062  
	60	  92.302330	  117.621925	  56.795322  
	63	  215.381363	  219.646301	  325.250977  
	64	  241.693710	  160.269363	  220.701004  
	65	  164.745026	  190.366394	  172.488785  
	66	  259.852631	  208.251541	  146.178299  
	67	  105.753143	  115.762802	  275.462189  
	68	  97.701065	  146.429352	  223.935760  
	70	  228.066071	  173.970215	  486.315247  
	72	  191.851822	  210.229996	  118.217239  
	73	  193.087814	  172.105301	  252.116760  
	74	  104.160110	  108.149094	  496.043915  
	75	  220.352020	  171.825211	  384.949677  
	76	  219.219559	  170.593185	  347.021271  
	77	  228.615601	  196.700653	  185.794998  
	79	  87.653709	  120.661934	  270.489899  
	81	  102.691154	  128.866104	  41.852531  
	84	  213.240097	  231.934875	  336.279510  
	85	  256.641907	  153.001953	  219.721649  
	86	  150.078995	  187.300247	  175.889206  
	87	  274.097168	  216.420868	  149.143265  
	88	  112.409653	  119.009377	  260.550018  
	89	  104.154655	  155.734787	  231.077835  
	91	  181.425781	  224.512604	  120.533669  
	92	  177.901550	  158.515060	  248.349106  
	93	  103.858177	  93.186890	  488.745697  
	94	  235.098526	  159.190689	  384.281921  
	96	  244.425919	  199.972763	  183.364563  
	98	  83.846916	  128.769409	  266.021057  
	102	  220.528610	  182.158218	  317.784912  
	103	  105.714478	  140.830582	  30.408331  
	105	  150.728745	  291.007080	  381.503357  
	106	  217.413620	  241.059860	  344.642670  
	107	  273.964752	  153.164093	  214.833405  
	108	  137.015793	  191.347916	  185.771881  
	109	  32.017731	  217.785797	  148.888901  
	110	  119.458153	  124.793114	  248.662872  
	111	  113.151199	  168.183823	  233.540527  
	113	  167.951401	  235.106140	  119.934639  
	114	  163.306351	  153.960770	  240.714798  
	115	  97.703407	  80.263390	  480.241333  
	116	  241.111649	  145.486221	  382.486694  
	117	  235.382156	  148.618530	  336.417816  
	118	  261.140167	  200.618057	  180.806808  
	119	  48.938644	  90.066719	  62.175777  
	121	  200.393814	  173.972183	  243.527863  
	123	  238.716248	  219.881531	  158.267441  
	124	  83.270798	  97.871361	  406.834137  
	125	  86.894104	  123.108353	  235.621704  
	129	  88.972046	  106.650429	  59.369396  
	130	  95.556221	  157.393692	  218.653610  
	131	  206.431381	  166.077682	  384.985138  
	132	  128.037277	  137.318619	  499.995697  
	133	  212.526779	  185.949814	  430.114838  
	135	  105.066666	  155.679291	  21.198341  
	137	  136.568588	  290.419434	  373.210419  
	138	  212.275513	  255.867020	  354.844818  
	139	  27.022095	  147.331985	  209.037903  
	141	  47.974911	  217.097290	  144.066345  
	142	  127.790512	  130.821075	  233.569611  
	145	  153.584473	  239.645737	  116.609085  
	146	  147.792221	  157.829239	  236.754379  
	147	  89.840309	  65.291901	  474.719635  
	148	  250.760849	  132.151215	  384.995300  
	149	  248.651474	  138.628815	  329.223572  
	150	  275.786285	  201.229919	  172.886093  
	152	  69.873589	  159.963715	  267.366791  
	153	  117.346680	  123.027893	  382.986633  
	154	  243.904999	  230.485168	  171.365921  
	155	  89.472511	  81.542351	  410.528198  
	156	  86.639412	  127.189972	  252.982513  
	157	  240.175308	  166.383530	  316.223663  
	158	  231.138199	  186.698120	  116.840775  
	159	  87.385384	  92.413078	  67.854843  
	160	  96.065903	  168.162445	  217.252075  
	161	  192.182358	  158.667572	  389.375793  
	162	  128.323608	  121.123459	  496.141174  
	163	  201.354736	  178.947372	  426.747589  
	165	  195.855011	  182.157135	  172.672012  
	166	  202.033447	  190.987045	  69.689522  
	167	  189.311371	  180.596405	  258.169678  
	168	  64.414604	  92.059555	  77.673401  
	169	  40.451675	  72.836716	  379.105011  
	170	  206.059814	  155.476913	  349.690948  
	171	  269.641541	  225.431946	  154.829224  
	173	  99.741623	  169.371216	  15.147343  
	175	  78.406830	  41.501381	  370.943573  
	176	  39.195496	  146.022415	  197.754471  
	178	  62.447975	  216.950821	  144.449051  
	179	  137.337860	  134.265854	  220.370972  
	180	  124.830330	  199.002380	  243.466034  
	182	  141.974716	  250.530777	  111.714981  
	183	  133.614807	  160.123901	  227.503876  
	184	  81.127647	  58.562576	  467.078705  
	185	  259.214539	  120.595428	  393.493622  
	186	  262.919830	  131.738266	  324.109192  
	187	  30.274462	  207.374924	  167.276779  
	188	  162.260132	  285.662720	  57.188728  
	189	  62.188148	  173.164612	  266.454529  
	190	  129.126526	  135.658813	  380.459564  
	191	  121.524811	  16.683670	  183.252106  
	192	  94.420525	  66.080765	  409.613037  
	193	  254.227585	  157.617935	  317.510956  
	194	  250.626526	  178.918732	  126.335732  
	195	  86.404655	  78.659416	  77.187439  
	196	  98.416862	  189.032669	  211.217697  
	197	  179.409821	  151.821167	  397.574066  
	198	  131.163803	  108.832436	  485.274414  
	199	  188.593536	  168.514359	  429.098480  
	200	  68.549278	  119.267136	  405.541687  
	201	  212.609146	  173.543472	  178.475433  
	202	  184.392395	  189.995377	  76.360474  
	203	  183.282578	  196.776672	  257.225342  
	204	  55.454132	  78.989891	  81.189476  
	205	  170.541656	  286.708557	  368.303894  
	206	  204.327087	  141.573273	  352.562164  
	207	  258.216156	  235.927261	  160.873352  
	208	  230.211899	  178.716537	  342.769501  
	210	  238.418488	  174.857193	  389.004425  
	211	  243.390503	  149.252060	  378.504150  
	212	  223.348068	  143.283890	  340.405121  
	214	  168.105362	  249.308243	  124.122528  
	216	  109.835144	  119.098099	  398.582916  
	220	  96.201736	  185.604340	  14.062160  
	221	  237.083557	  65.070702	  358.088867  
	222	  74.649002	  52.898163	  382.485443  
	223	  46.591362	  141.990204	  184.238266  
	224	  103.235016	  189.460892	  221.385422  
	225	  80.912605	  218.900665	  140.310028  
	226	  150.890915	  132.211807	  208.641220  
	227	  136.328827	  207.875992	  249.064804  
	228	  133.270401	  263.545624	  106.051804  
	229	  74.743706	  45.220894	  455.050537  
	230	  270.300507	  113.511887	  406.645233  
	231	  276.942108	  122.893631	  324.184631  
	232	  46.023804	  206.603683	  159.478607  
	233	  152.787262	  273.120728	  56.260841  
	234	  51.212326	  185.449066	  264.036652  
	235	  143.975876	  147.426819	  376.527618  
	237	  94.765160	  54.830387	  405.742828  
	238	  269.990570	  147.237259	  316.155060  
	239	  259.194855	  176.508453	  134.032486  
	240	  84.817009	  64.126480	  84.392998  
	242	  165.581299	  147.373093	  405.710968  
	243	  138.769974	  97.291428	  475.991425  
	245	  62.660301	  122.601036	  419.575256  
	246	  225.052490	  168.344543	  180.099106  
	247	  174.413589	  180.668304	  82.949890  
	248	  181.209442	  214.380615	  261.040894  
	249	  43.914268	  68.185875	  90.116989  
	250	  166.453903	  274.709290	  357.508972  
	251	  196.461639	  129.602478	  352.600800  
	252	  116.994934	  20.757647	  167.547409  
	253	  245.216599	  175.530075	  337.658875  
	254	  79.116600	  145.828995	  60.704311  
	255	  233.147720	  190.454620	  393.094513  
	256	  253.392883	  139.203033	  369.775360  
	257	  127.469528	  156.800446	  213.002914  
	258	  167.606445	  265.815491	  126.240181  
	260	  121.079063	  123.205994	  411.512665  
	261	  93.875275	  123.960045	  277.736450  
	262	  84.869354	  125.218201	  119.085114  
	263	  230.280762	  205.064560	  300.287964  
	264	  201.031296	  192.481079	  207.568787  
	266	  226.365189	  235.916870	  342.555664  
	267	  65.440948	  148.617050	  269.959473  
	268	  69.731270	  97.742889	  407.762726  
	270	  41.597992	  100.622704	  60.580643  
	271	  229.032745	  191.372177	  70.010979  
	272	  220.173767	  178.227020	  336.279663  
	274	  123.237976	  191.635147	  228.603897  
	275	  121.580666	  110.467865	  377.330811  
	276	  194.362228	  152.228088	  348.326752  
	277	  99.302101	  201.958084	  13.655693  
	278	  225.037170	  67.541672	  347.825684  
	279	  69.512138	  65.200218	  393.205597  
	280	  50.778011	  130.664001	  172.203522  
	281	  88.463989	  192.248337	  228.545685  
	282	  100.571854	  221.416870	  138.680511  
	283	  162.011551	  128.540695	  198.758575  
	284	  151.705597	  213.326813	  249.152771  
	285	  126.146500	  275.636597	  104.015762  
	286	  202.388733	  255.425034	  447.800018  
	287	  275.300934	  107.170540	  420.028076  
	288	  25.983887	  110.378555	  330.502838  
	289	  55.477936	  210.378113	  147.830795  
	290	  149.789963	  259.113129	  49.795238  
	291	  36.443642	  192.479721	  263.466248  
	292	  154.957932	  155.526947	  374.499908  
	293	  146.906128	  33.309643	  196.264084  
	294	  96.812096	  34.537823	  399.850983  
	295	  22.354919	  142.232697	  308.848511  
	296	  272.249817	  171.389435	  141.481125  
	297	  81.361465	  50.675560	  94.378525  
	298	  109.325996	  220.247131	  209.703354  
	299	  153.671524	  138.092224	  412.728485  
	300	  140.316162	  86.246216	  463.840729  
	301	  165.010849	  146.691971	  436.700806  
	302	  55.346481	  131.674103	  433.026672  
	303	  237.732056	  162.432648	  190.400497  
	304	  161.785675	  174.018967	  92.075470  
	305	  186.485565	  229.184036	  264.460297  
	306	  166.992767	  284.931213	  99.176270  
	307	  163.118790	  259.482147	  351.658051  
	308	  190.200729	  112.585579	  347.474670  
	309	  104.810867	  26.239403	  178.801849  
	310	  260.178192	  168.280243	  338.560669  
	311	  74.078323	  160.020035	  54.065628  
	312	  229.270294	  201.478409	  401.197418  
	313	  264.175659	  129.598190	  361.486755  
	314	  126.194572	  147.255814	  200.274414  
	315	  164.427521	  281.723389	  127.028496  
	316	  134.984634	  131.944534	  420.762299  
	317	  103.449600	  136.148804	  284.662445  
	318	  81.589439	  145.095749	  118.838127  
	319	  246.180420	  213.732513	  301.556061  
	320	  187.799835	  198.580170	  215.317017  
	321	  238.606934	  227.571335	  334.958679  
	322	  47.732147	  140.005280	  268.971527  
	323	  52.996357	  101.831848	  415.003662  
	324	  35.322792	  116.131561	  58.353027  
	325	  246.566513	  186.543335	  68.404999  
	326	  221.871033	  51.534027	  357.115112  
	327	  127.949257	  198.043396	  215.605362  
	328	  127.968857	  95.699615	  373.051544  
	329	  177.537872	  151.618073	  345.436890  
	330	  227.317810	  168.231567	  306.885468  
	331	  226.148911	  200.201447	  288.052124  
	332	  69.363998	  159.027252	  277.278473  
	333	  214.289902	  187.961182	  335.251801  
	336	  85.481148	  112.667419	  112.675690  
	337	  100.701874	  218.450546	  11.849691  
	338	  216.998260	  77.500999	  337.729340  
	339	  70.159767	  80.732750	  399.511322  
	340	  58.343330	  122.491760	  158.883759  
	341	  77.795647	  202.016052	  236.791946  
	342	  113.601906	  223.574646	  137.550781  
	343	  172.375534	  121.154785	  188.036255  
	344	  165.961548	  214.817154	  241.361267  
	345	  241.018066	  62.877449	  103.819199  
	346	  201.179688	  241.044647	  441.859680  
	348	  34.485023	  95.727516	  334.148529  
	349	  144.605835	  244.832825	  42.981979  
	350	  21.631180	  200.361099	  263.904510  
	351	  163.816406	  161.337692	  369.729187  
	352	  159.170853	  35.522202	  206.697968  
	353	  232.609787	  244.989075	  393.514923  
	354	  37.286652	  136.084198	  304.791199  
	355	  26.172791	  171.845505	  152.657166  
	356	  209.058609	  265.882904	  100.759567  
	357	  115.392754	  235.060226	  214.284760  
	358	  135.265030	  72.229858	  456.765839  
	359	  156.596375	  132.364685	  435.629211  
	360	  46.644623	  141.818726	  442.955750  
	361	  250.131287	  154.825150	  196.550354  
	362	  155.313477	  165.567673	  104.878159  
	363	  187.962006	  243.878250	  269.289734  
	364	  161.802582	  280.047943	  116.057861  
	365	  160.790619	  243.225220	  348.916840  
	366	  178.447647	  99.474113	  344.932495  
	367	  220.303955	  256.890808	  184.934998  
	368	  274.801239	  160.877243	  335.630676  
	369	  68.431732	  174.799377	  48.878197  
	370	  224.649857	  215.280304	  409.283325  
	371	  275.864166	  118.749100	  356.701477  
	372	  129.068771	  134.879654	  188.673859  
	373	  34.118011	  72.976234	  132.134491  
	374	  142.588165	  139.303833	  431.100983  
	375	  116.605682	  141.247086	  290.147675  
	376	  75.261093	  160.413361	  117.242699  
	377	  258.288940	  225.009628	  299.216125  
	378	  180.326706	  211.538132	  223.316269  
	379	  252.245270	  224.803635	  325.817657  
	380	  32.595810	  133.069702	  269.079193  
	381	  39.085297	  99.480843	  420.377838  
	382	  26.722046	  131.129272	  57.834270  
	383	  261.052124	  178.987793	  65.195190  
	384	  207.983917	  49.268887	  348.278900  
	385	  137.040161	  204.032059	  203.007187  
	386	  137.181519	  83.719223	  366.064453  
	387	  162.242004	  147.106552	  340.650940  
	388	  231.275345	  159.767426	  292.981506  
	389	  214.374161	  186.773895	  276.940918  
	390	  72.234879	  170.757843	  288.740295  
	391	  203.467590	  197.730270	  327.362793  
	392	  204.420059	  199.354233	  132.425003  
	394	  180.257462	  151.018616	  255.971344  
	395	  139.096710	  202.800201	  188.184189  
	396	  99.000725	  127.414238	  395.328278  
	397	  94.943062	  104.057846	  114.464172  
	398	  244.252579	  218.836487	  149.790466  
	399	  90.932007	  65.805305	  409.513794  
	400	  80.395653	  94.817162	  412.810516  
	401	  181.459259	  199.853271	  84.115417  
	403	  74.489998	  113.869240	  62.476303  
	404	  24.664063	  112.516655	  409.869659  
	405	  201.466690	  109.609261	  342.316559  
	406	  96.440170	  234.072983	  7.976738  
	407	  210.390060	  88.033302	  324.607391  
	408	  60.920059	  108.035881	  151.140381  
	409	  67.458786	  209.942291	  247.162415  
	410	  128.928619	  225.515610	  138.291199  
	411	  175.824844	  117.562096	  172.622726  
	412	  180.116882	  217.561508	  233.035553  
	413	  230.972305	  76.114624	  104.859573  
	414	  195.287079	  223.982971	  439.877441  
	416	  40.584877	  80.833664	  331.253937  
	417	  137.096298	  230.260513	  40.070484  
	418	  267.141907	  208.685242	  265.783234  
	419	  176.974777	  170.326691	  357.002472  
	420	  170.845718	  35.225662	  216.890381  
	421	  235.418915	  230.762543	  387.403778  
	422	  51.705097	  136.775070	  299.972168  
	423	  35.355118	  165.251190	  164.881012  
	424	  194.925446	  252.954590	  109.808517  
	425	  117.684937	  250.108841	  221.030701  
	426	  130.833359	  62.608829	  443.969604  
	427	  150.023834	  117.116341	  434.399506  
	428	  34.601395	  152.225983	  447.841675  
	429	  259.133972	  144.564484	  206.084106  
	430	  152.268234	  154.644699	  118.516624  
	431	  187.215515	  260.500244	  269.901733  
	432	  161.581955	  228.174271	  347.899750  
	433	  167.585678	  87.741173	  340.287262  
	434	  205.022247	  259.007996	  191.196716  
	435	  28.544525	  153.245819	  329.684540  
	436	  58.733261	  188.297012	  47.890251  
	437	  227.168304	  228.321091	  419.324127  
	438	  24.360992	  105.765465	  350.401947  
	439	  130.966095	  127.505058	  172.717270  
	440	  33.930183	  89.619797	  132.557693  
	441	  151.970963	  150.685043	  438.824554  
	442	  129.778915	  148.106506	  301.222351  
	443	  70.348824	  176.097382	  114.577446  
	444	  142.875824	  7.512695	  300.030243  
	445	  174.371475	  224.464615	  231.957092  
	446	  268.394592	  222.430618	  322.532715  
	447	  275.129089	  128.146973	  264.629333  
	448	  24.619740	  105.357048	  423.794159  
	449	  279.634491	  146.059464	  55.855392  
	451	  195.939514	  54.703411	  341.500397  
	452	  151.694901	  207.962311	  196.150482  
	453	  147.973206	  71.580673	  362.401428  
	454	  149.955124	  138.317795	  333.650024  
	455	  240.106079	  148.852676	  284.031158  
	456	  75.469788	  184.738022	  297.184967  
	457	  190.434418	  202.046204	  317.057556  
	458	  197.198715	  212.224976	  143.531693  
	460	  169.717773	  139.236267	  261.197601  
	461	  140.194672	  219.397705	  187.449387  
	462	  89.543343	  141.017197	  396.983612  
	463	  106.223900	  88.306808	  116.399803  
	464	  247.430893	  214.160736	  134.129745  
	465	  71.672844	  108.908363	  411.221283  
	466	  173.089706	  207.649902	  99.086655  
	468	  72.254265	  100.249306	  59.904270  
	469	  40.679070	  111.744690	  413.863861  
	470	  216.906006	  110.994247	  337.404846  
	471	  205.474777	  204.776077	  173.314041  
	472	  210.713531	  256.462982	  341.976013  
	473	  113.333702	  195.646423	  207.191360  
	474	  27.898773	  219.884995	  172.523270  
	475	  277.185272	  140.364044	  325.661133  
	476	  261.339569	  174.799438	  126.662201  
	477	  63.545311	  59.410156	  401.897430  
	478	  272.319214	  160.220551	  137.444183  
	479	  176.189835	  173.455627	  427.717804  
	480	  228.757111	  197.731857	  385.734406  
	481	  209.262527	  248.123398	  432.487396  
	482	  35.717758	  93.805428	  349.101563  
	483	  89.810905	  44.489044	  95.744209  
	484	  118.826012	  136.105545	  281.077515  
	485	  95.545761	  250.396515	  11.133460  
	486	  205.371155	  97.502121	  314.295898  
	487	  65.116829	  92.490158	  146.904800  
	488	  54.987995	  212.767044	  258.754578  
	489	  144.911911	  235.146240	  135.009842  
	490	  184.079620	  112.125778	  158.261078  
	491	  189.552490	  218.361450	  219.340591  
	492	  217.331375	  85.134109	  101.729660  
	493	  189.955414	  208.244110	  440.918640  
	495	  49.567062	  66.821808	  331.712921  
	496	  133.366638	  214.033752	  40.003498  
	497	  252.413239	  215.342545	  269.779388  
	498	  185.636597	  175.778336	  343.869507  
	499	  182.991882	  29.623856	  228.861328  
	500	  239.594406	  214.463013	  387.297882  
	501	  66.125847	  137.592331	  289.156006  
	503	  183.457336	  240.268127	  115.437263  
	504	  119.289108	  261.395935	  235.661728  
	505	  128.493073	  50.871323	  432.185516  
	506	  141.556137	  102.791046	  434.953217  
	507	  20.606491	  160.142548	  452.165222  
	508	  267.506226	  132.609268	  214.096634  
	509	  147.564789	  149.920441	  132.948242  
	510	  186.375778	  276.904114	  267.175781  
	511	  166.035507	  211.018250	  352.585419  
	512	  157.573318	  74.471664	  339.341003  
	513	  192.180664	  261.605957	  201.471283  
	514	  38.044609	  147.140381	  317.449554  
	515	  49.144470	  201.832428	  46.451572  
	516	  229.945282	  237.426025	  432.984680  
	517	  129.529831	  121.766762	  158.796417  
	518	  31.574903	  105.316795	  135.238770  
	519	  157.934219	  165.747864	  442.668182  
	520	  142.632217	  154.823181	  309.401672  
	521	  59.454990	  189.439377	  111.108696  
	522	  155.285019	  17.022064	  294.302582  
	523	  171.217194	  236.927017	  242.538284  
	524	  24.436218	  222.697723	  317.438354  
	525	  263.250549	  120.687790	  259.178223  
	526	  279.497101	  163.449921	  52.829357  
	527	  24.674072	  169.050568	  44.835068  
	528	  178.348953	  56.796021	  335.894806  
	529	  165.538284	  216.584763	  192.989395  
	530	  158.361053	  58.631248	  355.755219  
	531	  141.421906	  129.242767	  322.602386  
	532	  252.386490	  139.476639	  277.825989  
	533	  81.141296	  198.607529	  304.444000  
	534	  178.211151	  206.152420	  307.409821  
	535	  191.896622	  224.242416	  152.345947  
	537	  161.164902	  126.928665	  268.449768  
	538	  144.083710	  234.140045	  184.256882  
	539	  78.555901	  153.252533	  394.376862  
	540	  114.714569	  74.822952	  121.228539  
	541	  248.482666	  211.161652	  117.881561  
	542	  164.579376	  209.229233	  111.145569  
	544	  75.451340	  84.686417	  54.924549  
	545	  232.618973	  109.336494	  341.247986  
	546	  213.722839	  216.887283	  180.262039  
	547	  208.718796	  254.701752	  325.523529  
	548	  152.763779	  9.989731	  177.109604  
	549	  28.788483	  134.061005	  336.019104  
	550	  280.118317	  174.115738	  126.286674  
	551	  186.214554	  272.737640	  411.312103  
	552	  269.233459	  144.496399	  136.610580  
	553	  178.022827	  188.203888	  420.353790  
	554	  218.684647	  206.444107	  375.741150  
	555	  217.431335	  254.550705	  419.480377  
	556	  41.124817	  86.162018	  363.036530  
	557	  105.146935	  47.470139	  89.987320  
	558	  118.706245	  126.800583	  267.270782  
	559	  278.420898	  163.889160	  211.407303  
	560	  195.723907	  175.239838	  270.299622  
	561	  48.238701	  156.158188	  183.826202  
	562	  197.661102	  142.637466	  352.507782  
	563	  89.570198	  113.767754	  119.926155  
	564	  118.110718	  28.738453	  156.022644  
	566	  113.876808	  150.325897	  199.647217  
	567	  158.420944	  266.989258	  120.042206  
	568	  172.124420	  222.290085	  105.764534  
	569	  87.411545	  116.551651	  286.951111  
	570	  213.533264	  185.518677	  229.472946  
	573	  93.337929	  266.896698	  10.830028  
	574	  200.785797	  112.834618	  309.708954  
	575	  74.145714	  79.335403	  142.145172  
	576	  45.166733	  218.719101	  270.251495  
	577	  156.612259	  242.847824	  139.972595  
	578	  193.180008	  106.645500	  145.440308  
	579	  195.111755	  219.065704	  203.783890  
	580	  204.369232	  93.019455	  94.872078  
	581	  180.716400	  194.532715	  438.953674  
	583	  61.760193	  55.528076	  331.325348  
	584	  127.335945	  198.669678	  42.194069  
	585	  237.962326	  219.592636	  276.873779  
	586	  190.221848	  179.490601	  328.299744  
	587	  189.852051	  24.994820	  243.308899  
	588	  241.865112	  197.986862	  386.521576  
	589	  82.487015	  137.412384	  286.073425  
	590	  56.815876	  165.449295	  191.036438  
	591	  124.181831	  271.510559	  245.671906  
	592	  122.473412	  40.381310	  420.742371  
	593	  133.470154	  88.248413	  434.360504  
	594	  267.236023	  169.847870	  455.225800  
	595	  276.045319	  121.169922	  222.666809  
	596	  145.753555	  138.358612	  144.791641  
	597	  52.769180	  68.107094	  266.188263  
	598	  164.356720	  198.543610	  363.416077  
	599	  148.187683	  62.120369	  333.293060  
	600	  182.258972	  267.056976	  213.378296  
	601	  40.008064	  215.585831	  44.308598  
	602	  230.655045	  244.352798	  448.108795  
	603	  129.106445	  115.363251	  143.055145  
	604	  27.459503	  121.799324	  137.203644  
	605	  161.651016	  180.912415	  448.451263  
	606	  152.329147	  167.528580	  314.066956  
	607	  48.823395	  199.377701	  105.895630  
	608	  167.193207	  25.398376	  286.224518  
	609	  165.468399	  250.778061	  249.771713  
	610	  39.757832	  224.532196	  310.437042  
	611	  248.138947	  114.230843	  256.500580  
	612	  35.431122	  160.526840	  35.408806  
	613	  163.650894	  56.008179	  328.112213  
	614	  179.465149	  223.770523	  198.501663  
	615	  171.281723	  52.872208	  349.825073  
	616	  133.468262	  121.567757	  310.151581  
	617	  263.514618	  130.993149	  268.802795  
	618	  87.776718	  211.317230	  312.909058  
	619	  164.035309	  211.850739	  300.791901  
	620	  184.527313	  235.226257	  162.458862  
	622	  148.932022	  117.390274	  274.499420  
	623	  147.845230	  251.367737	  182.761871  
	624	  63.813896	  159.202515	  389.427765  
	625	  121.319870	  60.485046	  126.521629  
	626	  244.602310	  201.535538	  105.105431  
	627	  153.362366	  214.075165	  122.455650  
	629	  79.880280	  69.158768	  50.862625  
	630	  247.653564	  102.525810	  343.438477  
	631	  222.757462	  230.138885	  185.996643  
	632	  209.595490	  247.826935	  310.248566  
	633	  142.475800	  21.286102	  184.208405  
	634	  38.406883	  125.152840	  346.283295  
	635	  34.071564	  170.624710	  125.466431  
	636	  183.805573	  257.195496	  416.776672  
	637	  263.903625	  130.177826	  129.318939  
	638	  178.442322	  197.741547	  406.839142  
	639	  205.890045	  215.394730	  369.961243  
	640	  121.366852	  45.794716	  86.621338  
	641	  23.781799	  179.213333	  207.447693  
	642	  196.799484	  164.535248	  283.006989  
	643	  112.765991	  40.898483	  145.431839  
	644	  99.826118	  155.665771	  194.162766  
	645	  156.340668	  252.598480	  127.188278  
	646	  208.254364	  199.898880	  233.478394  
	648	  157.788010	  201.029663	  179.436203  
	649	  102.973000	  143.947159	  211.906479  
	650	  47.054657	  207.963867	  136.562393  
	651	  144.413727	  162.820816	  248.552750  
	652	  116.884644	  161.720276	  21.308712  
	653	  218.201279	  165.663742	  186.793762  
	654	  172.147552	  219.559448	  269.949249  
	655	  227.917969	  209.941391	  277.529572  
	656	  45.415260	  121.791672	  180.179062  
	657	  112.996147	  224.471817	  141.170013  
	658	  139.041168	  273.693481	  103.209198  
	659	  157.241852	  153.688889	  375.004547  
	660	  234.566971	  165.125031	  202.004852  
	661	  251.698990	  230.513596	  289.504578  
	662	  206.958054	  58.141151	  334.986328  
	663	  60.175995	  112.978844	  64.095078  
	664	  110.814148	  262.262726	  245.878860  
	665	  29.446880	  184.050232	  123.138206  
	666	  175.459061	  233.716888	  112.531456  
	667	  212.434387	  185.317398	  211.494522  
	668	  222.166870	  58.378548	  8.728642  
	669	  197.160782	  126.442795	  300.826416  
	670	  86.418922	  68.162117	  140.822876  
	671	  32.272018	  219.199921	  280.773743  
	672	  169.437073	  253.459167	  139.590363  
	673	  200.261902	  101.591103	  131.244461  
	674	  204.589264	  212.739700	  192.113785  
	675	  191.210403	  96.512352	  85.287338  
	676	  175.126144	  178.984100	  436.901337  
	678	  198.271225	  266.931580	  324.451447  
	679	  117.801704	  185.026459	  41.765705  
	680	  222.353607	  220.783661	  282.545776  
	681	  192.086334	  185.929489	  312.494598  
	682	  63.514771	  245.612549	  258.970886  
	683	  67.480835	  176.186508	  195.688477  
	684	  135.283478	  280.325745	  254.405090  
	685	  117.445778	  28.871986	  409.811646  
	686	  127.198517	  73.708954	  437.809174  
	687	  255.599899	  181.730209	  456.021667  
	688	  24.989685	  111.563194	  233.075272  
	689	  140.529556	  132.127182	  159.320984  
	690	  43.587326	  81.689575	  263.284393  
	691	  158.405518	  188.403137	  375.204895  
	692	  137.862595	  55.365639	  322.113220  
	693	  180.818970	  270.242035	  229.431717  
	694	  30.246735	  228.931122	  42.348488  
	695	  226.303177	  248.944199	  463.510193  
	696	  128.754227	  108.718620	  127.792534  
	697	  27.857803	  138.419754	  136.295151  
	698	  167.881363	  194.195557	  456.322968  
	699	  161.117050	  181.595047	  315.526337  
	700	  33.734497	  203.432449	  100.141785  
	701	  179.444183	  34.010300	  278.946411  
	702	  162.610413	  266.657593	  253.882080  
	703	  50.921661	  230.040665	  299.524414  
	704	  232.798645	  109.437317	  252.192627  
	705	  41.594757	  150.321716	  23.786083  
	706	  151.393112	  56.672714	  316.863770  
	707	  190.455093	  235.830948	  201.816696  
	708	  182.218597	  40.633896	  347.026733  
	709	  119.455696	  115.254921	  303.749603  
	710	  96.317047	  223.815094	  319.843658  
	711	  149.644974	  215.088699	  293.289581  
	712	  180.344543	  248.921249	  170.954407  
	714	  136.323502	  109.013435	  281.433105  
	715	  151.070877	  266.879395	  178.848053  
	716	  51.477692	  164.701370	  379.691071  
	717	  126.561646	  47.041328	  132.501160  
	718	  238.565201	  200.558884	  89.722214  
	719	  141.679688	  216.134064	  134.853180  
	721	  83.892525	  51.945225	  48.312969  
	722	  263.234467	  96.657028	  343.314911  
	723	  230.162231	  243.927094	  191.993439  
	724	  213.154602	  236.177383	  298.897644  
	725	  49.118126	  114.397537	  353.125458  
	726	  50.015404	  169.105682	  121.652748  
	727	  175.873672	  243.054749	  420.564392  
	728	  254.069458	  117.310104	  125.683540  
	729	  175.370972	  206.655807	  393.115967  
	730	  196.600067	  224.624268	  359.691742  
	731	  137.877930	  47.859001	  87.208946  
	732	  32.001934	  191.685043	  202.728851  
	733	  202.023529	  155.970901	  296.295471  
	734	  110.085800	  50.821732	  132.870102  
	735	  84.577644	  159.793350	  195.122177  
	736	  201.792480	  214.253021	  238.902878  
	737	  74.457382	  135.726044	  238.524719  
	738	  151.295547	  214.699097	  186.380035  
	739	  39.197701	  195.774689	  126.039719  
	740	  134.933777	  165.331848	  262.008148  
	741	  125.996834	  174.614960	  26.080462  
	742	  224.081314	  155.299576	  198.422684  
	743	  158.254532	  220.500977	  279.025085  
	744	  230.640106	  218.326324	  263.404938  
	745	  37.388046	  113.596603	  191.950653  
	746	  155.569656	  267.861389	  100.381668  
	747	  229.024689	  168.324249	  217.032303  
	748	  246.247421	  238.599182	  276.009155  
	749	  218.067001	  58.708527	  322.597137  
	750	  103.766319	  263.919373	  261.724701  
	751	  41.247574	  191.515457	  118.082870  
	752	  90.870224	  118.702141	  166.011124  
	753	  200.817215	  177.414963	  212.383270  
	754	  164.376053	  140.979111	  231.969086  
	755	  249.948929	  222.040665	  164.014648  
	756	  96.589790	  156.499146	  214.308929  
	757	  96.677704	  168.388626	  228.659485  
	758	  119.258438	  199.684601	  217.426743  
	759	  33.969025	  71.659225	  96.477020  
	760	  182.966553	  183.492737	  218.460907  
	761	  215.203522	  187.867447	  66.987236  
	762	  163.368210	  124.958954	  169.930466  
	763	  156.760193	  140.237671	  120.313286  
	764	  150.890060	  235.858063	  341.454681  
	765	  160.535995	  45.866722	  361.666565  
	766	  124.264977	  21.138325	  145.054276  
	767	  223.623138	  74.800407	  11.057651  
	768	  196.993622	  138.480164	  289.324402  
	769	  99.163902	  58.200329	  142.122086  
	770	  278.913574	  217.749374	  290.862000  
	771	  182.626419	  260.338196	  132.110901  
	772	  203.319275	  97.391975	  115.425415  
	773	  178.910797	  100.584160	  74.966690  
	774	  106.565834	  174.303558	  35.765957  
	775	  207.316956	  217.863922	  289.072418  
	776	  196.157150	  195.015274	  299.749329  
	777	  64.718643	  243.391068	  275.918213  
	778	  83.187622	  181.622498	  195.154816  
	779	  146.862411	  291.409149	  258.911652  
	780	  243.876831	  240.215820	  400.941925  
	781	  242.377853	  191.364990	  459.115387  
	782	  36.030884	  105.205292	  243.794022  
	783	  37.189911	  97.007484	  264.571747  
	784	  151.166534	  179.669907	  387.393005  
	785	  129.522659	  46.832443	  310.500610  
	786	  176.631500	  269.869873	  245.542236  
	787	  148.848404	  16.136383	  41.630135  
	788	  220.225342	  250.344421	  478.947876  
	789	  129.283325	  98.304504	  114.812210  
	790	  22.106752	  153.832840	  135.568939  
	791	  171.327637	  210.154419	  459.587982  
	792	  173.877319	  191.948105	  312.840759  
	793	  278.270081	  204.313446	  93.568260  
	794	  192.160034	  44.756943	  279.144989  
	795	  161.186951	  283.238525	  254.400650  
	796	  60.400810	  233.097321	  286.253204  
	797	  221.436768	  97.366058	  250.759583  
	798	  45.115147	  135.784210	  16.588573  
	799	  139.251755	  51.778633	  306.575043  
	800	  203.394852	  246.072647	  204.028687  
	801	  192.837082	  28.467306	  342.975983  
	802	  105.465225	  106.652321	  301.013824  
	803	  96.552040	  238.702866	  327.294922  
	804	  133.697906	  214.430267	  287.821350  
	805	  174.827209	  260.948608	  181.060043  
	807	  122.995255	  101.017822	  287.403900  
	808	  161.698761	  278.742737	  182.403656  
	809	  40.759216	  176.676956	  375.341095  
	810	  127.038246	  30.051485	  136.910278  
	811	  91.908470	  37.723747	  48.279652  
	812	  277.832916	  88.662956	  343.764587  
	813	  105.788956	  33.222847	  198.329529  
	814	  210.935120	  227.035461	  285.160034  
	815	  57.671227	  102.799652	  361.465485  
	816	  64.697540	  164.564575	  127.525078  
	817	  170.124969	  230.480927	  429.841980  
	818	  247.058746	  102.710403	  121.820724  
	819	  177.742813	  216.890915	  380.199341  
	820	  184.104996	  235.378967	  357.420074  
	821	  153.071518	  53.650955	  83.626938  
	822	  36.859795	  207.249588	  195.343048  
	823	  207.610306	  144.760101	  307.263489  
	824	  106.373245	  63.472450	  122.701584  
	825	  67.520309	  162.311325	  191.733322  
	826	  192.648026	  227.058945	  244.344345  
	827	  60.993347	  142.277863	  245.805908  
	828	  122.346146	  164.251160	  272.852783  
	829	  138.683319	  185.370682	  26.848757  
	830	  222.104019	  144.057785	  210.544357  
	831	  230.418579	  224.671997	  248.013199  
	832	  27.514542	  105.350235	  202.521072  
	833	  172.110535	  269.764099	  100.419960  
	834	  240.172653	  247.539642	  263.344727  
	835	  229.731369	  53.898968	  311.009033  
	836	  224.904922	  43.345253	  273.838470  
	837	  91.748413	  125.389740	  150.788528  
	838	  186.418762	  169.069260	  212.889465  
	839	  169.409698	  126.548141	  225.363632  
	840	  95.866081	  171.093643	  245.068222  
	841	  22.359596	  80.527222	  104.464645  
	842	  180.557938	  167.027161	  218.424103  
	843	  147.522003	  125.706848	  165.362289  
	844	  161.846527	  125.702423	  126.644020  
	845	  139.200287	  243.722092	  332.581757  
	846	  163.782959	  31.446365	  369.330322  
	847	  131.635727	  11.817932	  133.732880  
	848	  233.605972	  200.050674	  165.556625  
	849	  119.895264	  144.279541	  33.444592  
	850	  273.025116	  188.468369	  164.422821  
	851	  161.679871	  140.030701	  202.154312  
	852	  206.219879	  184.184998	  128.938004  
	853	  214.769394	  99.295959	  317.300751  
	854	  44.034134	  202.199036	  259.060089  
	855	  165.259155	  46.378632	  207.986328  
	856	  39.587624	  101.671089	  146.593811  
	857	  159.490875	  259.259369	  108.207993  
	858	  273.838776	  126.399567	  117.519592  
	859	  48.057961	  211.388626	  312.825317  
	860	  136.265610	  54.352783	  123.993553  
	861	  144.171021	  217.240891	  150.442169  
	862	  207.824951	  263.285492	  44.751736  
	863	  93.840393	  169.894562	  201.292328  
	864	  134.756836	  285.470856	  111.183609  
	865	  213.731125	  190.286865	  177.413162  
	867	  40.983860	  159.810165	  174.875107  
	868	  223.414856	  91.238457	  8.417643  
	869	  197.653687	  151.086502	  278.467743  
	870	  197.034637	  261.771210	  123.890656  
	871	  169.627365	  94.903267	  62.479851  
	872	  99.034698	  159.679565	  33.188519  
	873	  190.888916	  215.164810	  289.311279  
	874	  201.340729	  207.312576	  289.792969  
	875	  66.960594	  246.723801	  291.681488  
	876	  98.814201	  187.369446	  195.226181  
	877	  157.940567	  303.540649	  256.205475  
	878	  233.272568	  204.363602	  464.150513  
	879	  46.925568	  96.096359	  252.486298  
	880	  28.370110	  110.224007	  269.547424  
	881	  147.778656	  168.846405	  399.583038  
	882	  119.027473	  38.453011	  300.658936  
	883	  172.325623	  266.128326	  261.184570  
	884	  139.407272	  29.845652	  42.008801  
	885	  214.649673	  250.486740	  494.635895  
	886	  128.431122	  85.254074	  104.507713  
	887	  168.841644	  226.608353	  459.030823  
	888	  265.087738	  205.857681	  83.515213  
	889	  200.648148	  58.618752	  275.536011  
	890	  158.012131	  299.105286	  250.477722  
	891	  209.239822	  86.289635	  248.357544  
	892	  56.367981	  123.702629	  14.872326  
	893	  128.314865	  43.315170	  297.302673  
	894	  216.987381	  255.643311	  204.960327  
	895	  199.375931	  13.469393	  346.057068  
	896	  92.552849	  96.146400	  301.358154  
	897	  92.246307	  254.512512	  330.250977  
	898	  119.093063	  213.629974	  279.866455  
	899	  171.887482	  275.543365	  188.514801  
	900	  113.284607	  90.939583	  296.423615  
	901	  175.616257	  287.682892	  184.300888  
	902	  28.364502	  187.545380	  373.002106  
	903	  96.765404	  23.198692	  51.748604  
	904	  293.856506	  84.284164	  344.901917  
	905	  116.225075	  45.042091	  203.678864  
	906	  210.341629	  219.081543	  270.544800  
	907	  67.502563	  91.478813	  368.704681  
	908	  76.950554	  153.323624	  128.104935  
	909	  162.315399	  219.690704	  439.832184  
	910	  234.983795	  91.459900	  119.619766  
	911	  180.405121	  228.054657	  368.136780  
	912	  175.967834	  249.736603	  355.213867  
	913	  169.434830	  51.475731	  81.451401  
	914	  35.490826	  220.541733	  187.176056  
	915	  220.008331	  135.330490	  313.142487  
	916	  102.887505	  76.864677	  113.443054  
	917	  180.955338	  238.905975	  244.733673  
	918	  46.473026	  146.824707	  252.566742  
	919	  108.873116	  163.578964	  282.612305  
	920	  152.313095	  194.658310	  29.127285  
	921	  218.319901	  134.469101	  223.619522  
	922	  229.171860	  233.329575	  233.845825  
	923	  16.521347	  95.873657	  210.679901  
	924	  186.308151	  273.083344	  108.459404  
	925	  235.133682	  254.265717	  248.971451  
	926	  240.428757	  45.835876	  302.430450  
	927	  211.492859	  49.477371	  281.567383  
	928	  97.639236	  126.612518	  135.263535  
	929	  169.829803	  167.707565	  212.471497  
	930	  169.796417	  112.716797	  216.102600  
	931	  88.422363	  173.887405	  259.697235  
	932	  17.102226	  90.290932	  116.884491  
	933	  182.438232	  152.317505	  225.974518  
	934	  163.329742	  109.556694	  130.430588  
	935	  127.673195	  247.668549	  321.233887  
	936	  166.504135	  17.043678	  377.228455  
	937	  135.221817	  -0.028965	  122.596748  
	938	  134.548492	  142.915100	  41.231991  
	939	  269.011047	  174.472519	  156.346558  
	940	  173.613297	  145.539291	  191.933197  
	941	  207.642456	  167.834015	  126.137306  
	942	  221.026123	  113.789154	  312.007050  
	943	  154.466415	  57.299686	  201.546616  
	944	  45.968498	  99.746712	  161.851715  
	945	  158.643326	  254.503250	  92.274269  
	946	  282.210236	  120.894730	  104.221550  
	947	  59.412285	  200.086533	  317.360107  
	948	  145.978455	  64.287704	  114.818565  
	949	  142.547668	  218.905075	  166.929062  
	950	  198.958435	  249.197403	  45.116543  
	951	  105.723419	  179.808640	  207.434586  
	952	  125.865387	  296.860168	  119.456932  
	953	  214.003891	  198.591522	  190.714905  
	954	  47.436146	  97.353607	  81.871590  
	955	  175.605026	  277.243011	  61.324486  
	956	  187.351273	  181.163666	  91.281532  
	957	  93.234558	  63.702679	  70.892273  
	958	  188.072281	  243.434372	  270.419434  
	959	  83.304955	  143.552521	  45.803349  
	960	  12.547899	  141.148895	  42.796230  
	961	  189.468338	  219.766113	  155.043686  
	962	  31.357231	  149.438751	  180.792480  
	963	  289.256897	  175.327881	  51.399815  
	964	  167.958786	  14.728743	  173.680176  
	965	  212.606171	  98.411636	  81.444504  
	966	  123.714027	  107.831963	  292.241791  
	967	  23.226154	  182.918472	  212.115036  
	968	  57.758957	  118.980408	  188.708694  
	969	  90.358437	  265.808533	  269.007111  
	970	  93.394775	  61.279922	  127.706772  
	971	  181.093201	  189.699341	  301.714264  
	972	  148.997223	  116.415024	  273.570801  
	973	  101.593781	  30.090590	  57.527855  
	974	  33.431080	  210.235855	  180.983490  
	975	  226.713654	  43.310238	  300.319183  
	976	  151.886414	  141.123947	  163.350693  
   2  total number of boundary nodes
node bctyp press/flow   HD    PO2
	1	  0	  100.000000	  0.400000	  100.000000
	14	  0	  20.000000	  0.400000	  18.000000

