314250 13 0.650000 Current network file generated by angioadapt
  300.000000  300.000000  500.000000	box dimensions in microns
  15    15    25 	number of tissue points in x,y,z directions
  0.000000			outer bound distance (100. in test case)
  75.000000				max. segment length.  (5. in test case)
   40				nodsegm, max. number of segments per node
  758				total number of segments 
  name type from  to  diam       flow
	1	  4	  1	  2	  7.000000	  23.709860	  0.400000  
	2	  3	  2	  3	  7.278993	  23.709860	  0.400000  
	3	  5	  3	  4	  7.808076	  16.606543	  0.436195  
	4	  5	  4	  5	  7.868985	  16.606543	  0.436195  
	5	  5	  5	  26	  7.571482	  9.174726	  0.461739  
	6	  5	  6	  7	  7.171025	  2.062115	  0.370207  
	7	  5	  7	  569	  7.227166	  1.411867	  0.455982  
	8	  5	  8	  50	  6.766685	  1.044362	  0.374100  
	9	  5	  9	  37	  7.614264	  0.886036	  0.289110  
	12	  5	  3	  56	  5.149590	  7.103317	  0.315382  
	13	  5	  56	  132	  4.627120	  3.533610	  0.421438  
	14	  4	  14	  15	  16.000000	  -23.709860	  0.400000  
	15	  3	  15	  16	  7.956101	  -23.709860	  0.400000  
	16	  5	  16	  39	  7.226773	  -15.722146	  0.459149  
	17	  5	  17	  133	  7.972516	  -20.176250	  0.396245  
	18	  5	  18	  58	  7.918653	  -20.176250	  0.396245  
	21	  5	  33	  570	  6.796754	  -0.641850	  0.392690  
	22	  5	  22	  59	  7.769480	  -0.946074	  0.340425  
	23	  5	  23	  28	  7.037917	  -0.246888	  0.323962  
	24	  5	  24	  40	  7.760727	  -0.380948	  0.271844  
	26	  5	  20	  389	  7.544560	  -2.278744	  0.335013  
	27	  5	  28	  24	  7.755508	  -0.380948	  0.271844  
	28	  5	  12	  29	  7.856934	  0.886036	  0.289110  
	29	  5	  25	  30	  7.823094	  -0.222445	  0.368585  
	31	  5	  20	  32	  6.534361	  -3.409236	  0.296719  
	33	  5	  23	  34	  7.294195	  -0.565125	  0.386655  
	34	  5	  28	  35	  6.959582	  0.134060	  0.175862  
	37	  5	  38	  16	  6.320691	  7.987713	  0.283578  
	38	  5	  39	  17	  8.014447	  -20.176250	  0.396245  
	39	  5	  40	  25	  7.267684	  -0.056120	  0.162940  
	40	  5	  41	  33	  6.911576	  -1.146938	  0.352810  
	41	  5	  29	  42	  7.547810	  0.388645	  0.243388  
	42	  5	  30	  43	  8.016109	  -0.382260	  0.328968  
	43	  5	  26	  44	  7.573267	  5.640222	  0.416043  
	44	  5	  32	  45	  6.954223	  -3.625865	  0.278992  
	45	  5	  33	  46	  7.695904	  -0.505088	  0.302132  
	46	  5	  34	  165	  7.299220	  -0.565125	  0.386655  
	47	  5	  35	  48	  6.974219	  0.134060	  0.175862  
	48	  5	  7	  49	  7.404671	  0.650248	  0.183967  
	50	  5	  37	  10	  7.666315	  0.886036	  0.289110  
	51	  5	  38	  52	  5.926574	  -4.454103	  0.174209  
	52	  5	  39	  53	  5.933070	  4.454103	  0.174209  
	54	  5	  41	  55	  6.829297	  -0.915177	  0.392010  
	57	  5	  58	  76	  7.627335	  -8.404249	  0.341619  
	58	  5	  59	  23	  7.414418	  -0.812014	  0.367594  
	59	  5	  42	  60	  7.562301	  0.388645	  0.243388  
	61	  5	  44	  169	  7.583614	  5.640222	  0.416043  
	62	  5	  45	  63	  6.935205	  -3.625865	  0.278992  
	63	  5	  46	  64	  7.715651	  -0.505088	  0.302132  
	64	  5	  165	  65	  7.301127	  -0.565125	  0.386655  
	65	  5	  48	  66	  6.984518	  0.134060	  0.175862  
	66	  5	  49	  67	  7.451327	  0.650248	  0.183967  
	68	  5	  10	  336	  7.757489	  0.886036	  0.289110  
	70	  5	  52	  70	  5.926425	  -4.454103	  0.174209  
	71	  5	  53	  70	  5.933974	  4.454103	  0.174209  
	72	  5	  40	  72	  7.633265	  -0.503776	  0.258866  
	73	  5	  55	  73	  6.843590	  -0.915177	  0.392010  
	74	  5	  56	  74	  7.736496	  3.569707	  0.210399  
	75	  5	  58	  75	  6.919546	  -11.772000	  0.435245  
	77	  5	  59	  77	  6.816304	  -0.134060	  0.175862  
	78	  5	  29	  168	  7.764431	  0.497391	  0.324835  
	79	  5	  79	  8	  6.640979	  1.044362	  0.374100  
	80	  5	  570	  667	  7.737420	  -0.946074	  0.340425  
	81	  1	  60	  81	  8.000000	  0.000000	  0.000000  
	84	  5	  63	  84	  6.913844	  -3.625865	  0.278992  
	85	  5	  64	  85	  7.734200	  -0.505088	  0.302132  
	86	  5	  65	  86	  7.298649	  -0.565125	  0.386655  
	87	  5	  66	  87	  6.990150	  0.134060	  0.175862  
	88	  5	  67	  88	  7.493531	  0.650248	  0.183967  
	89	  5	  68	  89	  6.422472	  0.610953	  0.472604  
	92	  5	  72	  91	  7.641275	  -0.503776	  0.258866  
	94	  5	  74	  93	  7.745735	  3.569707	  0.210399  
	95	  5	  75	  94	  7.253922	  -9.173527	  0.422648  
	96	  5	  76	  95	  6.220127	  -1.059402	  0.552128  
	97	  5	  77	  96	  6.845423	  -0.134060	  0.175862  
	99	  5	  79	  98	  6.630169	  1.017753	  0.366213  
	100	  5	  570	  99	  5.932712	  0.304224	  0.230158  
	102	  5	  35	  101	  8.000000	  0.000000	  0.000000  
	103	  5	  102	  20	  7.854211	  -5.687980	  0.312061  
	104	  1	  81	  103	  8.000000	  0.000000	  0.000000  
	106	  1	  169	  105	  8.000000	  0.000000	  0.000000  
	107	  5	  84	  106	  6.893404	  -3.625865	  0.278992  
	108	  5	  85	  107	  7.751820	  -0.505088	  0.302132  
	109	  5	  86	  108	  7.292359	  -0.565125	  0.386655  
	110	  5	  87	  109	  6.990254	  0.134060	  0.175862  
	111	  5	  88	  110	  7.530288	  0.650248	  0.183967  
	112	  5	  89	  111	  6.469379	  0.610953	  0.472604  
	114	  5	  91	  113	  7.269742	  -0.115131	  0.311113  
	115	  5	  92	  114	  6.611119	  -0.610953	  0.472604  
	116	  5	  93	  115	  7.755865	  3.569707	  0.210399  
	117	  5	  94	  116	  7.290766	  -6.249574	  0.420293  
	118	  5	  95	  117	  5.584776	  -1.680158	  0.465472  
	119	  5	  96	  118	  6.874313	  -0.134060	  0.175862  
	120	  5	  168	  119	  7.675387	  0.255752	  0.327710  
	121	  5	  98	  267	  8.000000	  0.000000	  0.000000  
	122	  5	  99	  121	  5.271610	  0.136860	  0.206079  
	123	  5	  26	  122	  6.228873	  2.598474	  0.479714  
	124	  5	  101	  123	  8.000000	  0.000000	  0.000000  
	125	  5	  5	  124	  6.927395	  7.431816	  0.404660  
	126	  5	  50	  125	  6.823870	  -1.017753	  0.366213  
	127	  5	  12	  336	  7.828884	  -0.886036	  0.289110  
	128	  5	  102	  127	  7.815356	  1.703004	  0.149368  
	130	  5	  60	  129	  7.571123	  0.388645	  0.243388  
	131	  5	  68	  130	  7.117213	  0.565125	  0.386655  
	132	  5	  75	  131	  6.500356	  -2.598474	  0.479714  
	133	  5	  132	  38	  4.862081	  3.533610	  0.421438  
	134	  5	  133	  18	  7.936177	  -20.176250	  0.396245  
	135	  5	  26	  6	  6.996665	  2.062115	  0.370207  
	136	  1	  103	  135	  8.000000	  0.000000	  0.000000  
	138	  1	  105	  137	  8.000000	  0.000000	  0.000000  
	139	  5	  106	  138	  6.871406	  -3.625865	  0.278992  
	140	  5	  107	  139	  7.767789	  -0.505088	  0.302132  
	141	  5	  108	  140	  7.280210	  -0.565125	  0.386655  
	142	  5	  109	  141	  6.986262	  0.134060	  0.175862  
	143	  1	  110	  142	  8.000000	  0.000000	  0.000000  
	144	  1	  111	  274	  8.000000	  0.000000	  0.000000  
	146	  1	  113	  145	  8.000000	  0.000000	  0.000000  
	147	  5	  114	  146	  6.592627	  -0.610953	  0.472604  
	148	  5	  115	  147	  7.766219	  3.569707	  0.210399  
	149	  5	  116	  148	  7.282713	  -6.249574	  0.420293  
	150	  5	  117	  149	  7.022335	  -2.716269	  0.403514  
	151	  5	  118	  150	  6.900104	  -0.134060	  0.175862  
	153	  1	  267	  152	  8.000000	  0.000000	  0.000000  
	154	  5	  121	  73	  5.300277	  0.136860	  0.206079  
	155	  1	  122	  153	  8.000000	  0.000000	  0.000000  
	156	  5	  123	  154	  8.000000	  0.000000	  0.000000  
	157	  5	  124	  155	  6.909295	  -2.443623	  0.258174  
	158	  5	  125	  156	  6.773960	  -1.017753	  0.366213  
	160	  5	  127	  157	  7.809391	  1.703004	  0.149368  
	161	  5	  40	  158	  7.643711	  0.338763	  0.235438  
	162	  5	  129	  159	  7.580499	  0.388645	  0.243388  
	163	  5	  130	  160	  7.157758	  0.565125	  0.386655  
	164	  5	  131	  161	  6.476112	  -2.598474	  0.479714  
	165	  1	  132	  162	  8.000000	  0.000000	  0.000000  
	166	  1	  133	  163	  8.000000	  0.000000	  0.000000  
	168	  5	  30	  40	  7.589088	  0.159814	  0.273826  
	170	  5	  43	  166	  7.664496	  -0.126508	  0.331512  
	171	  1	  73	  167	  8.000000	  0.000000	  0.000000  
	174	  5	  76	  170	  5.737617	  -1.036111	  0.303042  
	175	  1	  87	  171	  8.000000	  0.000000	  0.000000  
	176	  5	  76	  272	  7.239742	  -4.605732	  0.372962  
	177	  1	  135	  173	  8.000000	  0.000000	  0.000000  
	178	  1	  137	  174	  8.000000	  0.000000	  0.000000  
	179	  5	  138	  175	  6.845869	  -3.625865	  0.278992  
	180	  5	  139	  176	  7.782985	  -0.505088	  0.302132  
	181	  1	  140	  177	  8.000000	  0.000000	  0.000000  
	182	  5	  141	  178	  6.978871	  0.134060	  0.175862  
	183	  1	  142	  179	  8.000000	  0.000000	  0.000000  
	184	  1	  274	  180	  8.000000	  0.000000	  0.000000  
	186	  1	  145	  182	  8.000000	  0.000000	  0.000000  
	187	  5	  146	  183	  6.567864	  -0.610953	  0.472604  
	188	  5	  147	  184	  7.775616	  3.569707	  0.210399  
	189	  5	  148	  185	  7.274219	  -6.249574	  0.420293  
	190	  5	  149	  186	  7.005558	  -2.716269	  0.403514  
	191	  5	  150	  187	  6.922259	  -0.134060	  0.175862  
	192	  1	  119	  188	  8.000000	  0.000000	  0.000000  
	193	  1	  152	  189	  8.000000	  0.000000	  0.000000  
	194	  1	  153	  190	  8.000000	  0.000000	  0.000000  
	195	  5	  154	  191	  8.000000	  0.000000	  0.000000  
	196	  5	  155	  192	  7.602871	  -1.784462	  0.210349  
	197	  5	  156	  98	  6.696919	  -1.017753	  0.366213  
	198	  5	  157	  193	  7.802197	  1.703004	  0.149368  
	199	  5	  158	  194	  7.878772	  0.505088	  0.302132  
	200	  5	  159	  195	  7.588509	  0.388645	  0.243388  
	201	  5	  160	  196	  7.196105	  0.565125	  0.386655  
	202	  5	  161	  197	  6.449605	  -2.598474	  0.479714  
	203	  1	  162	  198	  8.000000	  0.000000	  0.000000  
	204	  1	  163	  199	  8.000000	  0.000000	  0.000000  
	205	  5	  26	  200	  7.064655	  -1.126084	  0.106726  
	206	  1	  165	  201	  8.000000	  0.000000	  0.000000  
	207	  5	  166	  202	  7.663108	  -0.126508	  0.331512  
	208	  1	  167	  203	  8.000000	  0.000000	  0.000000  
	209	  5	  168	  204	  7.537567	  0.241639	  0.321792  
	210	  1	  169	  205	  8.000000	  0.000000	  0.000000  
	211	  5	  170	  206	  5.504311	  -0.442801	  0.311519  
	212	  1	  171	  207	  8.000000	  0.000000	  0.000000  
	213	  5	  76	  208	  7.668241	  -1.703004	  0.149368  
	215	  5	  94	  210	  8.000000	  0.000000	  0.000000  
	216	  5	  94	  211	  6.748440	  -2.923953	  0.427682  
	217	  5	  117	  212	  5.542010	  1.036111	  0.303042  
	219	  5	  111	  213	  6.510488	  0.610953	  0.472604  
	220	  5	  113	  214	  7.701478	  -0.241639	  0.321792  
	222	  5	  122	  216	  6.264446	  2.598474	  0.479714  
	225	  5	  272	  102	  7.583325	  -3.984977	  0.381589  
	226	  1	  173	  220	  8.000000	  0.000000	  0.000000  
	227	  1	  174	  221	  8.000000	  0.000000	  0.000000  
	228	  5	  175	  222	  6.821178	  -3.625865	  0.278992  
	229	  5	  176	  223	  7.796618	  -0.505088	  0.302132  
	230	  1	  177	  224	  8.000000	  0.000000	  0.000000  
	231	  5	  178	  225	  8.000000	  0.000000	  0.000000  
	232	  1	  179	  226	  8.000000	  0.000000	  0.000000  
	233	  1	  180	  227	  8.000000	  0.000000	  0.000000  
	234	  1	  182	  228	  8.000000	  0.000000	  0.000000  
	235	  5	  183	  213	  6.541382	  -0.610953	  0.472604  
	236	  5	  184	  229	  7.785292	  3.569707	  0.210399  
	237	  5	  185	  230	  7.265151	  -6.249574	  0.420293  
	238	  5	  186	  231	  6.987005	  -2.716269	  0.403514  
	239	  5	  187	  232	  6.942489	  -0.134060	  0.175862  
	240	  1	  188	  233	  8.000000	  0.000000	  0.000000  
	241	  1	  189	  234	  8.000000	  0.000000	  0.000000  
	242	  1	  190	  235	  8.000000	  0.000000	  0.000000  
	243	  5	  191	  236	  8.000000	  0.000000	  0.000000  
	244	  5	  192	  237	  7.588844	  -1.784462	  0.210349  
	245	  5	  193	  238	  7.793243	  1.703004	  0.149368  
	246	  5	  194	  239	  7.869376	  0.505088	  0.302132  
	247	  5	  195	  240	  7.593924	  0.388645	  0.243388  
	248	  5	  196	  241	  7.227304	  0.565125	  0.386655  
	249	  5	  197	  242	  6.422049	  -2.598474	  0.479714  
	250	  1	  198	  243	  8.000000	  0.000000	  0.000000  
	251	  1	  199	  244	  8.000000	  0.000000	  0.000000  
	252	  5	  200	  245	  7.074638	  -1.126084	  0.106726  
	253	  1	  201	  246	  8.000000	  0.000000	  0.000000  
	254	  1	  202	  247	  8.000000	  0.000000	  0.000000  
	255	  1	  203	  248	  8.000000	  0.000000	  0.000000  
	256	  5	  204	  249	  7.577538	  0.241639	  0.321792  
	257	  1	  205	  250	  8.000000	  0.000000	  0.000000  
	258	  5	  206	  251	  7.151523	  0.593310	  0.296716  
	259	  1	  207	  252	  8.000000	  0.000000	  0.000000  
	260	  5	  208	  253	  7.681336	  -1.703004	  0.149368  
	261	  1	  42	  254	  8.000000	  0.000000	  0.000000  
	262	  1	  210	  255	  8.000000	  0.000000	  0.000000  
	263	  5	  211	  256	  6.767926	  -2.923953	  0.427682  
	264	  5	  212	  206	  5.611128	  1.036111	  0.303042  
	265	  5	  213	  257	  8.000000	  0.000000	  0.000000  
	266	  5	  214	  258	  7.690287	  -0.241639	  0.321792  
	268	  5	  216	  260	  6.291439	  2.598474	  0.479714  
	269	  5	  79	  261	  7.939740	  -1.373858	  0.319337  
	270	  1	  336	  262	  8.000000	  0.000000	  0.000000  
	271	  5	  32	  263	  4.955251	  0.216629	  0.000000  
	272	  1	  59	  264	  8.000000	  0.000000	  0.000000  
	273	  5	  99	  265	  5.605897	  0.167364	  0.249848  
	274	  1	  106	  266	  8.000000	  0.000000	  0.000000  
	276	  5	  124	  268	  7.280016	  9.875439	  0.368413  
	279	  5	  43	  271	  7.760226	  -0.255752	  0.327710  
	281	  1	  174	  273	  8.000000	  0.000000	  0.000000  
	283	  1	  153	  275	  8.000000	  0.000000	  0.000000  
	284	  5	  170	  276	  7.218952	  -0.593310	  0.296716  
	285	  1	  220	  277	  8.000000	  0.000000	  0.000000  
	286	  1	  221	  278	  8.000000	  0.000000	  0.000000  
	287	  5	  222	  279	  6.798149	  -3.625865	  0.278992  
	288	  1	  223	  280	  8.000000	  0.000000	  0.000000  
	289	  1	  224	  281	  8.000000	  0.000000	  0.000000  
	290	  5	  225	  282	  8.000000	  0.000000	  0.000000  
	291	  1	  226	  283	  8.000000	  0.000000	  0.000000  
	292	  1	  227	  284	  8.000000	  0.000000	  0.000000  
	293	  1	  228	  285	  8.000000	  0.000000	  0.000000  
	294	  5	  229	  286	  7.796180	  3.569707	  0.210399  
	295	  5	  230	  287	  6.905225	  -2.940315	  0.400670  
	296	  5	  231	  288	  6.964772	  -2.716269	  0.403514  
	297	  5	  232	  289	  6.958608	  -0.134060	  0.175862  
	298	  1	  233	  290	  8.000000	  0.000000	  0.000000  
	299	  1	  234	  291	  8.000000	  0.000000	  0.000000  
	300	  1	  235	  292	  8.000000	  0.000000	  0.000000  
	301	  1	  236	  293	  8.000000	  0.000000	  0.000000  
	302	  5	  237	  294	  7.849206	  -3.569707	  0.210399  
	303	  5	  238	  295	  7.784263	  1.703004	  0.149368  
	304	  5	  239	  296	  7.861055	  0.505088	  0.302132  
	305	  5	  240	  297	  7.597011	  0.388645	  0.243388  
	306	  1	  241	  298	  8.000000	  0.000000	  0.000000  
	307	  5	  242	  299	  6.393643	  -2.598474	  0.479714  
	308	  1	  243	  300	  8.000000	  0.000000	  0.000000  
	309	  1	  244	  301	  8.000000	  0.000000	  0.000000  
	310	  1	  245	  302	  8.000000	  0.000000	  0.000000  
	311	  1	  246	  303	  8.000000	  0.000000	  0.000000  
	312	  1	  247	  304	  8.000000	  0.000000	  0.000000  
	313	  1	  248	  305	  8.000000	  0.000000	  0.000000  
	314	  5	  249	  306	  7.610222	  0.241639	  0.321792  
	315	  1	  250	  307	  8.000000	  0.000000	  0.000000  
	316	  1	  251	  308	  8.000000	  0.000000	  0.000000  
	317	  1	  252	  309	  8.000000	  0.000000	  0.000000  
	318	  5	  253	  310	  7.696539	  -1.703004	  0.149368  
	319	  1	  254	  311	  8.000000	  0.000000	  0.000000  
	320	  1	  255	  312	  8.000000	  0.000000	  0.000000  
	321	  5	  256	  313	  6.785182	  -2.923953	  0.427682  
	322	  5	  257	  314	  8.000000	  0.000000	  0.000000  
	323	  5	  258	  315	  7.675265	  -0.241639	  0.321792  
	324	  5	  260	  316	  6.323174	  2.598474	  0.479714  
	325	  5	  261	  317	  7.651392	  -0.650248	  0.183967  
	326	  1	  262	  318	  8.000000	  0.000000	  0.000000  
	327	  1	  263	  319	  8.000000	  0.000000	  0.000000  
	328	  1	  264	  320	  8.000000	  0.000000	  0.000000  
	329	  5	  265	  73	  5.624993	  0.167364	  0.249848  
	330	  1	  266	  321	  8.000000	  0.000000	  0.000000  
	331	  5	  267	  322	  8.000000	  0.000000	  0.000000  
	332	  5	  268	  323	  7.204261	  6.249574	  0.420293  
	333	  5	  270	  324	  7.711479	  0.255752	  0.327710  
	334	  5	  271	  325	  7.760652	  -0.255752	  0.327710  
	335	  5	  272	  95	  6.194736	  -0.620756	  0.317583  
	336	  1	  273	  326	  8.000000	  0.000000	  0.000000  
	337	  1	  274	  327	  8.000000	  0.000000	  0.000000  
	338	  1	  275	  328	  8.000000	  0.000000	  0.000000  
	339	  1	  276	  329	  8.000000	  0.000000	  0.000000  
	340	  5	  127	  330	  8.000000	  0.000000	  0.000000  
	341	  5	  263	  331	  5.168968	  0.216629	  0.000000  
	342	  1	  267	  332	  8.000000	  0.000000	  0.000000  
	343	  1	  272	  333	  8.000000	  0.000000	  0.000000  
	344	  5	  73	  92	  6.624245	  -0.610953	  0.472604  
	347	  1	  277	  337	  8.000000	  0.000000	  0.000000  
	348	  1	  278	  338	  8.000000	  0.000000	  0.000000  
	349	  5	  279	  339	  6.775131	  -3.625865	  0.278992  
	350	  1	  280	  340	  8.000000	  0.000000	  0.000000  
	351	  1	  281	  341	  8.000000	  0.000000	  0.000000  
	352	  5	  282	  342	  8.000000	  0.000000	  0.000000  
	353	  1	  283	  343	  8.000000	  0.000000	  0.000000  
	354	  1	  284	  344	  8.000000	  0.000000	  0.000000  
	355	  1	  285	  345	  8.000000	  0.000000	  0.000000  
	356	  5	  286	  346	  7.806361	  3.569707	  0.210399  
	357	  1	  287	  347	  8.000000	  0.000000	  0.000000  
	358	  5	  288	  348	  6.939555	  -2.716269	  0.403514  
	359	  5	  289	  178	  6.970328	  -0.134060	  0.175862  
	360	  1	  290	  349	  8.000000	  0.000000	  0.000000  
	361	  1	  291	  350	  8.000000	  0.000000	  0.000000  
	362	  1	  292	  351	  8.000000	  0.000000	  0.000000  
	363	  1	  293	  352	  8.000000	  0.000000	  0.000000  
	364	  5	  294	  353	  8.000000	  0.000000	  0.000000  
	365	  5	  295	  354	  7.775277	  1.703004	  0.149368  
	366	  5	  296	  355	  7.850418	  0.505088	  0.302132  
	367	  5	  297	  356	  7.597986	  0.388645	  0.243388  
	368	  1	  298	  357	  8.000000	  0.000000	  0.000000  
	369	  5	  299	  316	  6.359289	  -2.598474	  0.479714  
	370	  1	  300	  358	  8.000000	  0.000000	  0.000000  
	371	  1	  301	  359	  8.000000	  0.000000	  0.000000  
	372	  1	  302	  360	  8.000000	  0.000000	  0.000000  
	373	  1	  303	  361	  8.000000	  0.000000	  0.000000  
	374	  1	  304	  362	  8.000000	  0.000000	  0.000000  
	375	  1	  305	  363	  8.000000	  0.000000	  0.000000  
	376	  5	  306	  364	  7.637763	  0.241639	  0.321792  
	377	  1	  307	  365	  8.000000	  0.000000	  0.000000  
	378	  1	  308	  366	  8.000000	  0.000000	  0.000000  
	379	  1	  309	  367	  8.000000	  0.000000	  0.000000  
	380	  5	  310	  368	  7.710855	  -1.703004	  0.149368  
	381	  1	  311	  369	  8.000000	  0.000000	  0.000000  
	382	  1	  312	  370	  8.000000	  0.000000	  0.000000  
	383	  5	  313	  371	  6.798993	  -2.923953	  0.427682  
	384	  1	  314	  372	  8.000000	  0.000000	  0.000000  
	385	  1	  315	  373	  8.000000	  0.000000	  0.000000  
	386	  1	  316	  374	  8.000000	  0.000000	  0.000000  
	387	  5	  317	  375	  7.634037	  -0.650248	  0.183967  
	388	  1	  318	  376	  8.000000	  0.000000	  0.000000  
	389	  1	  319	  377	  8.000000	  0.000000	  0.000000  
	390	  1	  320	  378	  8.000000	  0.000000	  0.000000  
	391	  1	  321	  379	  8.000000	  0.000000	  0.000000  
	392	  5	  322	  380	  8.000000	  0.000000	  0.000000  
	393	  5	  323	  381	  6.854108	  2.940315	  0.400670  
	394	  5	  324	  382	  7.726272	  0.255752	  0.327710  
	395	  5	  325	  383	  7.759265	  -0.255752	  0.327710  
	396	  1	  326	  384	  8.000000	  0.000000	  0.000000  
	397	  1	  327	  385	  8.000000	  0.000000	  0.000000  
	398	  1	  328	  386	  8.000000	  0.000000	  0.000000  
	399	  1	  329	  387	  8.000000	  0.000000	  0.000000  
	400	  5	  330	  388	  8.000000	  0.000000	  0.000000  
	401	  5	  389	  41	  7.559041	  -2.062115	  0.370207  
	402	  5	  331	  389	  5.361784	  0.216629	  0.000000  
	403	  1	  332	  390	  8.000000	  0.000000	  0.000000  
	404	  1	  333	  391	  8.000000	  0.000000	  0.000000  
	405	  1	  40	  392	  8.000000	  0.000000	  0.000000  
	406	  1	  70	  393	  8.000000	  0.000000	  0.000000  
	407	  1	  73	  394	  8.000000	  0.000000	  0.000000  
	408	  1	  108	  395	  8.000000	  0.000000	  0.000000  
	409	  1	  122	  396	  8.000000	  0.000000	  0.000000  
	410	  1	  336	  397	  8.000000	  0.000000	  0.000000  
	411	  1	  123	  398	  8.000000	  0.000000	  0.000000  
	412	  5	  155	  399	  7.603111	  -1.785246	  0.210449  
	413	  5	  155	  400	  7.076788	  1.126084	  0.106726  
	414	  5	  202	  401	  7.659678	  -0.126508	  0.331512  
	415	  1	  184	  402	  8.000000	  0.000000	  0.000000  
	416	  5	  42	  403	  8.000000	  0.000000	  0.000000  
	417	  5	  230	  404	  6.951116	  -3.309259	  0.437729  
	418	  1	  308	  405	  8.000000	  0.000000	  0.000000  
	419	  1	  337	  406	  8.000000	  0.000000	  0.000000  
	420	  1	  338	  407	  8.000000	  0.000000	  0.000000  
	421	  5	  339	  268	  6.750424	  -3.625865	  0.278992  
	422	  1	  340	  408	  8.000000	  0.000000	  0.000000  
	423	  1	  341	  409	  8.000000	  0.000000	  0.000000  
	424	  5	  342	  410	  8.000000	  0.000000	  0.000000  
	425	  1	  343	  411	  8.000000	  0.000000	  0.000000  
	426	  1	  344	  412	  8.000000	  0.000000	  0.000000  
	427	  1	  345	  413	  8.000000	  0.000000	  0.000000  
	428	  1	  346	  414	  8.000000	  0.000000	  0.000000  
	429	  1	  347	  415	  8.000000	  0.000000	  0.000000  
	430	  1	  348	  416	  8.000000	  0.000000	  0.000000  
	431	  1	  349	  417	  8.000000	  0.000000	  0.000000  
	432	  1	  350	  418	  8.000000	  0.000000	  0.000000  
	433	  1	  351	  419	  8.000000	  0.000000	  0.000000  
	434	  1	  352	  420	  8.000000	  0.000000	  0.000000  
	435	  5	  353	  421	  8.000000	  0.000000	  0.000000  
	436	  5	  354	  422	  7.765466	  1.703004	  0.149368  
	437	  5	  355	  423	  7.839674	  0.505088	  0.302132  
	438	  5	  356	  424	  7.596865	  0.388645	  0.243388  
	439	  1	  357	  425	  8.000000	  0.000000	  0.000000  
	440	  1	  358	  426	  8.000000	  0.000000	  0.000000  
	441	  1	  359	  427	  8.000000	  0.000000	  0.000000  
	442	  1	  360	  428	  8.000000	  0.000000	  0.000000  
	443	  1	  361	  429	  8.000000	  0.000000	  0.000000  
	444	  1	  362	  430	  8.000000	  0.000000	  0.000000  
	445	  1	  363	  431	  8.000000	  0.000000	  0.000000  
	446	  5	  364	  315	  7.658647	  0.241639	  0.321792  
	447	  1	  365	  432	  8.000000	  0.000000	  0.000000  
	448	  1	  366	  433	  8.000000	  0.000000	  0.000000  
	449	  1	  367	  434	  8.000000	  0.000000	  0.000000  
	450	  5	  368	  435	  7.724210	  -1.703004	  0.149368  
	451	  1	  369	  436	  8.000000	  0.000000	  0.000000  
	452	  1	  370	  437	  8.000000	  0.000000	  0.000000  
	453	  5	  371	  438	  6.809316	  -2.923953	  0.427682  
	454	  1	  372	  439	  8.000000	  0.000000	  0.000000  
	455	  1	  373	  440	  8.000000	  0.000000	  0.000000  
	456	  1	  374	  441	  8.000000	  0.000000	  0.000000  
	457	  1	  375	  442	  8.000000	  0.000000	  0.000000  
	458	  1	  376	  443	  8.000000	  0.000000	  0.000000  
	459	  1	  377	  444	  8.000000	  0.000000	  0.000000  
	460	  1	  378	  445	  8.000000	  0.000000	  0.000000  
	461	  1	  379	  446	  8.000000	  0.000000	  0.000000  
	462	  5	  380	  447	  8.000000	  0.000000	  0.000000  
	463	  5	  381	  448	  6.872956	  2.940315	  0.400670  
	464	  5	  382	  449	  7.737616	  0.255752	  0.327710  
	465	  5	  383	  450	  7.756443	  -0.255752	  0.327710  
	466	  1	  384	  451	  8.000000	  0.000000	  0.000000  
	467	  1	  385	  452	  8.000000	  0.000000	  0.000000  
	468	  1	  386	  453	  8.000000	  0.000000	  0.000000  
	469	  1	  387	  454	  8.000000	  0.000000	  0.000000  
	470	  5	  388	  455	  8.000000	  0.000000	  0.000000  
	471	  1	  390	  456	  8.000000	  0.000000	  0.000000  
	472	  1	  391	  457	  8.000000	  0.000000	  0.000000  
	473	  1	  392	  458	  8.000000	  0.000000	  0.000000  
	474	  1	  393	  459	  8.000000	  0.000000	  0.000000  
	475	  1	  394	  460	  8.000000	  0.000000	  0.000000  
	476	  1	  395	  461	  8.000000	  0.000000	  0.000000  
	477	  1	  396	  462	  8.000000	  0.000000	  0.000000  
	478	  1	  397	  463	  8.000000	  0.000000	  0.000000  
	479	  1	  398	  464	  8.000000	  0.000000	  0.000000  
	480	  5	  399	  237	  7.589157	  -1.785246	  0.210449  
	481	  5	  400	  465	  7.079566	  1.126084	  0.106726  
	482	  5	  401	  466	  7.654346	  -0.126508	  0.331512  
	483	  1	  402	  467	  8.000000	  0.000000	  0.000000  
	484	  1	  403	  468	  8.000000	  0.000000	  0.000000  
	485	  5	  404	  469	  6.933933	  -3.309259	  0.437729  
	486	  1	  405	  470	  8.000000	  0.000000	  0.000000  
	487	  1	  34	  471	  8.000000	  0.000000	  0.000000  
	488	  1	  138	  472	  8.000000	  0.000000	  0.000000  
	489	  5	  140	  473	  7.264861	  -0.565125	  0.386655  
	490	  5	  187	  474	  8.000000	  0.000000	  0.000000  
	491	  1	  238	  475	  8.000000	  0.000000	  0.000000  
	492	  1	  194	  476	  8.000000	  0.000000	  0.000000  
	493	  1	  279	  477	  8.000000	  0.000000	  0.000000  
	494	  1	  296	  478	  8.000000	  0.000000	  0.000000  
	495	  1	  244	  479	  8.000000	  0.000000	  0.000000  
	496	  1	  255	  480	  8.000000	  0.000000	  0.000000  
	497	  5	  346	  481	  7.815692	  3.569707	  0.210399  
	498	  5	  348	  482	  6.914901	  -2.716269	  0.403514  
	499	  1	  356	  483	  8.000000	  0.000000	  0.000000  
	500	  5	  375	  484	  7.616857	  -0.650248	  0.183967  
	501	  1	  406	  485	  8.000000	  0.000000	  0.000000  
	502	  1	  407	  486	  8.000000	  0.000000	  0.000000  
	503	  1	  408	  487	  8.000000	  0.000000	  0.000000  
	504	  1	  409	  488	  8.000000	  0.000000	  0.000000  
	505	  5	  410	  489	  8.000000	  0.000000	  0.000000  
	506	  1	  411	  490	  8.000000	  0.000000	  0.000000  
	507	  1	  412	  491	  8.000000	  0.000000	  0.000000  
	508	  1	  413	  492	  8.000000	  0.000000	  0.000000  
	509	  1	  414	  493	  8.000000	  0.000000	  0.000000  
	510	  1	  415	  494	  8.000000	  0.000000	  0.000000  
	511	  1	  416	  495	  8.000000	  0.000000	  0.000000  
	512	  1	  417	  496	  8.000000	  0.000000	  0.000000  
	513	  1	  418	  497	  8.000000	  0.000000	  0.000000  
	514	  1	  419	  498	  8.000000	  0.000000	  0.000000  
	515	  1	  420	  499	  8.000000	  0.000000	  0.000000  
	516	  5	  421	  500	  8.000000	  0.000000	  0.000000  
	517	  5	  422	  501	  8.000000	  0.000000	  0.000000  
	518	  5	  423	  561	  7.825265	  0.505088	  0.302132  
	519	  5	  424	  503	  7.594266	  0.388645	  0.243388  
	520	  1	  425	  504	  8.000000	  0.000000	  0.000000  
	521	  1	  426	  505	  8.000000	  0.000000	  0.000000  
	522	  1	  427	  506	  8.000000	  0.000000	  0.000000  
	523	  1	  428	  507	  8.000000	  0.000000	  0.000000  
	524	  1	  429	  508	  8.000000	  0.000000	  0.000000  
	525	  1	  430	  509	  8.000000	  0.000000	  0.000000  
	526	  1	  431	  510	  8.000000	  0.000000	  0.000000  
	527	  1	  432	  511	  8.000000	  0.000000	  0.000000  
	528	  1	  433	  512	  8.000000	  0.000000	  0.000000  
	529	  1	  434	  513	  8.000000	  0.000000	  0.000000  
	530	  5	  435	  514	  7.736800	  -1.703004	  0.149368  
	531	  1	  436	  515	  8.000000	  0.000000	  0.000000  
	532	  1	  437	  516	  8.000000	  0.000000	  0.000000  
	533	  5	  438	  482	  6.815909	  -2.923953	  0.427682  
	534	  1	  439	  517	  8.000000	  0.000000	  0.000000  
	535	  1	  440	  518	  8.000000	  0.000000	  0.000000  
	536	  1	  441	  519	  8.000000	  0.000000	  0.000000  
	537	  1	  442	  520	  8.000000	  0.000000	  0.000000  
	538	  1	  443	  521	  8.000000	  0.000000	  0.000000  
	539	  1	  444	  522	  8.000000	  0.000000	  0.000000  
	540	  1	  445	  523	  8.000000	  0.000000	  0.000000  
	541	  1	  446	  524	  8.000000	  0.000000	  0.000000  
	542	  1	  447	  525	  8.000000	  0.000000	  0.000000  
	543	  5	  448	  287	  6.889623	  2.940315	  0.400670  
	544	  5	  449	  526	  7.746120	  0.255752	  0.327710  
	545	  1	  450	  527	  8.000000	  0.000000	  0.000000  
	546	  1	  451	  528	  8.000000	  0.000000	  0.000000  
	547	  1	  452	  529	  8.000000	  0.000000	  0.000000  
	548	  1	  453	  530	  8.000000	  0.000000	  0.000000  
	549	  1	  454	  531	  8.000000	  0.000000	  0.000000  
	550	  5	  455	  532	  8.000000	  0.000000	  0.000000  
	551	  1	  456	  533	  8.000000	  0.000000	  0.000000  
	552	  1	  457	  534	  8.000000	  0.000000	  0.000000  
	553	  1	  458	  535	  8.000000	  0.000000	  0.000000  
	554	  1	  459	  536	  8.000000	  0.000000	  0.000000  
	555	  1	  460	  537	  8.000000	  0.000000	  0.000000  
	556	  1	  461	  538	  8.000000	  0.000000	  0.000000  
	557	  1	  462	  539	  8.000000	  0.000000	  0.000000  
	558	  1	  463	  540	  8.000000	  0.000000	  0.000000  
	559	  1	  464	  541	  8.000000	  0.000000	  0.000000  
	560	  5	  465	  245	  7.079054	  1.126084	  0.106726  
	561	  1	  466	  542	  8.000000	  0.000000	  0.000000  
	562	  1	  467	  543	  8.000000	  0.000000	  0.000000  
	563	  1	  468	  544	  8.000000	  0.000000	  0.000000  
	564	  5	  469	  323	  6.916302	  -3.309259	  0.437729  
	565	  1	  470	  545	  8.000000	  0.000000	  0.000000  
	566	  1	  471	  546	  8.000000	  0.000000	  0.000000  
	567	  1	  472	  547	  8.000000	  0.000000	  0.000000  
	568	  5	  473	  241	  7.248881	  -0.565125	  0.386655  
	569	  5	  474	  548	  8.000000	  0.000000	  0.000000  
	570	  1	  475	  549	  8.000000	  0.000000	  0.000000  
	571	  1	  476	  550	  8.000000	  0.000000	  0.000000  
	572	  1	  477	  551	  8.000000	  0.000000	  0.000000  
	573	  1	  478	  552	  8.000000	  0.000000	  0.000000  
	574	  1	  479	  553	  8.000000	  0.000000	  0.000000  
	575	  1	  480	  554	  8.000000	  0.000000	  0.000000  
	576	  5	  481	  555	  7.825097	  3.569707	  0.210399  
	577	  5	  482	  556	  7.599393	  -5.640222	  0.416043  
	578	  1	  483	  557	  8.000000	  0.000000	  0.000000  
	579	  5	  484	  558	  7.596330	  -0.650248	  0.183967  
	580	  1	  107	  559	  8.000000	  0.000000	  0.000000  
	581	  5	  158	  25	  7.636974	  -0.166325	  0.437973  
	582	  1	  167	  560	  8.000000	  0.000000	  0.000000  
	583	  5	  223	  561	  7.809437	  -0.505088	  0.302132  
	584	  5	  251	  562	  7.179486	  0.593310	  0.296716  
	585	  1	  262	  563	  8.000000	  0.000000	  0.000000  
	586	  1	  252	  564	  8.000000	  0.000000	  0.000000  
	587	  5	  270	  119	  7.694476	  -0.255752	  0.327710  
	588	  5	  314	  566	  8.000000	  0.000000	  0.000000  
	589	  5	  364	  567	  8.000000	  0.000000	  0.000000  
	590	  5	  466	  568	  7.645329	  -0.126508	  0.331512  
	591	  5	  569	  79	  7.058496	  0.688257	  0.471750  
	593	  5	  50	  9	  7.535961	  0.886036	  0.289110  
	594	  5	  50	  68	  6.835772	  1.176079	  0.431304  
	595	  1	  485	  573	  8.000000	  0.000000	  0.000000  
	596	  1	  486	  574	  8.000000	  0.000000	  0.000000  
	597	  1	  487	  575	  8.000000	  0.000000	  0.000000  
	598	  1	  488	  576	  8.000000	  0.000000	  0.000000  
	599	  1	  489	  577	  8.000000	  0.000000	  0.000000  
	600	  1	  490	  578	  8.000000	  0.000000	  0.000000  
	601	  1	  491	  579	  8.000000	  0.000000	  0.000000  
	602	  1	  492	  580	  8.000000	  0.000000	  0.000000  
	603	  1	  493	  581	  8.000000	  0.000000	  0.000000  
	604	  1	  494	  582	  8.000000	  0.000000	  0.000000  
	605	  1	  495	  583	  8.000000	  0.000000	  0.000000  
	606	  1	  496	  584	  8.000000	  0.000000	  0.000000  
	607	  1	  497	  585	  8.000000	  0.000000	  0.000000  
	608	  1	  498	  586	  8.000000	  0.000000	  0.000000  
	609	  1	  499	  587	  8.000000	  0.000000	  0.000000  
	610	  5	  500	  588	  8.000000	  0.000000	  0.000000  
	611	  5	  501	  589	  8.000000	  0.000000	  0.000000  
	612	  1	  561	  590	  8.000000	  0.000000	  0.000000  
	613	  5	  503	  91	  7.589633	  0.388645	  0.243388  
	614	  1	  504	  591	  8.000000	  0.000000	  0.000000  
	615	  1	  505	  592	  8.000000	  0.000000	  0.000000  
	616	  1	  506	  593	  8.000000	  0.000000	  0.000000  
	617	  1	  507	  594	  8.000000	  0.000000	  0.000000  
	618	  1	  508	  595	  8.000000	  0.000000	  0.000000  
	619	  1	  509	  596	  8.000000	  0.000000	  0.000000  
	620	  1	  510	  597	  8.000000	  0.000000	  0.000000  
	621	  1	  511	  598	  8.000000	  0.000000	  0.000000  
	622	  1	  512	  599	  8.000000	  0.000000	  0.000000  
	623	  1	  513	  600	  8.000000	  0.000000	  0.000000  
	624	  5	  514	  422	  7.751599	  -1.703004	  0.149368  
	625	  1	  515	  601	  8.000000	  0.000000	  0.000000  
	626	  1	  516	  602	  8.000000	  0.000000	  0.000000  
	627	  1	  517	  603	  8.000000	  0.000000	  0.000000  
	628	  1	  518	  604	  8.000000	  0.000000	  0.000000  
	629	  1	  519	  605	  8.000000	  0.000000	  0.000000  
	630	  1	  520	  606	  8.000000	  0.000000	  0.000000  
	631	  1	  521	  607	  8.000000	  0.000000	  0.000000  
	632	  1	  522	  608	  8.000000	  0.000000	  0.000000  
	633	  1	  523	  609	  8.000000	  0.000000	  0.000000  
	634	  1	  524	  610	  8.000000	  0.000000	  0.000000  
	635	  1	  525	  611	  8.000000	  0.000000	  0.000000  
	636	  5	  526	  450	  7.751783	  0.255752	  0.327710  
	637	  1	  527	  612	  8.000000	  0.000000	  0.000000  
	638	  1	  528	  613	  8.000000	  0.000000	  0.000000  
	639	  1	  529	  614	  8.000000	  0.000000	  0.000000  
	640	  1	  530	  615	  8.000000	  0.000000	  0.000000  
	641	  1	  531	  616	  8.000000	  0.000000	  0.000000  
	642	  5	  532	  617	  8.000000	  0.000000	  0.000000  
	643	  1	  533	  618	  8.000000	  0.000000	  0.000000  
	644	  1	  534	  619	  8.000000	  0.000000	  0.000000  
	645	  1	  535	  620	  8.000000	  0.000000	  0.000000  
	646	  1	  536	  621	  8.000000	  0.000000	  0.000000  
	647	  1	  537	  622	  8.000000	  0.000000	  0.000000  
	648	  1	  538	  623	  8.000000	  0.000000	  0.000000  
	649	  1	  539	  624	  8.000000	  0.000000	  0.000000  
	650	  1	  540	  625	  8.000000	  0.000000	  0.000000  
	651	  1	  541	  626	  8.000000	  0.000000	  0.000000  
	652	  1	  542	  627	  8.000000	  0.000000	  0.000000  
	653	  1	  543	  628	  8.000000	  0.000000	  0.000000  
	654	  1	  544	  629	  8.000000	  0.000000	  0.000000  
	655	  1	  545	  630	  8.000000	  0.000000	  0.000000  
	656	  1	  546	  631	  8.000000	  0.000000	  0.000000  
	657	  1	  547	  632	  8.000000	  0.000000	  0.000000  
	658	  5	  548	  633	  8.000000	  0.000000	  0.000000  
	659	  1	  549	  634	  8.000000	  0.000000	  0.000000  
	660	  1	  550	  635	  8.000000	  0.000000	  0.000000  
	661	  1	  551	  636	  8.000000	  0.000000	  0.000000  
	662	  1	  552	  637	  8.000000	  0.000000	  0.000000  
	663	  1	  553	  638	  8.000000	  0.000000	  0.000000  
	664	  1	  554	  639	  8.000000	  0.000000	  0.000000  
	665	  5	  555	  294	  7.836935	  3.569707	  0.210399  
	666	  5	  556	  169	  7.592705	  -5.640222	  0.416043  
	667	  1	  557	  640	  8.000000	  0.000000	  0.000000  
	668	  5	  558	  110	  7.565650	  -0.650248	  0.183967  
	669	  1	  559	  641	  8.000000	  0.000000	  0.000000  
	670	  1	  560	  642	  8.000000	  0.000000	  0.000000  
	672	  5	  562	  276	  7.201834	  0.593310	  0.296716  
	673	  1	  563	  397	  8.000000	  0.000000	  0.000000  
	674	  1	  564	  643	  8.000000	  0.000000	  0.000000  
	676	  1	  566	  644	  8.000000	  0.000000	  0.000000  
	677	  5	  567	  645	  8.000000	  0.000000	  0.000000  
	678	  5	  568	  113	  7.630883	  -0.126508	  0.331512  
	679	  5	  569	  261	  7.560688	  0.723610	  0.440983  
	680	  1	  570	  646	  8.000000	  0.000000	  0.000000  
	682	  1	  65	  648	  8.000000	  0.000000	  0.000000  
	683	  5	  50	  649	  8.000000	  0.000000	  0.000000  
	684	  5	  141	  650	  8.000000	  0.000000	  0.000000  
	685	  1	  146	  651	  8.000000	  0.000000	  0.000000  
	686	  1	  135	  652	  8.000000	  0.000000	  0.000000  
	687	  1	  201	  653	  8.000000	  0.000000	  0.000000  
	688	  1	  248	  654	  8.000000	  0.000000	  0.000000  
	689	  1	  331	  655	  8.000000	  0.000000	  0.000000  
	690	  1	  280	  656	  8.000000	  0.000000	  0.000000  
	691	  5	  282	  657	  8.000000	  0.000000	  0.000000  
	692	  1	  285	  658	  8.000000	  0.000000	  0.000000  
	693	  1	  351	  659	  8.000000	  0.000000	  0.000000  
	694	  1	  303	  660	  8.000000	  0.000000	  0.000000  
	695	  1	  377	  661	  8.000000	  0.000000	  0.000000  
	696	  1	  451	  662	  8.000000	  0.000000	  0.000000  
	697	  5	  403	  663	  8.000000	  0.000000	  0.000000  
	698	  1	  504	  664	  8.000000	  0.000000	  0.000000  
	699	  1	  550	  665	  8.000000	  0.000000	  0.000000  
	700	  5	  568	  666	  8.000000	  0.000000	  0.000000  
	701	  5	  667	  22	  7.737420	  -0.946074	  0.340425  
	702	  0	  573	  668	  8.000000	  0.000000	  0.000000  
	703	  0	  574	  669	  8.000000	  0.000000	  0.000000  
	704	  0	  575	  670	  8.000000	  0.000000	  0.000000  
	705	  0	  576	  671	  8.000000	  0.000000	  0.000000  
	706	  0	  577	  672	  8.000000	  0.000000	  0.000000  
	707	  0	  578	  673	  8.000000	  0.000000	  0.000000  
	708	  0	  579	  674	  8.000000	  0.000000	  0.000000  
	709	  0	  580	  675	  8.000000	  0.000000	  0.000000  
	710	  0	  581	  676	  8.000000	  0.000000	  0.000000  
	711	  0	  582	  677	  8.000000	  0.000000	  0.000000  
	712	  0	  583	  678	  8.000000	  0.000000	  0.000000  
	713	  0	  584	  679	  8.000000	  0.000000	  0.000000  
	714	  0	  585	  680	  8.000000	  0.000000	  0.000000  
	715	  0	  586	  681	  8.000000	  0.000000	  0.000000  
	716	  0	  587	  682	  8.000000	  0.000000	  0.000000  
	717	  5	  588	  210	  8.000000	  0.000000	  0.000000  
	718	  5	  589	  317	  8.000000	  0.000000	  0.000000  
	719	  0	  590	  683	  8.000000	  0.000000	  0.000000  
	720	  0	  591	  684	  8.000000	  0.000000	  0.000000  
	721	  0	  592	  685	  8.000000	  0.000000	  0.000000  
	722	  0	  593	  686	  8.000000	  0.000000	  0.000000  
	723	  0	  594	  687	  8.000000	  0.000000	  0.000000  
	724	  0	  595	  688	  8.000000	  0.000000	  0.000000  
	725	  0	  596	  689	  8.000000	  0.000000	  0.000000  
	726	  0	  597	  690	  8.000000	  0.000000	  0.000000  
	727	  0	  598	  691	  8.000000	  0.000000	  0.000000  
	728	  0	  599	  692	  8.000000	  0.000000	  0.000000  
	729	  0	  600	  693	  8.000000	  0.000000	  0.000000  
	730	  0	  601	  694	  8.000000	  0.000000	  0.000000  
	731	  0	  602	  695	  8.000000	  0.000000	  0.000000  
	732	  0	  603	  696	  8.000000	  0.000000	  0.000000  
	733	  0	  604	  697	  8.000000	  0.000000	  0.000000  
	734	  0	  605	  698	  8.000000	  0.000000	  0.000000  
	735	  0	  606	  699	  8.000000	  0.000000	  0.000000  
	736	  0	  607	  700	  8.000000	  0.000000	  0.000000  
	737	  0	  608	  701	  8.000000	  0.000000	  0.000000  
	738	  0	  609	  702	  8.000000	  0.000000	  0.000000  
	739	  0	  610	  703	  8.000000	  0.000000	  0.000000  
	740	  0	  611	  704	  8.000000	  0.000000	  0.000000  
	741	  0	  612	  705	  8.000000	  0.000000	  0.000000  
	742	  0	  613	  706	  8.000000	  0.000000	  0.000000  
	743	  0	  614	  707	  8.000000	  0.000000	  0.000000  
	744	  0	  615	  708	  8.000000	  0.000000	  0.000000  
	745	  0	  616	  709	  8.000000	  0.000000	  0.000000  
	746	  5	  617	  447	  8.000000	  0.000000	  0.000000  
	747	  0	  618	  710	  8.000000	  0.000000	  0.000000  
	748	  0	  619	  711	  8.000000	  0.000000	  0.000000  
	749	  0	  620	  712	  8.000000	  0.000000	  0.000000  
	750	  0	  621	  713	  8.000000	  0.000000	  0.000000  
	751	  0	  622	  714	  8.000000	  0.000000	  0.000000  
	752	  0	  623	  715	  8.000000	  0.000000	  0.000000  
	753	  0	  624	  716	  8.000000	  0.000000	  0.000000  
	754	  0	  625	  717	  8.000000	  0.000000	  0.000000  
	755	  0	  626	  718	  8.000000	  0.000000	  0.000000  
	756	  0	  627	  719	  8.000000	  0.000000	  0.000000  
	757	  0	  628	  720	  8.000000	  0.000000	  0.000000  
	758	  0	  629	  721	  8.000000	  0.000000	  0.000000  
	759	  0	  630	  722	  8.000000	  0.000000	  0.000000  
	760	  0	  631	  723	  8.000000	  0.000000	  0.000000  
	761	  0	  632	  724	  8.000000	  0.000000	  0.000000  
	762	  5	  633	  236	  8.000000	  0.000000	  0.000000  
	763	  0	  634	  725	  8.000000	  0.000000	  0.000000  
	764	  0	  635	  726	  8.000000	  0.000000	  0.000000  
	765	  0	  636	  727	  8.000000	  0.000000	  0.000000  
	766	  0	  637	  728	  8.000000	  0.000000	  0.000000  
	767	  0	  638	  729	  8.000000	  0.000000	  0.000000  
	768	  0	  639	  730	  8.000000	  0.000000	  0.000000  
	769	  0	  640	  731	  8.000000	  0.000000	  0.000000  
	770	  0	  641	  732	  8.000000	  0.000000	  0.000000  
	771	  0	  642	  733	  8.000000	  0.000000	  0.000000  
	772	  0	  643	  734	  8.000000	  0.000000	  0.000000  
	773	  0	  644	  735	  8.000000	  0.000000	  0.000000  
	774	  5	  645	  489	  8.000000	  0.000000	  0.000000  
	775	  0	  646	  736	  8.000000	  0.000000	  0.000000  
	776	  0	  50	  737	  8.000000	  0.000000	  0.000000  
	777	  0	  648	  738	  8.000000	  0.000000	  0.000000  
	778	  5	  649	  566	  8.000000	  0.000000	  0.000000  
	779	  0	  650	  739	  8.000000	  0.000000	  0.000000  
	780	  0	  651	  740	  8.000000	  0.000000	  0.000000  
	781	  0	  652	  741	  8.000000	  0.000000	  0.000000  
	782	  0	  653	  742	  8.000000	  0.000000	  0.000000  
	783	  0	  654	  743	  8.000000	  0.000000	  0.000000  
	784	  0	  655	  744	  8.000000	  0.000000	  0.000000  
	785	  0	  656	  745	  8.000000	  0.000000	  0.000000  
	786	  5	  657	  410	  8.000000	  0.000000	  0.000000  
	787	  0	  658	  746	  8.000000	  0.000000	  0.000000  
	788	  1	  659	  235	  8.000000	  0.000000	  0.000000  
	789	  0	  660	  747	  8.000000	  0.000000	  0.000000  
	790	  0	  661	  748	  8.000000	  0.000000	  0.000000  
	791	  0	  662	  749	  8.000000	  0.000000	  0.000000  
	792	  5	  663	  324	  8.000000	  0.000000	  0.000000  
	793	  0	  664	  750	  8.000000	  0.000000	  0.000000  
	794	  0	  665	  751	  8.000000	  0.000000	  0.000000  
	795	  5	  666	  503	  8.000000	  0.000000	  0.000000  
	796	  0	  37	  752	  8.000000	  0.000000	  0.000000  
	797	  0	  667	  753	  8.000000	  0.000000	  0.000000  
	798	  0	  114	  754	  8.000000	  0.000000	  0.000000  
	799	  0	  154	  755	  8.000000	  0.000000	  0.000000  
	800	  0	  160	  756	  8.000000	  0.000000	  0.000000  
	801	  0	  160	  757	  8.000000	  0.000000	  0.000000  
	802	  0	  274	  758	  8.000000	  0.000000	  0.000000  
	803	  0	  249	  759	  8.000000	  0.000000	  0.000000  
	804	  0	  320	  760	  8.000000	  0.000000	  0.000000  
	805	  0	  271	  761	  8.000000	  0.000000	  0.000000  
	806	  0	  411	  762	  8.000000	  0.000000	  0.000000  
	807	  0	  430	  763	  8.000000	  0.000000	  0.000000  
	808	  0	  432	  764	  8.000000	  0.000000	  0.000000  
	809	  0	  530	  765	  8.000000	  0.000000	  0.000000  
	810	  0	  564	  766	  8.000000	  0.000000	  0.000000  
	811	  5	  650	  289	  8.000000	  0.000000	  0.000000  
 717       total number of nodes
  name    x       y       z
	1	  25.000000	  77.900002	  500.000000  
	2	  55.000000	  95.199997	  500.000000  
	3	  85.000000	  112.500000	  500.000000  
	4	  85.000000	  112.500000	  450.000000  
	5	  84.635963	  109.426651	  401.494385  
	6	  85.000000	  112.500000	  350.000000  
	7	  85.582748	  112.639351	  299.599060  
	8	  85.000000	  112.500000	  250.000000  
	9	  85.000000	  112.500000	  200.000000  
	10	  85.000000	  112.500000	  167.000000  
	12	  85.042885	  112.162666	  101.407501  
	14	  275.000000	  222.100006	  500.000000  
	15	  245.000000	  204.800003	  500.000000  
	16	  215.027237	  187.508255	  499.566986  
	17	  215.000000	  187.500000	  450.000000  
	18	  215.000000	  187.500000	  400.000000  
	20	  215.664154	  188.751114	  300.145203  
	22	  215.000000	  187.500000	  200.000000  
	23	  212.436005	  188.435486	  167.066101  
	24	  215.000000	  187.500000	  133.000000  
	25	  215.927734	  187.888977	  101.233231  
	26	  82.746834	  109.284828	  390.085541  
	28	  217.921722	  189.048157	  148.727615  
	29	  84.064079	  110.591309	  82.304054  
	30	  214.621109	  189.082718	  88.538887  
	32	  219.879990	  200.668518	  302.461243  
	33	  218.803513	  177.292938	  237.407471  
	34	  200.184052	  192.300995	  168.722244  
	35	  232.240082	  199.770432	  148.937027  
	37	  85.912766	  112.064079	  179.296570  
	38	  199.314392	  178.406708	  499.982208  
	39	  216.256042	  186.848923	  469.016968  
	40	  212.926636	  190.061386	  116.129921  
	41	  211.873932	  183.652435	  260.096436  
	42	  87.339600	  118.686310	  66.863258  
	43	  214.423737	  191.612991	  71.929764  
	44	  63.064339	  88.313438	  394.229004  
	45	  217.514664	  210.300034	  311.637787  
	46	  228.968582	  168.553040	  227.532852  
	48	  245.231659	  200.704224	  145.678864  
	49	  98.433289	  113.127991	  290.182922  
	50	  91.308411	  126.082176	  223.077423  
	52	  214.919846	  175.403534	  495.222626  
	53	  226.998840	  180.391129	  476.364380  
	55	  203.335968	  176.626846	  258.595825  
	56	  104.959099	  120.429428	  499.079102  
	58	  216.344666	  184.105637	  385.074127  
	59	  216.590942	  190.360031	  188.239532  
	60	  92.302330	  117.621925	  56.795322  
	63	  215.381363	  219.646301	  325.250977  
	64	  241.693710	  160.269363	  220.701004  
	65	  165.113297	  190.098877	  171.903473  
	66	  260.466248	  207.376541	  144.897766  
	67	  105.753143	  115.762802	  275.462189  
	68	  97.701065	  146.429352	  223.935760  
	70	  228.999603	  173.351471	  486.575562  
	72	  191.851822	  210.229996	  118.217239  
	73	  193.200485	  172.168976	  251.984848  
	74	  104.160110	  108.149094	  496.043915  
	75	  220.352020	  171.825211	  384.949677  
	76	  218.351471	  170.092163	  347.477844  
	77	  228.615601	  196.700653	  185.794998  
	79	  87.385017	  119.889786	  270.044983  
	81	  102.691154	  128.866104	  41.852531  
	84	  213.240097	  231.934875	  336.279510  
	85	  256.641907	  153.001953	  219.721649  
	86	  150.078995	  187.300247	  175.889206  
	87	  274.409607	  215.896011	  148.748138  
	88	  112.409653	  119.009377	  260.550018  
	89	  104.154655	  155.734787	  231.077835  
	91	  181.420074	  223.893051	  120.946266  
	92	  177.901550	  158.515060	  248.349106  
	93	  103.858177	  93.186890	  488.745697  
	94	  235.098526	  159.190689	  384.281921  
	95	  225.073318	  163.559662	  341.738312  
	96	  244.830307	  200.088348	  184.112961  
	98	  83.846916	  128.769409	  266.021057  
	99	  205.074341	  178.596024	  235.154114  
	101	  232.996704	  209.591003	  151.924545  
	102	  220.311981	  182.634750	  318.051178  
	103	  104.248360	  140.059433	  29.625229  
	105	  150.686264	  290.851898	  381.821045  
	106	  216.738831	  241.775940	  345.073700  
	107	  273.519958	  152.131668	  215.609543  
	108	  136.764969	  190.501511	  185.421478  
	109	  32.017731	  217.785797	  148.888901  
	110	  119.419327	  124.687767	  247.999634  
	111	  112.582260	  168.264252	  234.373413  
	113	  167.963882	  235.095016	  120.001137  
	114	  163.294601	  154.325226	  241.079941  
	115	  97.703407	  80.263390	  480.241333  
	116	  241.111649	  145.486221	  382.486694  
	117	  235.382156	  148.618530	  336.417816  
	118	  261.140167	  200.618057	  180.806808  
	119	  48.938644	  90.066719	  62.175777  
	121	  200.393814	  173.972183	  243.527863  
	122	  104.918884	  119.680450	  391.507568  
	123	  237.905624	  220.385803	  159.211761  
	124	  83.519318	  97.857994	  406.899200  
	125	  86.816093	  122.961426	  235.608261  
	127	  227.948990	  174.204849	  314.588654  
	129	  88.972046	  106.650429	  59.369396  
	130	  95.556221	  157.393692	  218.653610  
	131	  206.431381	  166.077682	  384.985138  
	132	  128.037277	  137.318619	  499.995697  
	133	  212.717789	  186.069534	  430.190857  
	135	  103.887047	  154.810684	  20.862118  
	137	  136.568588	  290.419434	  373.210419  
	138	  212.365723	  256.060028	  355.783722  
	139	  27.022095	  147.331985	  209.037903  
	140	  121.575035	  188.947098	  198.799835  
	141	  48.033085	  218.173080	  144.584122  
	142	  127.790512	  130.821075	  233.569611  
	145	  153.584473	  239.645737	  116.609085  
	146	  148.099854	  157.268982	  235.554901  
	147	  89.840309	  65.291901	  474.719635  
	148	  250.760849	  132.151215	  384.995300  
	149	  248.651474	  138.628815	  329.223572  
	150	  276.062927	  202.050125	  173.562302  
	152	  72.384270	  160.078308	  267.005859  
	153	  117.346680	  123.027893	  382.986633  
	154	  242.424698	  231.812820	  172.715256  
	155	  89.472511	  81.542351	  410.528198  
	156	  86.639412	  127.189972	  252.982513  
	157	  240.168564	  166.457153	  316.313141  
	158	  231.400146	  186.743515	  116.942390  
	159	  87.385384	  92.413078	  67.854843  
	160	  95.186005	  171.247116	  214.556808  
	161	  192.182358	  158.667572	  389.375793  
	162	  128.323608	  121.123459	  496.141174  
	163	  201.354736	  178.947372	  426.747589  
	165	  195.770142	  182.051056	  172.667892  
	166	  199.917175	  191.718155	  68.778053  
	167	  188.883286	  180.760925	  257.959625  
	168	  65.535782	  91.917618	  77.656403  
	169	  40.672894	  72.878571	  379.781372  
	170	  206.138641	  155.525848	  349.705078  
	171	  269.641541	  225.431946	  154.829224  
	173	  99.741623	  169.371216	  15.147343  
	174	  245.892014	  62.943512	  364.850159  
	175	  78.406830	  41.501381	  370.943573  
	176	  39.195496	  146.022415	  197.754471  
	177	  114.049637	  188.242172	  208.784576  
	178	  62.882282	  217.466339	  144.366302  
	179	  137.337860	  134.265854	  220.370972  
	180	  123.566200	  198.830032	  244.458405  
	182	  141.974716	  250.530777	  111.714981  
	183	  133.614807	  160.123901	  227.503876  
	184	  81.127647	  58.562572	  467.078705  
	185	  259.214539	  120.595428	  393.493622  
	186	  262.919830	  131.738266	  324.109192  
	187	  30.324572	  207.204407	  167.177826  
	188	  161.995926	  285.833252	  57.055721  
	189	  62.188148	  173.164612	  266.454529  
	190	  129.126526	  135.658813	  380.459564  
	191	  121.524811	  16.683670	  183.252106  
	192	  94.420525	  66.080765	  409.613037  
	193	  254.227585	  157.617935	  317.510956  
	194	  249.037033	  179.331100	  125.855637  
	195	  86.404655	  78.659416	  77.187439  
	196	  98.416862	  189.032669	  211.217697  
	197	  179.409821	  151.821167	  397.574066  
	198	  131.163803	  108.832436	  485.274414  
	199	  188.593536	  168.514359	  429.098480  
	200	  68.549278	  119.267136	  405.541687  
	201	  211.692352	  174.750336	  177.428207  
	202	  184.439026	  189.892380	  75.821487  
	203	  183.282578	  196.776672	  257.225342  
	204	  55.454132	  78.989891	  81.189476  
	205	  170.541656	  286.708557	  368.303894  
	206	  204.327087	  141.573273	  352.562164  
	207	  258.216156	  235.927261	  160.873352  
	208	  229.974182	  179.832108	  342.795380  
	210	  239.001053	  173.436874	  389.165100  
	211	  243.390503	  149.252060	  378.504150  
	212	  223.348068	  143.283890	  340.405121  
	213	  123.618591	  161.716904	  225.534958  
	214	  168.105362	  249.308243	  124.122528  
	216	  110.551842	  117.933701	  399.739685  
	220	  96.201736	  185.604340	  14.062160  
	221	  237.409393	  65.350021	  358.210632  
	222	  74.649002	  52.898163	  382.485443  
	223	  46.616390	  141.734497	  184.231659  
	224	  103.235016	  189.460892	  221.385422  
	225	  80.912605	  218.900665	  140.310028  
	226	  149.525696	  131.278717	  209.427658  
	227	  136.328827	  207.875992	  249.064804  
	228	  133.270401	  263.545624	  106.051804  
	229	  74.743706	  45.220894	  455.050537  
	230	  270.239746	  113.519409	  406.610962  
	231	  276.942108	  122.893631	  324.184631  
	232	  46.023804	  206.603683	  159.478607  
	233	  152.547089	  273.173401	  56.473587  
	234	  51.212326	  185.449066	  264.036652  
	235	  142.070099	  146.767166	  376.505066  
	236	  134.916183	  24.270437	  190.136871  
	237	  95.094711	  53.785656	  405.313599  
	238	  269.366730	  147.615082	  315.717773  
	239	  259.194855	  176.508453	  134.032486  
	240	  84.432404	  64.099648	  85.019798  
	241	  105.893745	  203.106903	  208.880692  
	242	  165.581299	  147.373093	  405.710968  
	243	  138.769974	  97.291428	  475.991425  
	244	  176.633942	  161.164841	  432.611877  
	245	  62.660301	  122.601036	  419.575256  
	246	  225.052490	  168.344543	  180.099106  
	247	  173.498413	  180.353668	  82.080177  
	248	  181.524002	  213.889648	  259.848083  
	249	  45.683994	  67.074409	  88.264465  
	250	  166.453903	  274.709290	  357.508972  
	251	  196.340698	  129.182312	  352.819275  
	252	  116.917175	  20.321053	  168.226471  
	253	  245.216599	  175.530075	  337.658875  
	254	  78.940331	  146.033310	  61.678429  
	255	  233.883759	  189.493240	  393.814240  
	256	  253.392883	  139.203033	  369.775360  
	257	  127.469528	  156.800446	  213.002914  
	258	  167.606445	  265.815491	  126.240181  
	260	  121.079063	  123.205994	  411.512665  
	261	  95.146439	  124.400162	  276.886688  
	262	  84.411545	  126.629555	  119.886536  
	263	  230.280762	  205.064560	  300.287964  
	264	  201.031296	  192.481079	  207.568787  
	265	  198.188797	  174.216461	  242.224304  
	266	  226.365189	  235.916870	  342.555664  
	267	  64.847809	  147.853683	  269.749390  
	268	  69.725945	  97.763390	  407.765472  
	270	  41.597992	  100.622704	  60.580643  
	271	  229.892242	  191.605530	  68.746132  
	272	  220.375168	  178.065460	  336.991669  
	273	  236.184036	  57.830482	  362.834808  
	274	  123.553642	  190.911057	  229.271683  
	275	  121.580666	  110.467865	  377.330811  
	276	  194.333939	  153.055893	  347.947540  
	277	  99.302101	  201.958084	  13.655693  
	278	  224.968887	  67.419838	  347.820801  
	279	  69.890144	  65.753334	  392.314636  
	280	  51.315742	  131.611176	  171.321243  
	281	  88.463989	  192.248337	  228.545685  
	282	  99.175850	  220.958511	  138.298447  
	283	  162.011551	  128.540695	  198.758575  
	284	  151.722794	  213.387741	  249.274017  
	285	  124.965622	  276.338165	  103.968803  
	286	  202.388733	  255.425034	  447.800018  
	287	  274.349335	  106.774483	  420.815552  
	288	  25.983887	  110.378555	  330.502838  
	289	  56.386330	  209.962082	  148.465866  
	290	  149.789963	  259.113129	  49.795238  
	291	  35.662941	  191.398590	  263.831085  
	292	  154.957932	  155.526947	  374.499908  
	293	  146.575333	  33.715290	  196.265259  
	294	  96.869591	  34.598526	  399.551208  
	295	  22.354919	  142.232697	  308.848511  
	296	  272.474548	  172.415298	  141.859085  
	297	  81.361465	  50.675560	  94.378525  
	298	  109.325996	  220.247131	  209.703354  
	299	  153.671524	  138.092224	  412.728485  
	300	  140.353256	  86.262917	  463.812195  
	301	  165.010849	  146.691971	  436.700806  
	302	  55.346481	  131.674103	  433.026672  
	303	  238.208344	  162.276489	  188.785782  
	304	  161.785675	  174.018967	  92.075470  
	305	  186.704712	  228.175034	  263.899841  
	306	  166.992767	  284.931213	  99.176270  
	307	  163.118790	  259.482147	  351.658051  
	308	  189.682144	  112.655235	  347.736511  
	309	  104.810867	  26.239403	  178.801849  
	310	  260.178192	  168.280243	  338.560669  
	311	  74.078323	  160.020035	  54.065628  
	312	  229.270294	  201.478409	  401.197418  
	313	  264.175659	  129.598190	  361.486755  
	314	  127.363724	  147.115295	  200.304108  
	315	  164.489578	  281.702179	  127.613701  
	316	  134.420166	  131.606003	  420.711548  
	317	  104.080536	  136.388275	  284.614014  
	318	  81.589439	  145.095749	  118.838127  
	319	  246.180420	  213.732513	  301.556061  
	320	  187.765335	  198.882996	  215.200485  
	321	  238.606934	  227.571335	  334.958679  
	322	  47.732147	  140.005280	  268.971527  
	323	  53.303825	  101.731201	  415.064117  
	324	  34.767143	  116.193428	  58.131451  
	325	  246.566513	  186.543335	  68.404999  
	326	  221.871033	  51.534027	  357.115112  
	327	  127.949257	  198.043396	  215.605362  
	328	  127.968857	  95.699615	  373.051544  
	329	  177.537872	  151.618073	  345.436890  
	330	  226.367126	  168.051163	  306.475220  
	331	  226.219116	  199.478378	  288.812134  
	332	  69.363998	  159.027252	  277.278473  
	333	  214.335480	  188.046356	  335.375031  
	336	  85.282387	  112.612450	  112.514313  
	337	  100.701874	  218.450546	  11.849691  
	338	  216.998260	  77.500999	  337.729340  
	339	  70.159767	  80.732750	  399.511322  
	340	  58.429199	  122.612160	  158.792191  
	341	  77.795647	  202.016052	  236.791946  
	342	  113.601906	  223.574646	  137.550781  
	343	  172.399536	  121.142014	  188.054764  
	344	  165.961548	  214.817154	  241.361267  
	345	  241.018066	  62.877449	  103.819199  
	346	  201.118301	  240.965057	  441.947479  
	347	  271.230316	  100.168304	  434.960938  
	348	  34.477272	  95.794838	  334.054749  
	349	  144.605835	  244.832825	  42.981979  
	350	  21.631180	  200.361099	  263.904510  
	351	  165.434341	  163.344666	  369.354584  
	352	  159.170853	  35.522202	  206.697968  
	353	  232.609787	  244.989075	  393.514923  
	354	  37.286652	  136.084198	  304.791199  
	355	  26.172791	  171.845505	  152.657166  
	356	  208.250229	  264.975800	  101.774384  
	357	  115.392754	  235.060226	  214.284760  
	358	  135.265030	  72.229858	  456.765839  
	359	  156.596375	  132.364685	  435.629211  
	360	  46.644623	  141.818726	  442.955750  
	361	  250.131287	  154.825150	  196.550354  
	362	  155.313477	  165.567673	  104.878159  
	363	  187.962006	  243.878250	  269.289734  
	364	  161.485489	  280.665344	  115.617912  
	365	  160.790619	  243.225220	  348.916840  
	366	  178.447647	  99.474113	  344.932495  
	367	  220.303955	  256.890808	  184.934998  
	368	  274.801239	  160.877243	  335.630676  
	369	  68.431732	  174.799377	  48.878197  
	370	  224.649857	  215.280304	  409.283325  
	371	  275.864166	  118.749100	  356.701477  
	372	  129.068771	  134.879654	  188.673859  
	373	  34.118011	  72.976234	  132.134491  
	374	  142.588165	  139.303833	  431.100983  
	375	  116.416466	  141.679626	  290.720673  
	376	  75.261093	  160.413361	  117.242699  
	377	  257.876465	  225.079514	  301.236298  
	378	  180.326706	  211.538132	  223.316269  
	379	  252.245270	  224.803635	  325.817657  
	380	  32.595810	  133.069702	  269.079193  
	381	  39.085297	  99.480843	  420.377838  
	382	  26.722046	  131.129272	  57.834270  
	383	  261.052124	  178.987793	  65.195190  
	384	  207.984161	  49.238308	  348.271393  
	385	  137.040161	  204.032059	  203.007187  
	386	  137.181519	  83.719223	  366.064453  
	387	  162.242004	  147.106552	  340.650940  
	388	  231.275345	  159.767426	  292.981506  
	389	  214.374161	  186.773895	  276.940918  
	390	  72.234879	  170.757843	  288.740295  
	391	  203.467590	  197.730270	  327.362793  
	392	  204.270950	  200.232025	  132.927612  
	393	  243.745728	  165.925995	  484.422333  
	394	  180.257462	  151.018616	  255.971344  
	395	  139.096710	  202.800201	  188.184189  
	396	  99.000725	  127.414238	  395.328278  
	397	  96.097519	  102.945358	  113.375008  
	398	  244.252579	  218.836487	  149.790466  
	399	  90.932007	  65.805305	  409.513794  
	400	  80.395653	  94.817162	  412.810516  
	401	  181.459259	  199.853271	  84.115417  
	402	  75.971146	  69.355820	  469.448425  
	403	  75.048264	  115.782860	  61.858124  
	404	  24.664063	  112.516655	  409.869659  
	405	  201.466690	  109.609261	  342.316559  
	406	  96.440170	  234.072983	  7.976738  
	407	  209.303635	  85.948746	  325.619385  
	408	  60.920059	  108.035881	  151.140381  
	409	  67.458786	  209.942291	  247.162415  
	410	  128.928619	  225.515610	  138.291199  
	411	  176.752502	  116.897461	  172.752594  
	412	  180.116882	  217.561508	  233.035553  
	413	  230.972305	  76.114624	  104.859573  
	414	  195.287079	  223.982971	  439.877441  
	415	  272.695404	  95.747696	  450.946381  
	416	  40.584877	  80.833664	  331.253937  
	417	  137.096298	  230.260513	  40.070484  
	418	  267.141907	  208.685242	  265.783234  
	419	  176.974777	  170.326691	  357.002472  
	420	  171.524414	  34.487091	  217.812851  
	421	  234.784332	  230.294418	  386.135284  
	422	  52.152290	  136.451630	  299.698059  
	423	  35.355118	  165.251190	  164.881012  
	424	  194.925446	  252.954590	  109.808517  
	425	  117.684937	  250.108841	  221.030701  
	426	  131.237976	  61.272972	  444.893524  
	427	  150.023834	  117.116341	  434.399506  
	428	  34.601395	  152.225983	  447.841675  
	429	  259.133972	  144.564484	  206.084106  
	430	  152.016251	  155.477844	  118.210083  
	431	  187.215515	  260.500244	  269.901733  
	432	  162.545105	  227.243271	  348.069977  
	433	  167.585678	  87.741173	  340.287262  
	434	  205.022247	  259.007996	  191.196716  
	435	  28.544525	  153.245819	  329.684540  
	436	  58.733261	  188.297012	  47.890251  
	437	  227.168304	  228.321091	  419.324127  
	438	  24.360992	  105.765465	  350.401947  
	439	  130.414291	  126.813171	  174.170624  
	440	  33.930183	  89.619797	  132.557693  
	441	  151.970963	  150.685043	  438.824554  
	442	  129.778915	  148.106506	  301.222351  
	443	  70.348824	  176.097382	  114.577446  
	444	  142.875824	  7.512695	  300.030243  
	445	  174.371475	  224.464615	  231.957092  
	446	  268.394592	  222.430618	  322.532715  
	447	  276.550018	  128.194550	  264.244965  
	448	  24.629129	  105.458839	  424.085175  
	449	  279.749634	  146.300858	  56.796474  
	450	  275.208618	  173.265091	  55.690781  
	451	  194.656723	  54.693981	  342.241455  
	452	  151.694901	  207.962311	  196.150482  
	453	  147.973206	  71.580673	  362.401428  
	454	  149.955124	  138.317795	  333.650024  
	455	  240.106079	  148.852676	  284.031158  
	456	  75.469788	  184.738022	  297.184967  
	457	  191.168793	  202.533417	  317.219238  
	458	  197.589584	  211.759308	  142.912781  
	459	  258.324615	  158.205551	  486.674713  
	460	  169.717773	  139.236267	  261.197601  
	461	  140.194672	  219.397705	  187.449387  
	462	  89.543343	  141.017197	  396.983612  
	463	  106.223900	  88.306808	  116.399803  
	464	  247.430893	  214.160736	  134.129745  
	465	  71.672844	  108.908363	  411.221283  
	466	  173.313141	  207.083694	  98.661514  
	467	  68.774933	  83.691757	  473.911377  
	468	  72.254265	  100.249306	  59.904270  
	469	  40.679070	  111.744690	  413.863861  
	470	  216.895874	  111.106911	  337.080688  
	471	  205.474777	  204.776077	  173.314041  
	472	  210.713531	  256.462982	  341.976013  
	473	  113.897491	  194.835266	  205.334885  
	474	  27.898773	  219.884995	  172.523270  
	475	  277.185272	  140.364044	  325.661133  
	476	  261.339569	  174.799438	  126.662201  
	477	  63.545311	  59.410156	  401.897430  
	478	  271.231293	  161.017197	  137.152954  
	479	  175.455734	  173.178696	  426.791351  
	480	  228.757111	  197.731857	  385.734406  
	481	  209.262527	  248.123398	  432.487396  
	482	  35.717758	  93.805428	  349.101563  
	483	  89.810905	  44.489044	  95.744209  
	484	  118.826012	  136.105545	  281.077515  
	485	  95.545761	  250.396515	  11.133460  
	486	  205.370132	  97.497414	  314.288971  
	487	  65.116829	  92.490158	  146.904800  
	488	  56.063911	  213.704712	  258.704651  
	489	  144.315842	  234.060349	  134.750229  
	490	  184.079620	  112.125778	  158.261078  
	491	  189.552490	  218.361450	  219.340591  
	492	  217.331375	  85.134109	  101.729660  
	493	  189.955414	  208.244110	  440.918640  
	494	  270.209290	  95.797844	  467.409637  
	495	  49.567062	  66.821808	  331.712921  
	496	  133.366638	  214.033752	  40.003498  
	497	  252.413239	  215.342545	  269.779388  
	498	  185.636597	  175.778336	  343.869507  
	499	  182.991882	  29.623856	  228.861328  
	500	  239.594406	  214.463013	  387.297882  
	501	  66.125847	  137.592331	  289.156006  
	503	  183.675980	  241.403778	  115.872948  
	504	  120.088280	  261.222717	  234.488403  
	505	  128.493073	  50.871323	  432.185516  
	506	  141.556137	  102.791046	  434.953217  
	507	  20.606491	  160.142548	  452.165222  
	508	  267.506226	  132.609268	  214.096634  
	509	  147.564789	  149.920441	  132.948242  
	510	  186.375778	  276.904114	  267.175781  
	511	  166.091568	  210.987000	  352.519257  
	512	  157.573318	  74.471664	  339.341003  
	513	  192.180664	  261.605957	  201.471283  
	514	  38.044609	  147.140381	  317.449554  
	515	  49.144470	  201.832428	  46.451572  
	516	  229.945282	  237.426025	  432.984680  
	517	  128.453812	  121.590782	  158.482864  
	518	  30.434776	  105.880074	  133.337402  
	519	  157.934219	  165.747864	  442.668182  
	520	  142.632217	  154.823181	  309.401672  
	521	  61.440323	  189.597443	  110.626587  
	522	  155.285019	  17.022064	  294.302582  
	523	  171.217194	  236.927017	  242.538284  
	524	  24.436218	  222.697723	  317.438354  
	525	  263.250549	  120.687790	  259.178223  
	526	  278.978210	  162.388474	  53.005939  
	527	  24.674072	  169.050568	  44.835068  
	528	  178.348953	  56.796021	  335.894806  
	529	  165.537766	  216.593674	  192.935577  
	530	  157.540619	  59.671726	  354.828979  
	531	  141.421906	  129.242767	  322.602386  
	532	  252.386490	  139.476639	  277.825989  
	533	  81.141296	  198.607529	  304.444000  
	534	  178.211151	  206.152420	  307.409821  
	535	  191.896622	  224.242416	  152.345947  
	536	  273.500793	  151.568939	  488.366364  
	537	  161.164902	  126.928665	  268.449768  
	538	  143.568069	  235.319397	  183.936188  
	539	  78.555901	  153.252533	  394.376862  
	540	  114.714569	  74.822952	  121.228539  
	541	  248.527252	  211.223541	  117.849945  
	542	  164.579376	  209.229233	  111.145569  
	543	  63.615959	  96.938675	  482.578949  
	544	  75.451340	  84.686417	  54.924549  
	545	  232.618973	  109.336494	  341.247986  
	546	  214.919861	  217.375320	  178.724396  
	547	  209.052780	  254.395294	  325.538574  
	548	  152.396133	  9.936752	  177.153351  
	549	  28.788483	  134.061005	  336.019104  
	550	  278.862030	  172.892548	  127.026093  
	551	  186.214554	  272.737640	  411.312103  
	552	  269.233459	  144.496399	  136.610580  
	553	  178.044998	  188.260513	  420.426819  
	554	  218.684647	  206.444107	  375.741150  
	555	  217.431335	  254.550705	  419.480377  
	556	  41.124817	  86.162018	  363.036530  
	557	  105.146935	  47.470139	  89.987320  
	558	  118.706245	  126.800583	  267.270782  
	559	  278.420898	  163.889160	  211.407303  
	560	  195.723907	  175.239838	  270.299622  
	561	  48.238701	  156.158188	  183.826202  
	562	  197.901245	  142.708038	  352.738892  
	563	  89.495354	  113.587982	  120.534752  
	564	  118.132690	  29.669195	  157.039398  
	566	  114.688652	  150.719528	  199.079498  
	567	  157.854416	  268.363892	  122.051842  
	568	  172.034348	  221.761139	  104.917053  
	569	  86.623550	  115.588181	  288.085114  
	570	  213.737061	  185.529755	  229.389618  
	573	  93.337929	  266.896698	  10.830028  
	574	  200.785797	  112.834618	  309.708954  
	575	  74.145714	  79.335403	  142.145172  
	576	  45.166733	  218.719101	  270.251495  
	577	  156.612259	  242.847824	  139.972595  
	578	  193.180008	  106.645500	  145.440308  
	579	  195.025986	  219.231216	  203.698776  
	580	  204.369232	  93.019455	  94.872078  
	581	  180.716400	  194.532715	  438.953674  
	582	  264.303314	  90.329140	  481.984802  
	583	  61.786640	  55.538952	  331.356171  
	584	  127.335945	  198.669678	  42.194069  
	585	  237.962326	  219.592636	  276.873779  
	586	  190.221848	  179.490601	  328.299744  
	587	  189.852051	  24.994820	  243.308899  
	588	  241.865112	  197.986862	  386.521576  
	589	  82.487015	  137.412384	  286.073425  
	590	  55.087158	  165.955673	  191.386993  
	591	  124.181831	  271.510559	  245.671906  
	592	  122.473412	  40.381310	  420.742371  
	593	  133.470154	  88.248413	  434.360504  
	594	  267.236023	  169.847870	  455.225800  
	595	  276.045319	  121.169922	  222.666809  
	596	  145.753555	  138.358612	  144.791641  
	597	  52.769180	  68.107094	  266.188263  
	598	  164.356720	  198.543610	  363.416077  
	599	  148.187683	  62.120369	  333.293060  
	600	  181.893753	  267.154541	  213.199753  
	601	  40.008064	  215.585831	  44.308598  
	602	  230.655045	  244.352798	  448.108795  
	603	  129.106445	  115.363251	  143.055145  
	604	  27.459503	  121.799324	  137.203644  
	605	  161.651016	  180.912415	  448.451263  
	606	  152.329147	  167.528580	  314.066956  
	607	  48.823395	  199.377701	  105.895630  
	608	  167.193207	  25.398376	  286.224518  
	609	  165.468399	  250.778061	  249.771713  
	610	  39.362305	  225.408264	  310.576324  
	611	  248.138947	  114.230843	  256.500580  
	612	  35.431122	  160.526840	  35.408806  
	613	  163.650894	  56.008179	  328.112213  
	614	  179.465149	  223.770523	  198.501663  
	615	  171.281723	  52.872208	  349.825073  
	616	  133.469849	  121.567398	  310.149994  
	617	  263.514618	  130.993149	  268.802795  
	618	  87.776718	  211.317230	  312.909058  
	619	  164.035309	  211.850739	  300.791901  
	620	  184.527313	  235.226257	  162.458862  
	621	  29.541077	  146.543076	  489.264984  
	622	  148.932022	  117.390274	  274.499420  
	623	  147.845230	  251.367737	  182.761871  
	624	  63.813896	  159.202515	  389.427765  
	625	  121.319870	  60.485046	  126.521629  
	626	  244.641327	  201.376480	  105.151848  
	627	  153.362366	  214.075165	  122.455650  
	628	  55.627151	  109.613960	  489.841064  
	629	  79.880280	  69.158768	  50.862625  
	630	  247.653564	  102.525810	  343.438477  
	631	  222.757462	  230.138885	  185.996643  
	632	  209.595490	  247.826935	  310.248566  
	633	  142.475800	  21.286110	  184.208405  
	634	  38.406883	  125.152840	  346.283295  
	635	  34.071564	  170.624710	  125.466431  
	636	  183.805573	  257.195496	  416.776672  
	637	  263.488251	  130.361893	  129.944946  
	638	  178.442322	  197.741547	  406.839142  
	639	  205.890045	  215.394730	  369.961243  
	640	  121.366852	  45.794716	  86.621338  
	641	  23.781799	  179.213333	  207.447693  
	642	  196.799484	  164.535248	  283.006989  
	643	  113.044640	  40.483528	  145.581879  
	644	  99.826118	  155.665771	  194.162766  
	645	  156.340668	  252.598480	  127.188278  
	646	  208.254364	  199.898880	  233.478394  
	648	  157.788010	  201.029663	  179.436203  
	649	  103.032257	  143.847214	  211.911194  
	650	  46.896057	  207.853241	  135.754166  
	651	  144.413727	  162.820816	  248.552750  
	652	  117.121017	  161.492218	  21.114237  
	653	  218.201279	  165.663742	  186.793762  
	654	  172.147552	  219.559448	  269.949249  
	655	  227.917969	  209.941391	  277.529572  
	656	  44.359924	  121.760323	  179.223938  
	657	  112.996147	  224.471817	  141.170013  
	658	  139.631668	  272.313934	  102.219589  
	659	  157.584946	  153.418579	  375.379852  
	660	  234.566971	  165.125031	  202.004852  
	661	  251.698990	  230.513596	  289.504578  
	662	  206.958054	  58.141151	  334.986328  
	663	  60.175995	  112.978844	  64.095078  
	664	  110.814148	  262.262726	  245.878860  
	665	  27.826324	  182.993042	  122.851944  
	666	  174.968842	  233.923462	  112.757957  
	667	  213.659409	  186.134537	  211.344650  
	668	  92.263054	  283.378540	  8.728642  
	669	  197.160782	  126.442795	  300.826416  
	670	  86.418922	  68.162117	  140.822876  
	671	  32.272015	  219.199921	  280.773743  
	672	  169.437073	  253.459167	  139.590363  
	673	  200.261902	  101.591103	  131.244461  
	674	  204.582642	  212.092972	  192.161987  
	675	  191.210403	  96.512352	  85.287338  
	676	  175.126144	  178.984100	  436.901337  
	677	  259.707428	  84.527321	  496.899200  
	678	  68.337189	  41.924271	  324.393494  
	679	  117.801704	  185.026459	  41.765705  
	680	  222.353607	  220.783661	  282.545776  
	681	  192.630371	  185.532181	  312.972626  
	682	  193.418579	  20.612549	  258.970886  
	683	  67.444328	  176.233826	  195.732391  
	684	  135.283478	  280.325745	  254.405090  
	685	  117.445778	  28.871986	  409.811646  
	686	  126.141037	  73.610542	  437.400146  
	687	  255.599899	  181.730209	  456.021667  
	688	  284.797302	  111.563194	  233.075272  
	689	  140.529556	  132.127182	  159.320984  
	690	  43.587326	  81.689575	  263.284393  
	691	  158.405518	  188.403137	  375.204895  
	692	  137.862595	  55.365639	  322.113220  
	693	  180.818970	  270.242035	  229.431717  
	694	  30.246738	  228.931122	  42.348488  
	695	  226.303177	  248.944199	  463.510193  
	696	  128.754227	  108.718620	  127.792534  
	697	  27.857807	  138.419754	  136.295151  
	698	  167.881363	  194.195557	  456.322968  
	699	  161.117050	  181.595047	  315.526337  
	700	  33.734497	  203.432449	  100.141785  
	701	  179.444183	  34.010303	  278.946411  
	702	  162.610413	  266.657593	  253.882080  
	703	  50.921661	  230.040665	  299.524414  
	704	  232.780075	  109.471283	  252.179214  
	705	  41.594753	  150.321716	  23.786083  
	706	  151.393112	  56.672714	  316.863770  
	707	  190.455093	  235.830948	  201.816696  
	708	  182.218597	  40.633892	  347.026733  
	709	  119.455696	  115.254921	  303.749603  
	710	  96.317047	  223.815094	  319.843658  
	711	  148.921432	  214.971420	  294.542511  
	712	  180.344543	  248.921249	  170.954407  
	713	  46.134682	  147.497681	  490.246552  
	714	  136.323502	  109.013435	  281.433105  
	715	  150.469223	  267.175903	  178.240952  
	716	  51.477692	  164.701370	  379.691071  
	717	  125.757553	  46.360199	  134.138596  
	718	  238.565201	  200.558884	  89.722214  
	719	  141.540512	  215.312576	  134.114761  
	720	  45.303642	  119.912926	  497.877167  
	721	  84.173965	  53.235065	  48.577366  
	722	  263.234467	  96.657028	  343.314911  
	723	  229.599930	  243.973068	  192.243134  
	724	  213.154602	  236.177383	  298.897644  
	725	  49.118126	  114.397537	  353.125458  
	726	  50.084984	  169.272217	  121.111710  
	727	  175.873672	  243.054749	  420.564392  
	728	  254.069458	  117.310104	  125.683540  
	729	  175.370972	  206.655807	  393.115967  
	730	  196.611389	  224.618881	  359.663483  
	731	  137.877930	  47.859001	  87.208946  
	732	  32.848331	  192.121140	  202.117676  
	733	  202.023529	  155.970901	  296.295471  
	734	  110.085800	  50.821728	  132.870102  
	735	  83.450089	  158.596161	  194.841736  
	736	  201.792480	  214.253021	  238.902878  
	737	  74.457382	  135.726044	  238.524719  
	738	  151.295547	  214.699097	  186.380035  
	739	  39.197701	  195.774689	  126.039719  
	740	  134.933777	  165.331848	  262.008148  
	741	  125.996834	  174.614960	  26.080462  
	742	  224.081314	  155.299576	  198.422684  
	743	  158.194534	  220.564087	  278.978455  
	744	  230.640106	  218.326324	  263.404938  
	745	  37.388046	  113.596603	  191.950653  
	746	  155.569656	  267.861389	  100.381668  
	747	  228.109314	  168.747971	  216.917786  
	748	  246.247421	  238.599182	  276.009155  
	749	  218.067001	  58.708527	  322.597137  
	750	  105.010605	  263.536163	  261.432617  
	751	  41.213448	  191.671783	  118.088852  
	752	  90.870224	  118.702141	  166.011124  
	753	  200.817215	  177.414963	  212.383270  
	754	  164.376053	  140.979111	  231.969086  
	755	  249.948929	  222.040665	  164.014648  
	756	  96.589790	  156.499146	  214.308929  
	757	  96.677704	  168.388626	  228.659485  
	758	  120.119911	  200.296463	  217.062027  
	759	  33.969025	  71.659225	  96.477020  
	760	  182.966553	  183.492737	  218.460907  
	761	  215.207535	  187.370682	  66.602257  
	762	  163.374283	  124.983841	  169.934830  
	763	  156.760193	  140.237671	  120.313286  
	764	  150.890060	  235.858063	  341.454681  
	765	  160.535995	  45.866722	  361.666565  
	766	  123.907608	  20.171696	  145.886612  
   2  total number of boundary nodes
node bctyp press/flow   HD    PO2
	1	  0	  100.000000	  0.400000	  100.000000
	14	  0	  20.000000	  0.400000	  18.000000

