314222 9 0.450000 Current network file generated by angioadapt
  300.000000  300.000000  500.000000	box dimensions in microns
  15    15    25 	number of tissue points in x,y,z directions
  0.000000			outer bound distance (100. in test case)
  75.000000				max. segment length.  (5. in test case)
   40				nodsegm, max. number of segments per node
  384				total number of segments 
  name type from  to  diam       flow
	1	  4	  1	  2	  7.000000	  16.201319	  0.400000  
	2	  3	  2	  3	  5.933341	  16.201319	  0.400000  
	3	  5	  3	  4	  7.340942	  8.759139	  0.359075  
	4	  5	  4	  5	  7.374251	  8.759139	  0.359075  
	5	  5	  5	  26	  7.394675	  8.759139	  0.359075  
	6	  5	  6	  7	  7.441302	  8.759139	  0.359075  
	7	  5	  7	  79	  7.467029	  8.759139	  0.359075  
	8	  5	  8	  50	  7.060872	  4.457176	  0.367386  
	9	  1	  9	  37	  8.000000	  0.000000	  0.400000  
	12	  5	  3	  56	  5.349010	  7.442179	  0.448167  
	13	  5	  56	  132	  5.462201	  7.442179	  0.448167  
	14	  4	  14	  15	  16.000000	  -16.201319	  0.400000  
	15	  3	  15	  16	  7.219151	  -16.201319	  0.400000  
	16	  5	  16	  39	  6.505444	  -7.099510	  0.420098  
	17	  5	  17	  133	  7.686980	  -8.759139	  0.359075  
	18	  5	  18	  58	  7.657834	  -8.759139	  0.359075  
	21	  5	  21	  80	  7.092748	  -3.176436	  0.257764  
	22	  1	  22	  59	  8.000000	  0.000000	  0.400000  
	23	  1	  23	  28	  8.000000	  0.000000	  0.400000  
	24	  1	  24	  40	  8.000000	  0.000000	  0.400000  
	26	  5	  20	  389	  7.625715	  -8.759139	  0.359075  
	27	  1	  28	  24	  8.000000	  0.000000	  0.400000  
	28	  1	  12	  29	  8.000000	  0.000000	  0.000000  
	29	  1	  25	  30	  8.000000	  0.000000	  0.000000  
	31	  5	  20	  32	  8.000000	  0.000000	  0.000000  
	32	  1	  21	  33	  8.000000	  0.000000	  0.000000  
	33	  1	  23	  34	  8.000000	  0.000000	  0.000000  
	34	  1	  28	  35	  8.000000	  0.000000	  0.000000  
	35	  1	  50	  9	  8.000000	  0.000000	  0.400000  
	37	  5	  38	  16	  6.278301	  9.101809	  0.384323  
	38	  5	  39	  17	  7.700179	  -8.759139	  0.359075  
	39	  1	  40	  25	  8.000000	  0.000000	  0.400000  
	40	  5	  41	  21	  7.107069	  -3.176436	  0.257764  
	41	  1	  29	  42	  8.000000	  0.000000	  0.000000  
	42	  1	  30	  43	  8.000000	  0.000000	  0.000000  
	43	  1	  26	  44	  8.000000	  0.000000	  0.000000  
	44	  1	  32	  45	  8.000000	  0.000000	  0.000000  
	45	  1	  33	  46	  8.000000	  0.000000	  0.000000  
	46	  1	  34	  47	  8.000000	  0.000000	  0.000000  
	47	  1	  35	  48	  8.000000	  0.000000	  0.000000  
	48	  1	  7	  49	  8.000000	  0.000000	  0.000000  
	50	  1	  37	  10	  8.000000	  0.000000	  0.000000  
	51	  5	  38	  52	  5.773796	  -1.659629	  0.098033  
	52	  5	  39	  53	  5.842132	  1.659629	  0.098033  
	54	  5	  41	  55	  7.339716	  -5.582703	  0.416719  
	57	  5	  58	  19	  7.643989	  -8.759139	  0.359075  
	58	  1	  59	  23	  8.000000	  0.000000	  0.400000  
	59	  1	  42	  60	  8.000000	  0.000000	  0.000000  
	61	  1	  44	  62	  8.000000	  0.000000	  0.000000  
	62	  1	  45	  63	  8.000000	  0.000000	  0.000000  
	63	  1	  46	  64	  8.000000	  0.000000	  0.000000  
	64	  1	  47	  65	  8.000000	  0.000000	  0.000000  
	65	  1	  48	  66	  8.000000	  0.000000	  0.000000  
	66	  1	  49	  67	  8.000000	  0.000000	  0.000000  
	67	  5	  50	  68	  7.533357	  8.759139	  0.359075  
	68	  1	  10	  336	  8.000000	  0.000000	  0.400000  
	70	  5	  52	  70	  5.794828	  -1.659629	  0.098033  
	71	  5	  53	  70	  5.827975	  1.659629	  0.098033  
	72	  1	  40	  72	  8.000000	  0.000000	  0.000000  
	73	  5	  55	  73	  7.331381	  -5.582703	  0.416719  
	74	  1	  56	  74	  8.000000	  0.000000	  0.000000  
	75	  5	  58	  75	  8.000000	  0.000000	  0.000000  
	76	  5	  19	  76	  7.587310	  -3.379128	  0.267168  
	77	  1	  59	  77	  8.000000	  0.000000	  0.000000  
	78	  1	  29	  78	  8.000000	  0.000000	  0.000000  
	79	  5	  79	  8	  7.036181	  4.457176	  0.367386  
	80	  1	  80	  22	  8.000000	  0.000000	  0.400000  
	81	  1	  60	  81	  8.000000	  0.000000	  0.000000  
	83	  1	  62	  83	  8.000000	  0.000000	  0.000000  
	84	  1	  63	  84	  8.000000	  0.000000	  0.000000  
	85	  1	  64	  85	  8.000000	  0.000000	  0.000000  
	86	  1	  65	  86	  8.000000	  0.000000	  0.000000  
	87	  1	  66	  87	  8.000000	  0.000000	  0.000000  
	88	  1	  67	  88	  8.000000	  0.000000	  0.000000  
	89	  5	  68	  89	  7.541616	  8.759139	  0.359075  
	92	  1	  72	  91	  8.000000	  0.000000	  0.000000  
	94	  1	  74	  93	  8.000000	  0.000000	  0.000000  
	95	  1	  75	  94	  8.000000	  0.000000	  0.000000  
	96	  5	  76	  95	  7.478241	  -2.484295	  0.324777  
	97	  1	  77	  96	  8.000000	  0.000000	  0.000000  
	98	  1	  78	  97	  8.000000	  0.000000	  0.000000  
	99	  5	  79	  98	  7.109620	  4.301962	  0.350465  
	100	  5	  80	  99	  7.075594	  -3.176436	  0.257764  
	102	  1	  35	  101	  8.000000	  0.000000	  0.000000  
	103	  5	  102	  20	  7.639948	  -8.759139	  0.359075  
	104	  1	  81	  103	  8.000000	  0.000000	  0.000000  
	106	  1	  83	  105	  8.000000	  0.000000	  0.000000  
	107	  1	  84	  106	  8.000000	  0.000000	  0.000000  
	108	  1	  85	  107	  8.000000	  0.000000	  0.000000  
	109	  1	  86	  108	  8.000000	  0.000000	  0.000000  
	110	  1	  87	  109	  8.000000	  0.000000	  0.000000  
	111	  1	  88	  110	  8.000000	  0.000000	  0.000000  
	112	  5	  89	  111	  7.549074	  8.759139	  0.359075  
	114	  1	  91	  113	  8.000000	  0.000000	  0.000000  
	115	  5	  92	  114	  7.587448	  -8.759139	  0.359075  
	116	  1	  93	  115	  8.000000	  0.000000	  0.000000  
	117	  1	  94	  116	  8.000000	  0.000000	  0.000000  
	118	  5	  95	  117	  7.213461	  0.894833	  0.107230  
	119	  1	  96	  118	  8.000000	  0.000000	  0.000000  
	120	  1	  97	  119	  8.000000	  0.000000	  0.000000  
	121	  1	  98	  120	  8.000000	  0.000000	  0.000000  
	122	  5	  99	  121	  6.842603	  -1.395521	  0.232989  
	123	  5	  26	  122	  8.000000	  0.000000	  0.000000  
	124	  1	  101	  123	  8.000000	  0.000000	  0.000000  
	125	  1	  5	  124	  8.000000	  0.000000	  0.000000  
	126	  5	  50	  125	  7.103203	  -4.301962	  0.350465  
	127	  1	  12	  336	  8.000000	  0.000000	  0.000000  
	128	  1	  102	  127	  8.000000	  0.000000	  0.000000  
	130	  1	  60	  129	  8.000000	  0.000000	  0.000000  
	131	  1	  68	  130	  8.000000	  0.000000	  0.000000  
	132	  5	  75	  131	  8.000000	  0.000000	  0.000000  
	133	  5	  132	  38	  5.597312	  7.442179	  0.448167  
	134	  5	  133	  18	  7.670870	  -8.759139	  0.359075  
	135	  5	  26	  6	  7.413464	  8.759139	  0.359075  
	136	  1	  103	  135	  8.000000	  0.000000	  0.000000  
	138	  1	  105	  137	  8.000000	  0.000000	  0.000000  
	139	  1	  106	  138	  8.000000	  0.000000	  0.000000  
	140	  1	  107	  139	  8.000000	  0.000000	  0.000000  
	141	  1	  108	  140	  8.000000	  0.000000	  0.000000  
	142	  1	  109	  141	  8.000000	  0.000000	  0.000000  
	143	  1	  110	  142	  8.000000	  0.000000	  0.000000  
	144	  1	  111	  143	  8.000000	  0.000000	  0.000000  
	146	  1	  113	  145	  8.000000	  0.000000	  0.000000  
	147	  5	  114	  146	  7.579042	  -8.759139	  0.359075  
	148	  1	  115	  147	  8.000000	  0.000000	  0.000000  
	149	  1	  116	  148	  8.000000	  0.000000	  0.000000  
	150	  1	  117	  149	  8.000000	  0.000000	  0.000000  
	151	  1	  118	  150	  8.000000	  0.000000	  0.000000  
	152	  1	  119	  151	  8.000000	  0.000000	  0.000000  
	153	  1	  120	  152	  8.000000	  0.000000	  0.000000  
	154	  5	  121	  73	  6.818888	  -1.395521	  0.232989  
	155	  1	  122	  153	  8.000000	  0.000000	  0.000000  
	156	  1	  123	  154	  8.000000	  0.000000	  0.000000  
	157	  1	  124	  155	  8.000000	  0.000000	  0.000000  
	158	  5	  125	  156	  7.140409	  -4.301962	  0.350465  
	160	  1	  127	  157	  8.000000	  0.000000	  0.000000  
	161	  1	  40	  158	  8.000000	  0.000000	  0.000000  
	162	  1	  129	  159	  8.000000	  0.000000	  0.000000  
	163	  1	  130	  160	  8.000000	  0.000000	  0.000000  
	164	  5	  131	  161	  8.000000	  0.000000	  0.000000  
	165	  1	  132	  162	  8.000000	  0.000000	  0.000000  
	166	  1	  133	  163	  8.000000	  0.000000	  0.000000  
	168	  1	  30	  40	  8.000000	  0.000000	  0.000000  
	169	  1	  47	  165	  8.000000	  0.000000	  0.000000  
	170	  1	  43	  166	  8.000000	  0.000000	  0.000000  
	171	  1	  73	  167	  8.000000	  0.000000	  0.000000  
	172	  1	  78	  168	  8.000000	  0.000000	  0.000000  
	173	  1	  62	  169	  8.000000	  0.000000	  0.000000  
	174	  5	  76	  170	  7.295197	  -0.894833	  0.107230  
	175	  1	  87	  171	  8.000000	  0.000000	  0.000000  
	176	  5	  19	  219	  7.484743	  -5.380011	  0.416802  
	177	  1	  135	  173	  8.000000	  0.000000	  0.000000  
	178	  1	  137	  174	  8.000000	  0.000000	  0.000000  
	179	  1	  138	  175	  8.000000	  0.000000	  0.000000  
	180	  1	  139	  176	  8.000000	  0.000000	  0.000000  
	181	  1	  140	  177	  8.000000	  0.000000	  0.000000  
	182	  1	  141	  178	  8.000000	  0.000000	  0.000000  
	183	  1	  142	  179	  8.000000	  0.000000	  0.000000  
	184	  1	  143	  180	  8.000000	  0.000000	  0.000000  
	186	  1	  145	  182	  8.000000	  0.000000	  0.000000  
	187	  5	  146	  183	  7.570782	  -8.759139	  0.359075  
	188	  1	  147	  184	  8.000000	  0.000000	  0.000000  
	189	  1	  148	  185	  8.000000	  0.000000	  0.000000  
	190	  1	  149	  186	  8.000000	  0.000000	  0.000000  
	191	  1	  150	  187	  8.000000	  0.000000	  0.000000  
	192	  1	  151	  188	  8.000000	  0.000000	  0.000000  
	193	  1	  152	  189	  8.000000	  0.000000	  0.000000  
	194	  1	  153	  190	  8.000000	  0.000000	  0.000000  
	195	  1	  154	  191	  8.000000	  0.000000	  0.000000  
	196	  1	  155	  192	  8.000000	  0.000000	  0.000000  
	197	  5	  156	  98	  7.124418	  -4.301962	  0.350465  
	198	  1	  157	  193	  8.000000	  0.000000	  0.000000  
	199	  1	  158	  194	  8.000000	  0.000000	  0.000000  
	200	  1	  159	  195	  8.000000	  0.000000	  0.000000  
	201	  1	  160	  196	  8.000000	  0.000000	  0.000000  
	202	  5	  161	  197	  8.000000	  0.000000	  0.000000  
	203	  1	  162	  198	  8.000000	  0.000000	  0.000000  
	204	  1	  163	  199	  8.000000	  0.000000	  0.000000  
	205	  1	  26	  200	  8.000000	  0.000000	  0.000000  
	206	  1	  165	  201	  8.000000	  0.000000	  0.000000  
	207	  1	  166	  202	  8.000000	  0.000000	  0.000000  
	208	  1	  167	  203	  8.000000	  0.000000	  0.000000  
	209	  1	  168	  204	  8.000000	  0.000000	  0.000000  
	210	  1	  169	  205	  8.000000	  0.000000	  0.000000  
	211	  5	  170	  206	  7.282181	  -0.894833	  0.107230  
	212	  1	  171	  207	  8.000000	  0.000000	  0.000000  
	213	  1	  19	  208	  8.000000	  0.000000	  0.000000  
	214	  1	  42	  209	  8.000000	  0.000000	  0.000000  
	215	  1	  94	  210	  8.000000	  0.000000	  0.000000  
	216	  1	  94	  211	  8.000000	  0.000000	  0.000000  
	217	  5	  117	  212	  7.237294	  0.894833	  0.107230  
	219	  5	  111	  213	  7.556585	  8.759139	  0.359075  
	220	  1	  113	  214	  8.000000	  0.000000	  0.000000  
	222	  5	  122	  216	  8.000000	  0.000000	  0.000000  
	225	  5	  219	  102	  7.647570	  -8.759139	  0.359075  
	226	  1	  173	  220	  8.000000	  0.000000	  0.000000  
	227	  1	  174	  221	  8.000000	  0.000000	  0.000000  
	228	  1	  175	  222	  8.000000	  0.000000	  0.000000  
	229	  1	  176	  223	  8.000000	  0.000000	  0.000000  
	230	  1	  177	  224	  8.000000	  0.000000	  0.000000  
	231	  1	  178	  225	  8.000000	  0.000000	  0.000000  
	232	  1	  179	  226	  8.000000	  0.000000	  0.000000  
	233	  1	  180	  227	  8.000000	  0.000000	  0.000000  
	234	  1	  182	  228	  8.000000	  0.000000	  0.000000  
	235	  5	  183	  213	  7.563617	  -8.759139	  0.359075  
	236	  1	  184	  229	  8.000000	  0.000000	  0.000000  
	237	  1	  185	  230	  8.000000	  0.000000	  0.000000  
	238	  1	  186	  231	  8.000000	  0.000000	  0.000000  
	239	  1	  187	  232	  8.000000	  0.000000	  0.000000  
	240	  1	  188	  233	  8.000000	  0.000000	  0.000000  
	241	  1	  189	  234	  8.000000	  0.000000	  0.000000  
	242	  1	  190	  235	  8.000000	  0.000000	  0.000000  
	243	  1	  191	  236	  8.000000	  0.000000	  0.000000  
	244	  1	  192	  237	  8.000000	  0.000000	  0.000000  
	245	  1	  193	  238	  8.000000	  0.000000	  0.000000  
	246	  1	  194	  239	  8.000000	  0.000000	  0.000000  
	247	  1	  195	  240	  8.000000	  0.000000	  0.000000  
	248	  1	  196	  241	  8.000000	  0.000000	  0.000000  
	249	  5	  197	  242	  8.000000	  0.000000	  0.000000  
	250	  1	  198	  243	  8.000000	  0.000000	  0.000000  
	251	  1	  199	  244	  8.000000	  0.000000	  0.000000  
	252	  1	  200	  245	  8.000000	  0.000000	  0.000000  
	253	  1	  201	  246	  8.000000	  0.000000	  0.000000  
	254	  1	  202	  247	  8.000000	  0.000000	  0.000000  
	255	  1	  203	  248	  8.000000	  0.000000	  0.000000  
	256	  1	  204	  249	  8.000000	  0.000000	  0.000000  
	257	  1	  205	  250	  8.000000	  0.000000	  0.000000  
	258	  1	  206	  251	  8.000000	  0.000000	  0.000000  
	259	  1	  207	  252	  8.000000	  0.000000	  0.000000  
	260	  1	  208	  253	  8.000000	  0.000000	  0.000000  
	261	  1	  209	  254	  8.000000	  0.000000	  0.000000  
	262	  1	  210	  255	  8.000000	  0.000000	  0.000000  
	263	  1	  211	  256	  8.000000	  0.000000	  0.000000  
	264	  5	  212	  206	  7.261540	  0.894833	  0.107230  
	265	  1	  213	  257	  8.000000	  0.000000	  0.000000  
	266	  1	  214	  258	  8.000000	  0.000000	  0.000000  
	268	  5	  216	  260	  8.000000	  0.000000	  0.000000  
	269	  1	  79	  261	  8.000000	  0.000000	  0.000000  
	270	  1	  336	  262	  8.000000	  0.000000	  0.000000  
	271	  5	  32	  263	  8.000000	  0.000000	  0.000000  
	272	  1	  59	  264	  8.000000	  0.000000	  0.000000  
	273	  5	  99	  265	  7.343027	  -1.780914	  0.277178  
	274	  1	  106	  266	  8.000000	  0.000000	  0.000000  
	275	  1	  120	  267	  8.000000	  0.000000	  0.000000  
	276	  1	  124	  268	  8.000000	  0.000000	  0.000000  
	278	  1	  119	  270	  8.000000	  0.000000	  0.000000  
	279	  1	  43	  271	  8.000000	  0.000000	  0.000000  
	280	  5	  219	  272	  7.570229	  3.379128	  0.267168  
	281	  1	  174	  273	  8.000000	  0.000000	  0.000000  
	282	  1	  143	  274	  8.000000	  0.000000	  0.000000  
	283	  1	  153	  275	  8.000000	  0.000000	  0.000000  
	284	  1	  170	  276	  8.000000	  0.000000	  0.000000  
	285	  1	  220	  277	  8.000000	  0.000000	  0.000000  
	286	  1	  221	  278	  8.000000	  0.000000	  0.000000  
	287	  1	  222	  279	  8.000000	  0.000000	  0.000000  
	288	  1	  223	  280	  8.000000	  0.000000	  0.000000  
	289	  1	  224	  281	  8.000000	  0.000000	  0.000000  
	290	  1	  225	  282	  8.000000	  0.000000	  0.000000  
	291	  1	  226	  283	  8.000000	  0.000000	  0.000000  
	292	  1	  227	  284	  8.000000	  0.000000	  0.000000  
	293	  1	  228	  285	  8.000000	  0.000000	  0.000000  
	294	  1	  229	  286	  8.000000	  0.000000	  0.000000  
	295	  1	  230	  287	  8.000000	  0.000000	  0.000000  
	296	  1	  231	  288	  8.000000	  0.000000	  0.000000  
	297	  1	  232	  289	  8.000000	  0.000000	  0.000000  
	298	  1	  233	  290	  8.000000	  0.000000	  0.000000  
	299	  1	  234	  291	  8.000000	  0.000000	  0.000000  
	300	  1	  235	  292	  8.000000	  0.000000	  0.000000  
	301	  1	  236	  293	  8.000000	  0.000000	  0.000000  
	302	  1	  237	  294	  8.000000	  0.000000	  0.000000  
	303	  1	  238	  295	  8.000000	  0.000000	  0.000000  
	304	  1	  239	  296	  8.000000	  0.000000	  0.000000  
	305	  1	  240	  297	  8.000000	  0.000000	  0.000000  
	306	  1	  241	  298	  8.000000	  0.000000	  0.000000  
	307	  5	  242	  299	  8.000000	  0.000000	  0.000000  
	308	  1	  243	  300	  8.000000	  0.000000	  0.000000  
	309	  1	  244	  301	  8.000000	  0.000000	  0.000000  
	310	  1	  245	  302	  8.000000	  0.000000	  0.000000  
	311	  1	  246	  303	  8.000000	  0.000000	  0.000000  
	312	  1	  247	  304	  8.000000	  0.000000	  0.000000  
	313	  1	  248	  305	  8.000000	  0.000000	  0.000000  
	314	  1	  249	  306	  8.000000	  0.000000	  0.000000  
	315	  1	  250	  307	  8.000000	  0.000000	  0.000000  
	316	  1	  251	  308	  8.000000	  0.000000	  0.000000  
	317	  1	  252	  309	  8.000000	  0.000000	  0.000000  
	318	  1	  253	  310	  8.000000	  0.000000	  0.000000  
	319	  1	  254	  311	  8.000000	  0.000000	  0.000000  
	320	  1	  255	  312	  8.000000	  0.000000	  0.000000  
	321	  1	  256	  313	  8.000000	  0.000000	  0.000000  
	322	  1	  257	  314	  8.000000	  0.000000	  0.000000  
	323	  1	  258	  315	  8.000000	  0.000000	  0.000000  
	324	  5	  260	  316	  8.000000	  0.000000	  0.000000  
	325	  1	  261	  317	  8.000000	  0.000000	  0.000000  
	326	  1	  262	  318	  8.000000	  0.000000	  0.000000  
	327	  1	  263	  319	  8.000000	  0.000000	  0.000000  
	328	  1	  264	  320	  8.000000	  0.000000	  0.000000  
	329	  5	  265	  73	  7.329449	  -1.780914	  0.277178  
	330	  1	  266	  321	  8.000000	  0.000000	  0.000000  
	331	  1	  267	  322	  8.000000	  0.000000	  0.000000  
	332	  1	  268	  323	  8.000000	  0.000000	  0.000000  
	333	  1	  270	  324	  8.000000	  0.000000	  0.000000  
	334	  1	  271	  325	  8.000000	  0.000000	  0.000000  
	335	  5	  272	  95	  7.575489	  3.379128	  0.267168  
	336	  1	  273	  326	  8.000000	  0.000000	  0.000000  
	337	  1	  274	  327	  8.000000	  0.000000	  0.000000  
	338	  1	  275	  328	  8.000000	  0.000000	  0.000000  
	339	  1	  276	  329	  8.000000	  0.000000	  0.000000  
	340	  1	  127	  330	  8.000000	  0.000000	  0.000000  
	341	  5	  263	  331	  8.000000	  0.000000	  0.000000  
	342	  1	  267	  332	  8.000000	  0.000000	  0.000000  
	343	  1	  272	  333	  8.000000	  0.000000	  0.000000  
	344	  5	  73	  92	  7.596924	  -8.759139	  0.359075  
	347	  0	  277	  337	  8.000000	  0.000000	  0.000000  
	348	  0	  278	  338	  8.000000	  0.000000	  0.000000  
	349	  0	  279	  339	  8.000000	  0.000000	  0.000000  
	350	  0	  280	  340	  8.000000	  0.000000	  0.000000  
	351	  0	  281	  341	  8.000000	  0.000000	  0.000000  
	352	  0	  282	  342	  8.000000	  0.000000	  0.000000  
	353	  0	  283	  343	  8.000000	  0.000000	  0.000000  
	354	  0	  284	  344	  8.000000	  0.000000	  0.000000  
	355	  0	  285	  345	  8.000000	  0.000000	  0.000000  
	356	  0	  286	  346	  8.000000	  0.000000	  0.000000  
	357	  0	  287	  347	  8.000000	  0.000000	  0.000000  
	358	  0	  288	  348	  8.000000	  0.000000	  0.000000  
	359	  1	  289	  178	  8.000000	  0.000000	  0.000000  
	360	  0	  290	  349	  8.000000	  0.000000	  0.000000  
	361	  0	  291	  350	  8.000000	  0.000000	  0.000000  
	362	  0	  292	  351	  8.000000	  0.000000	  0.000000  
	363	  0	  293	  352	  8.000000	  0.000000	  0.000000  
	364	  0	  294	  353	  8.000000	  0.000000	  0.000000  
	365	  0	  295	  354	  8.000000	  0.000000	  0.000000  
	366	  0	  296	  355	  8.000000	  0.000000	  0.000000  
	367	  0	  297	  356	  8.000000	  0.000000	  0.000000  
	368	  0	  298	  357	  8.000000	  0.000000	  0.000000  
	369	  5	  299	  316	  8.000000	  0.000000	  0.000000  
	370	  0	  300	  358	  8.000000	  0.000000	  0.000000  
	371	  0	  301	  359	  8.000000	  0.000000	  0.000000  
	372	  0	  302	  360	  8.000000	  0.000000	  0.000000  
	373	  0	  303	  361	  8.000000	  0.000000	  0.000000  
	374	  0	  304	  362	  8.000000	  0.000000	  0.000000  
	375	  0	  305	  363	  8.000000	  0.000000	  0.000000  
	376	  0	  306	  364	  8.000000	  0.000000	  0.000000  
	377	  0	  307	  365	  8.000000	  0.000000	  0.000000  
	378	  0	  308	  366	  8.000000	  0.000000	  0.000000  
	379	  0	  309	  367	  8.000000	  0.000000	  0.000000  
	380	  0	  310	  368	  8.000000	  0.000000	  0.000000  
	381	  0	  311	  369	  8.000000	  0.000000	  0.000000  
	382	  0	  312	  370	  8.000000	  0.000000	  0.000000  
	383	  0	  313	  371	  8.000000	  0.000000	  0.000000  
	384	  0	  314	  372	  8.000000	  0.000000	  0.000000  
	385	  0	  315	  373	  8.000000	  0.000000	  0.000000  
	386	  0	  316	  374	  8.000000	  0.000000	  0.000000  
	387	  0	  317	  375	  8.000000	  0.000000	  0.000000  
	388	  0	  318	  376	  8.000000	  0.000000	  0.000000  
	389	  0	  319	  377	  8.000000	  0.000000	  0.000000  
	390	  0	  320	  378	  8.000000	  0.000000	  0.000000  
	391	  0	  321	  379	  8.000000	  0.000000	  0.000000  
	392	  0	  322	  380	  8.000000	  0.000000	  0.000000  
	393	  0	  323	  381	  8.000000	  0.000000	  0.000000  
	394	  0	  324	  382	  8.000000	  0.000000	  0.000000  
	395	  0	  325	  383	  8.000000	  0.000000	  0.000000  
	396	  0	  326	  384	  8.000000	  0.000000	  0.000000  
	397	  0	  327	  385	  8.000000	  0.000000	  0.000000  
	398	  0	  328	  386	  8.000000	  0.000000	  0.000000  
	399	  0	  329	  387	  8.000000	  0.000000	  0.000000  
	400	  0	  330	  388	  8.000000	  0.000000	  0.000000  
	401	  5	  389	  41	  7.625715	  -8.759139	  0.359075  
	402	  5	  331	  389	  8.000000	  0.000000	  0.000000  
	403	  0	  332	  390	  8.000000	  0.000000	  0.000000  
	404	  0	  333	  391	  8.000000	  0.000000	  0.000000  
	405	  0	  40	  392	  8.000000	  0.000000	  0.000000  
	406	  0	  70	  393	  8.000000	  0.000000	  0.000000  
	407	  0	  73	  394	  8.000000	  0.000000	  0.000000  
	408	  0	  108	  395	  8.000000	  0.000000	  0.000000  
	409	  0	  122	  396	  8.000000	  0.000000	  0.000000  
	410	  0	  336	  397	  8.000000	  0.000000	  0.000000  
	411	  0	  123	  398	  8.000000	  0.000000	  0.000000  
	412	  0	  155	  399	  8.000000	  0.000000	  0.000000  
	413	  0	  155	  400	  8.000000	  0.000000	  0.000000  
	414	  0	  202	  401	  8.000000	  0.000000	  0.000000  
	415	  0	  184	  402	  8.000000	  0.000000	  0.000000  
	416	  0	  209	  403	  8.000000	  0.000000	  0.000000  
	417	  0	  230	  404	  8.000000	  0.000000	  0.000000  
	418	  0	  308	  405	  8.000000	  0.000000	  0.000000  
 374       total number of nodes
  name    x       y       z
	1	  25.000000	  77.900002	  500.000000  
	2	  55.000000	  95.199997	  500.000000  
	3	  85.000000	  112.500000	  500.000000  
	4	  85.000000	  112.500000	  450.000000  
	5	  84.807716	  110.255539	  401.066742  
	6	  85.000000	  112.500000	  350.000000  
	7	  85.075432	  112.508347	  299.944824  
	8	  85.000000	  112.500000	  250.000000  
	9	  85.000000	  112.500000	  200.000000  
	10	  85.000000	  112.500000	  167.000000  
	12	  85.042885	  112.162666	  101.407501  
	14	  275.000000	  222.100006	  500.000000  
	15	  245.000000	  204.800003	  500.000000  
	16	  215.023407	  187.506805	  499.582581  
	17	  215.000000	  187.500000	  450.000000  
	18	  215.000000	  187.500000	  400.000000  
	19	  217.982025	  182.855255	  348.480042  
	20	  215.255508	  188.157318	  300.009766  
	21	  215.451675	  184.348831	  245.987091  
	22	  215.000000	  187.500000	  200.000000  
	23	  212.697876	  188.250793	  167.022079  
	24	  215.000000	  187.500000	  133.000000  
	25	  215.000000	  187.500000	  100.000000  
	26	  82.853157	  109.243454	  389.743286  
	28	  217.884705	  189.004532	  148.729034  
	29	  84.064079	  110.591309	  82.304054  
	30	  214.640518	  188.752090	  86.017845  
	32	  219.222656	  200.359436	  301.674957  
	33	  218.803513	  177.292938	  237.407471  
	34	  198.708237	  190.935226	  167.000000  
	35	  231.675537	  198.486115	  148.803970  
	37	  85.692894	  111.535591	  180.119919  
	38	  199.314392	  178.406708	  499.982208  
	39	  216.256042	  186.848923	  469.016968  
	40	  212.867294	  189.864410	  116.151749  
	41	  212.487625	  184.559204	  260.062958  
	42	  87.768417	  117.823242	  67.335854  
	43	  214.378418	  191.839783	  70.791016  
	44	  63.064339	  88.313438	  394.229004  
	45	  217.514664	  210.300034	  311.637787  
	46	  228.968582	  168.553040	  227.532852  
	47	  186.013611	  188.631256	  169.990723  
	48	  245.231659	  200.704224	  145.678864  
	49	  98.433289	  113.127991	  290.182922  
	50	  91.463486	  126.158432	  222.799332  
	52	  214.919846	  175.403534	  495.222626  
	53	  227.886749	  180.566193	  475.897827  
	55	  203.385757	  176.109421	  259.273346  
	56	  105.217186	  122.119949	  499.475037  
	58	  216.063843	  184.846039	  385.068665  
	59	  216.815918	  189.959579	  187.161392  
	60	  92.681061	  118.267174	  56.000404  
	62	  45.722977	  78.587036	  388.859344  
	63	  215.381363	  219.646301	  325.250977  
	64	  241.693710	  160.269363	  220.701004  
	65	  165.782120	  189.303192	  170.729507  
	66	  260.466248	  207.376541	  144.897766  
	67	  105.753143	  115.762802	  275.462189  
	68	  97.766533	  145.206482	  223.905914  
	70	  228.999603	  173.351471	  486.575562  
	72	  191.851822	  210.229996	  118.217239  
	73	  193.200485	  172.168976	  251.984848  
	74	  104.160110	  108.149094	  496.043915  
	75	  220.352020	  171.825211	  384.949677  
	76	  217.088257	  170.077057	  348.356628  
	77	  228.615601	  196.700653	  185.794998  
	78	  70.674767	  101.402229	  76.881332  
	79	  85.919189	  117.090424	  268.969604  
	80	  213.896240	  186.173141	  219.036011  
	81	  102.691154	  128.866104	  41.852531  
	83	  34.427238	  73.223587	  387.878265  
	84	  213.240097	  231.934875	  336.279510  
	85	  256.641907	  153.001953	  219.721649  
	86	  150.078995	  187.300247	  175.889206  
	87	  274.880249	  215.073013	  148.154129  
	88	  112.409653	  119.009377	  260.550018  
	89	  104.154655	  155.734787	  231.077835  
	91	  181.397919	  222.729416	  121.638176  
	92	  177.901550	  158.515060	  248.349106  
	93	  103.858177	  93.186890	  488.745697  
	94	  234.730621	  159.220566	  384.394958  
	95	  226.232956	  161.406525	  342.093140  
	96	  244.830307	  200.088348	  184.112961  
	97	  60.890671	  97.709587	  69.686951  
	98	  83.849869	  128.768341	  266.046082  
	99	  206.044510	  179.364120	  232.197159  
	101	  232.971527	  209.609863	  151.897385  
	102	  218.341995	  185.090210	  318.777649  
	103	  104.248360	  140.059433	  29.625229  
	105	  150.643341	  290.707520	  382.100891  
	106	  215.132843	  243.524673	  345.771210  
	107	  272.809021	  149.549469	  217.739944  
	108	  135.774628	  188.038788	  184.202789  
	109	  32.017731	  217.785797	  148.888901  
	110	  119.335953	  124.445839	  246.418716  
	111	  111.612663	  168.583435	  235.501724  
	113	  168.124649	  234.602051	  120.454613  
	114	  163.265594	  154.641541	  241.420410  
	115	  97.703407	  80.263390	  480.241333  
	116	  241.111649	  145.486221	  382.486694  
	117	  235.382156	  148.618530	  336.417816  
	118	  261.140167	  200.618057	  180.806808  
	119	  49.508827	  89.330322	  61.793522  
	120	  76.310570	  145.421402	  268.143616  
	121	  200.393814	  173.972183	  243.527863  
	122	  105.164986	  116.065041	  388.224274  
	123	  235.515411	  221.496506	  162.024033  
	124	  84.728401	  97.856857	  407.229767  
	125	  86.816093	  122.961426	  235.608261  
	127	  228.266235	  176.591309	  316.933472  
	129	  88.972046	  106.650429	  59.369396  
	130	  95.556221	  157.393692	  218.653610  
	131	  206.431381	  166.077682	  384.985138  
	132	  128.037277	  137.318619	  499.995697  
	133	  213.494858	  186.556595	  430.479523  
	135	  102.419533	  153.801224	  20.403458  
	137	  136.568588	  290.419434	  373.210419  
	138	  212.948135	  256.488373	  358.475372  
	139	  27.022095	  147.331985	  209.037903  
	140	  123.649193	  185.674408	  195.425018  
	141	  48.195328	  220.215179	  145.789551  
	142	  127.790512	  130.821075	  233.569611  
	143	  117.098946	  185.985794	  239.604477  
	145	  153.584473	  239.645737	  116.609085  
	146	  148.577286	  156.379074	  233.774689  
	147	  89.840309	  65.291901	  474.719635  
	148	  250.760849	  132.151215	  384.995300  
	149	  248.651474	  138.628815	  329.223572  
	150	  276.062927	  202.050125	  173.562302  
	151	  39.831657	  75.360817	  59.560234  
	152	  72.565163	  160.155014	  266.993500  
	153	  117.304054	  123.172478	  383.014221  
	154	  241.357391	  232.644424	  173.552383  
	155	  90.538277	  82.061516	  410.944427  
	156	  86.639412	  127.189972	  252.982513  
	157	  240.168564	  166.457153	  316.313141  
	158	  232.651611	  187.026428	  117.390450  
	159	  87.385384	  92.413078	  67.854843  
	160	  94.444023	  172.941254	  212.800522  
	161	  192.182358	  158.667572	  389.375793  
	162	  128.323608	  121.123459	  496.141174  
	163	  201.354736	  178.947372	  426.747589  
	165	  195.578827	  181.699493	  172.711823  
	166	  199.825882	  191.964584	  67.844254  
	167	  187.132278	  180.994110	  257.482971  
	168	  66.065460	  91.444626	  78.106956  
	169	  40.880730	  72.824326	  380.697571  
	170	  207.796875	  155.960052	  350.165344  
	171	  269.641541	  225.431946	  154.829224  
	173	  99.741623	  169.371216	  15.147343  
	174	  248.672531	  63.532070	  366.642395  
	175	  78.406830	  41.501381	  370.943573  
	176	  39.195496	  146.022415	  197.754471  
	177	  114.049637	  188.242172	  208.784576  
	178	  64.191681	  219.756775	  143.521301  
	179	  137.337860	  134.265854	  220.370972  
	180	  122.837860	  199.295944	  244.701401  
	182	  141.974716	  250.530777	  111.714981  
	183	  133.614807	  160.123901	  227.503876  
	184	  81.878777	  55.339012	  466.841553  
	185	  259.214539	  120.595428	  393.493622  
	186	  262.919830	  131.738266	  324.109192  
	187	  30.741913	  204.892426	  165.862793  
	188	  161.995926	  285.833252	  57.055721  
	189	  62.188148	  173.164612	  266.454529  
	190	  129.126526	  135.658813	  380.459564  
	191	  121.524811	  16.683670	  183.252106  
	192	  94.420525	  66.080765	  409.613037  
	193	  254.227585	  157.617935	  317.510956  
	194	  245.552597	  179.851990	  125.092033  
	195	  86.404655	  78.659416	  77.187439  
	196	  98.416862	  189.032669	  211.217697  
	197	  179.409821	  151.821167	  397.574066  
	198	  131.163803	  108.832436	  485.274414  
	199	  188.593536	  168.514359	  429.098480  
	200	  68.549278	  119.267136	  405.541687  
	201	  210.912369	  176.206711	  176.166443  
	202	  184.307678	  188.924667	  73.313377  
	203	  183.282578	  196.776672	  257.225342  
	204	  55.454132	  78.989891	  81.189476  
	205	  170.541656	  286.708557	  368.303894  
	206	  204.260910	  141.573669	  352.654449  
	207	  258.216156	  235.927261	  160.873352  
	208	  229.974182	  179.832108	  342.795380  
	209	  83.265495	  129.650192	  65.242081  
	210	  239.626923	  172.675400	  389.270355  
	211	  243.390503	  149.252060	  378.504150  
	212	  223.348068	  143.283890	  340.405121  
	213	  121.829704	  162.070129	  226.345169  
	214	  168.105362	  249.308243	  124.122528  
	216	  110.551842	  117.933701	  399.739685  
	219	  217.982147	  183.683182	  330.579010  
	220	  96.201736	  185.604340	  14.062160  
	221	  237.409393	  65.350021	  358.210632  
	222	  74.649002	  52.898163	  382.485443  
	223	  46.715179	  139.586823	  184.365677  
	224	  103.235016	  189.460892	  221.385422  
	225	  80.912605	  218.900665	  140.310028  
	226	  149.525696	  131.278717	  209.427658  
	227	  136.328827	  207.875992	  249.064804  
	228	  133.270401	  263.545624	  106.051804  
	229	  74.743706	  45.220894	  455.050537  
	230	  268.931641	  113.699791	  405.821777  
	231	  277.001007	  122.935417	  324.113556  
	232	  46.023804	  206.603683	  159.478607  
	233	  151.628754	  273.365570	  57.310192  
	234	  51.212326	  185.449066	  264.036652  
	235	  141.092148	  146.515091	  376.436157  
	236	  133.966064	  24.502159	  191.082108  
	237	  96.373001	  50.488403	  404.109528  
	238	  267.796082	  148.439407	  314.532166  
	239	  259.194855	  176.508453	  134.032486  
	240	  84.432404	  64.099648	  85.019798  
	241	  104.969711	  204.189163	  209.081482  
	242	  165.581299	  147.373093	  405.710968  
	243	  138.769974	  97.291428	  475.991425  
	244	  176.478775	  158.610413	  434.787659  
	245	  62.027908	  123.197922	  420.348541  
	246	  225.052490	  168.344543	  180.099106  
	247	  173.498413	  180.353668	  82.080177  
	248	  181.937988	  213.354370	  257.996552  
	249	  46.669216	  66.193092	  87.126724  
	250	  166.453903	  274.709290	  357.508972  
	251	  195.659836	  126.466095	  353.974609  
	252	  246.665283	  243.940384	  169.794647  
	253	  245.216599	  175.530075	  337.658875  
	254	  78.940331	  146.033310	  61.678429  
	255	  236.110397	  187.125763	  396.254028  
	256	  253.392883	  139.203033	  369.775360  
	257	  127.469528	  156.800446	  213.002914  
	258	  167.606445	  265.815491	  126.240181  
	260	  121.079063	  123.205994	  411.512665  
	261	  96.761383	  124.875206	  275.544403  
	262	  83.600655	  128.952057	  121.858604  
	263	  230.562759	  205.530823	  301.087616  
	264	  201.031296	  192.481079	  207.568787  
	265	  198.188797	  174.216461	  242.224304  
	266	  226.365189	  235.916870	  342.555664  
	267	  63.601425	  147.055618	  268.914612  
	268	  69.516769	  99.051132	  407.773682  
	270	  41.525940	  101.519508	  60.457546  
	271	  230.960205	  192.338043	  68.700111  
	272	  221.943359	  175.858490	  336.540161  
	273	  236.184036	  57.830482	  362.834808  
	274	  123.979210	  190.278458	  229.788696  
	275	  121.580666	  110.467865	  377.330811  
	276	  193.716751	  155.357788	  346.653900  
	277	  99.302101	  201.958084	  13.655693  
	278	  224.621796	  66.797752	  347.797638  
	279	  70.782013	  67.578827	  389.322632  
	280	  52.096802	  133.222870	  169.951767  
	281	  88.463989	  192.248337	  228.545685  
	282	  97.288261	  220.245514	  137.617126  
	283	  162.011551	  128.540695	  198.758575  
	284	  151.809540	  213.694290	  249.883896  
	285	  123.763443	  277.051331	  103.945587  
	286	  202.388733	  255.425034	  447.800018  
	287	  273.403290	  106.978584	  419.923615  
	288	  25.983887	  110.378555	  330.502838  
	289	  57.928150	  207.916260	  148.503403  
	290	  149.789963	  259.113129	  49.795238  
	291	  35.662941	  191.398590	  263.831085  
	292	  154.957932	  155.526947	  374.499908  
	293	  146.570160	  34.097977	  196.003937  
	294	  97.021881	  34.770432	  398.655457  
	295	  22.354919	  142.232697	  308.848511  
	296	  273.195831	  176.466064	  143.043243  
	297	  81.361465	  50.675560	  94.378525  
	298	  109.325996	  220.247131	  209.703354  
	299	  153.671524	  138.092224	  412.728485  
	300	  140.618713	  86.382462	  463.607971  
	301	  165.010849	  146.691971	  436.700806  
	302	  55.346481	  131.674103	  433.026672  
	303	  239.135895	  161.989975	  186.303940  
	304	  161.785675	  174.018967	  92.075470  
	305	  186.704712	  228.175034	  263.899841  
	306	  166.992767	  284.931213	  99.176270  
	307	  163.118790	  259.482147	  351.658051  
	308	  187.559479	  113.121437	  348.626648  
	309	  104.810867	  26.239403	  178.801849  
	310	  260.178192	  168.280243	  338.560669  
	311	  74.078323	  160.020035	  54.065628  
	312	  229.270294	  201.478409	  401.197418  
	313	  264.175659	  129.598190	  361.486755  
	314	  131.087830	  146.464294	  200.461212  
	315	  165.048950	  281.366150	  131.612198  
	316	  132.956131	  130.820831	  420.984894  
	317	  104.494057	  136.536453	  284.569031  
	318	  81.589439	  145.095749	  118.838127  
	319	  246.180420	  213.732513	  301.556061  
	320	  187.742203	  199.088531	  215.116257  
	321	  238.606934	  227.571335	  334.958679  
	322	  47.732147	  140.005280	  268.971527  
	323	  54.904495	  101.158783	  415.471832  
	324	  34.221817	  116.264236	  57.914860  
	325	  246.566513	  186.543335	  68.404999  
	326	  221.871033	  51.534027	  357.115112  
	327	  127.949257	  198.043396	  215.605362  
	328	  127.968857	  95.699615	  373.051544  
	329	  177.537872	  151.618073	  345.436890  
	330	  226.070480	  167.980209	  306.497498  
	331	  226.353424	  198.623001	  289.640259  
	332	  69.363998	  159.027252	  277.278473  
	333	  214.372314	  188.116287	  335.469574  
	336	  85.063759	  112.553497	  112.372879  
	337	  100.701874	  218.450546	  11.849691  
	338	  216.998260	  77.500999	  337.729340  
	339	  70.159767	  80.732750	  399.511322  
	340	  58.429199	  122.612160	  158.792191  
	341	  77.795647	  202.016052	  236.791946  
	342	  113.601906	  223.574646	  137.550781  
	343	  172.399536	  121.142014	  188.054764  
	344	  165.961548	  214.817154	  241.361267  
	345	  111.114265	  287.877441	  103.819199  
	346	  200.084030	  239.532135	  443.403809  
	347	  271.230316	  100.168304	  434.960938  
	348	  34.564484	  96.286003	  332.737976  
	349	  144.605835	  244.832825	  42.981979  
	350	  21.631176	  200.361099	  263.904510  
	351	  167.052185	  165.872498	  369.609009  
	352	  159.170853	  35.522205	  206.697968  
	353	  102.705978	  19.989073	  393.514923  
	354	  37.286648	  136.084198	  304.791199  
	355	  285.980408	  171.845505	  152.657166  
	356	  77.093536	  38.029949	  104.333206  
	357	  115.392754	  235.060226	  214.284760  
	358	  135.265030	  72.229858	  456.765839  
	359	  156.596375	  132.364685	  435.629211  
	360	  46.644623	  141.818726	  442.955750  
	361	  250.131287	  154.825150	  196.550354  
	362	  155.313477	  165.567673	  104.878159  
	363	  187.962006	  243.878250	  269.289734  
	364	  159.812820	  282.769135	  114.042206  
	365	  160.790619	  243.225220	  348.916840  
	366	  178.447647	  99.474113	  344.932495  
	367	  90.400154	  31.890800	  184.934998  
	368	  274.801239	  160.877243	  335.630676  
	369	  68.431732	  174.799377	  48.878197  
	370	  224.649857	  215.280304	  409.283325  
	371	  275.864166	  118.749100	  356.701477  
	372	  129.068771	  134.879654	  188.673859  
	373	  164.021820	  297.976227	  132.134491  
	374	  142.588165	  139.303833	  431.100983  
	375	  114.817162	  144.728226	  294.745026  
	376	  75.261093	  160.413361	  117.242699  
	377	  258.472046	  224.777618	  303.591705  
	378	  180.326706	  211.538132	  223.316269  
	379	  252.245270	  224.803635	  325.817657  
	380	  32.595814	  133.069702	  269.079193  
	381	  39.083656	  99.469788	  420.378021  
	382	  26.722042	  131.129272	  57.834270  
	383	  261.052124	  178.987793	  65.195190  
	384	  207.995926	  49.148720	  348.226105  
	385	  137.040161	  204.032059	  203.007187  
	386	  137.181519	  83.719223	  366.064453  
	387	  162.242004	  147.106552	  340.650940  
	388	  231.275345	  159.767426	  292.981506  
	389	  214.060623	  186.463379	  276.570618  
	390	  72.234879	  170.757843	  288.740295  
	391	  203.467590	  197.730270	  327.362793  
	392	  204.270950	  200.232025	  132.927612  
	393	  243.745728	  165.925995	  484.422333  
	394	  180.257462	  151.018616	  255.971344  
	395	  139.096710	  202.800201	  188.184189  
	396	  99.000725	  127.414238	  395.328278  
	397	  97.647804	  101.726868	  111.544380  
	398	  244.252579	  218.836487	  149.790466  
	399	  90.932007	  65.805305	  409.513794  
	400	  80.395653	  94.817162	  412.810516  
	401	  181.479416	  199.886139	  84.101189  
	402	  75.971146	  69.355820	  469.448425  
	403	  76.250015	  116.347389	  61.356236  
	404	  284.471680	  112.516655	  409.869659  
	405	  201.466690	  109.609261	  342.316559  
   2  total number of boundary nodes
node bctyp press/flow   HD    PO2
	1	  0	  100.000000	  0.400000	  100.000000
	14	  0	  20.000000	  0.400000	  18.000000

