315559 200 25.000025 Current network file generated by angioadapt
  300.000000  300.000000  500.000000	box dimensions in microns
  15    15    25 	number of tissue points in x,y,z directions
  0.000000			outer bound distance (100. in test case)
  75.000000				max. segment length.  (5. in test case)
   40				nodsegm, max. number of segments per node
  1003				total number of segments 
  name type from  to  diam       flow
	1	  4	  1	  2	  7.000000	  33.545212	  0.400000  
	2	  3	  2	  3	  7.971736	  33.545212	  0.400000  
	3	  5	  3	  5	  8.614744	  30.588562	  0.436486  
	6	  5	  6	  273	  8.623172	  13.171527	  0.478637  
	7	  5	  7	  296	  8.140965	  5.690279	  0.521522  
	12	  5	  3	  13	  3.028646	  2.956649	  0.022530  
	13	  5	  13	  16	  4.038324	  2.956649	  0.022530  
	14	  4	  14	  15	  16.000000	  -33.545212	  0.400000  
	15	  3	  15	  16	  10.751983	  -33.545212	  0.400000  
	16	  5	  16	  123	  10.787459	  -30.588562	  0.436486  
	17	  5	  123	  18	  10.941619	  -30.588562	  0.436486  
	19	  5	  246	  806	  9.871720	  -19.370840	  0.434236  
	20	  5	  806	  203	  9.310587	  -15.539970	  0.404526  
	21	  5	  203	  168	  8.794334	  -8.635171	  0.429342  
	22	  5	  53	  33	  7.328298	  -2.354202	  0.485199  
	28	  5	  33	  1257	  7.450136	  -2.354202	  0.485199  
	35	  5	  32	  36	  3.246360	  0.087009	  0.478686  
	38	  5	  36	  39	  3.515306	  0.087009	  0.478686  
	43	  5	  44	  6	  8.440158	  13.171527	  0.478637  
	44	  5	  18	  246	  10.367350	  -25.212576	  0.434690  
	50	  5	  44	  122	  7.631020	  9.442669	  0.421472  
	55	  5	  39	  1449	  3.716020	  0.087009	  0.478686  
	57	  5	  335	  1252	  6.751560	  0.924383	  0.662231  
	60	  5	  122	  61	  7.186904	  5.797469	  0.463570  
	61	  5	  18	  169	  7.902595	  -5.375987	  0.444906  
	62	  5	  53	  73	  7.611859	  -3.595252	  0.374787  
	66	  5	  57	  1300	  4.944789	  0.278375	  0.780356  
	70	  5	  61	  622	  7.458155	  5.797469	  0.463570  
	71	  5	  169	  72	  7.264734	  -3.908483	  0.388782  
	73	  5	  64	  74	  4.049704	  -0.198306	  0.166501  
	74	  5	  1900	  1435	  5.337705	  -0.247491	  0.400064  
	81	  5	  622	  82	  7.758605	  -3.348883	  0.473610  
	82	  5	  72	  83	  7.325876	  -3.908483	  0.388782  
	83	  5	  73	  1455	  5.619183	  -0.585543	  0.425237  
	84	  5	  74	  85	  3.840430	  -0.206985	  0.200928  
	90	  5	  320	  91	  5.883072	  -1.871073	  0.332474  
	91	  5	  79	  92	  6.299116	  0.495883	  0.649129  
	92	  5	  80	  93	  3.990010	  0.112150	  0.214062  
	94	  5	  82	  340	  7.070424	  -3.033406	  0.522866  
	95	  5	  83	  96	  7.381945	  -3.908483	  0.388782  
	97	  5	  85	  1253	  3.785613	  -0.206985	  0.200928  
	98	  5	  396	  1374	  3.960695	  -0.089158	  0.345449  
	101	  5	  296	  102	  3.295133	  0.546659	  0.107942  
	105	  5	  90	  106	  5.839189	  1.047850	  0.326264  
	106	  5	  91	  107	  5.141428	  -0.773663	  0.396076  
	107	  5	  92	  541	  6.486860	  0.495883	  0.649129  
	108	  5	  93	  109	  4.017431	  0.112150	  0.214062  
	110	  5	  340	  111	  5.575588	  1.670580	  0.420700  
	111	  5	  96	  112	  7.439972	  -3.908483	  0.388782  
	117	  5	  102	  118	  3.620068	  0.546659	  0.107942  
	123	  5	  106	  147	  5.216884	  0.892878	  0.378901  
	124	  5	  107	  125	  4.146538	  -0.422753	  0.305700  
	127	  5	  111	  128	  5.804388	  1.670580	  0.420700  
	128	  5	  112	  129	  7.498538	  -3.908483	  0.388782  
	129	  5	  1455	  1357	  3.297796	  -0.154972	  0.022998  
	130	  5	  970	  131	  3.469189	  -0.222055	  0.084446  
	134	  5	  118	  135	  3.754387	  0.546659	  0.107942  
	138	  5	  122	  139	  6.476560	  3.645200	  0.354518  
	143	  5	  293	  44	  8.810096	  22.614197	  0.454768  
	145	  5	  168	  53	  8.277028	  -5.949453	  0.418477  
	147	  5	  125	  148	  4.125196	  -0.422753	  0.305700  
	148	  5	  541	  1229	  3.908348	  0.124300	  0.460995  
	150	  5	  128	  151	  5.916501	  1.670580	  0.420700  
	151	  5	  129	  152	  7.554758	  -3.908483	  0.388782  
	155	  5	  133	  156	  4.282391	  0.144039	  0.682757  
	156	  5	  134	  157	  6.770011	  1.576393	  0.257662  
	157	  5	  135	  158	  3.828738	  0.546659	  0.107942  
	159	  5	  461	  160	  3.608788	  0.692650	  0.175830  
	161	  5	  139	  162	  6.705952	  3.645200	  0.354518  
	162	  5	  7	  163	  6.760686	  2.688191	  0.581957  
	167	  5	  296	  167	  6.107047	  1.639620	  0.456755  
	170	  5	  82	  170	  4.444615	  -0.315478	  0.000000  
	172	  5	  541	  172	  5.205760	  0.206315	  0.730833  
	177	  5	  148	  177	  4.072997	  -0.422753	  0.305700  
	180	  5	  151	  180	  5.644234	  1.280200	  0.487537  
	181	  5	  152	  181	  7.606032	  -3.908483	  0.388782  
	183	  5	  131	  1277	  4.337641	  0.354653	  0.326026  
	185	  5	  156	  1604	  4.304842	  0.144039	  0.682757  
	186	  5	  157	  1370	  6.788349	  1.576393	  0.257662  
	187	  5	  158	  1163	  3.891560	  0.546659	  0.107942  
	189	  5	  160	  189	  3.843898	  0.692650	  0.175830  
	190	  5	  1551	  1624	  3.055588	  0.030357	  0.484752  
	191	  5	  162	  191	  6.866423	  3.645200	  0.354518  
	192	  5	  163	  1199	  7.094689	  2.688191	  0.581957  
	196	  5	  167	  196	  6.300439	  1.639620	  0.456755  
	197	  5	  168	  197	  4.651575	  -0.536011	  0.386106  
	198	  5	  169	  198	  6.208599	  -1.467503	  0.594387  
	199	  5	  170	  199	  4.321532	  -0.315478	  0.000000  
	201	  5	  172	  1452	  5.379712	  0.206315	  0.730833  
	202	  5	  1455	  542	  3.564834	  -0.155491	  0.285643  
	213	  5	  177	  213	  3.986017	  -0.422753	  0.305700  
	216	  5	  180	  255	  5.768046	  1.280200	  0.487537  
	217	  5	  181	  217	  7.653412	  -3.908483	  0.388782  
	219	  5	  183	  1862	  3.659288	  0.155230	  0.285439  
	222	  5	  1370	  1083	  6.180152	  0.949205	  0.279296  
	225	  5	  189	  224	  3.921053	  0.692650	  0.175830  
	227	  5	  191	  226	  6.997213	  3.645200	  0.354518  
	232	  5	  196	  231	  6.429487	  1.639620	  0.456755  
	233	  5	  197	  232	  4.664266	  -0.536011	  0.386106  
	234	  5	  198	  233	  6.242131	  -1.467503	  0.594387  
	235	  5	  199	  234	  4.113114	  -0.315478	  0.000000  
	237	  5	  1452	  1065	  4.863156	  0.168945	  0.792034  
	238	  5	  542	  465	  3.280881	  -0.155491	  0.285643  
	239	  5	  203	  238	  6.743072	  -3.429648	  0.426708  
	245	  5	  1551	  244	  4.384860	  0.118456	  0.782501  
	252	  5	  1927	  1900	  6.489365	  -1.243247	  0.329210  
	254	  5	  213	  252	  3.832503	  -0.422753	  0.305700  
	258	  5	  217	  256	  7.697231	  -3.908483	  0.388782  
	260	  5	  544	  1966	  3.799309	  0.216774	  0.125315  
	263	  5	  1163	  261	  4.727709	  -0.629218	  0.653499  
	265	  5	  224	  263	  3.965788	  0.692650	  0.175830  
	267	  5	  226	  265	  7.106001	  3.645200	  0.354518  
	271	  5	  463	  269	  4.139984	  1.002424	  0.159921  
	272	  5	  231	  1479	  5.877300	  1.014749	  0.494930  
	273	  5	  232	  1295	  4.651624	  -0.536011	  0.386106  
	274	  5	  233	  272	  6.272094	  -1.467503	  0.594387  
	275	  5	  273	  711	  8.774106	  12.856050	  0.490383  
	276	  5	  234	  273	  3.696649	  -0.315478	  0.000000  
	280	  5	  238	  1111	  6.819658	  -3.429648	  0.426708  
	286	  5	  244	  282	  4.476467	  0.118456	  0.782501  
	287	  5	  462	  283	  4.627407	  -1.233571	  0.502445  
	288	  5	  246	  1715	  7.553778	  -5.841735	  0.436198  
	291	  5	  32	  339	  5.577079	  0.288130	  0.818441  
	294	  5	  80	  290	  3.934476	  -0.112150	  0.214062  
	296	  5	  212	  147	  5.765060	  -1.690201	  0.282313  
	298	  5	  335	  1181	  5.987253	  0.523952	  0.734561  
	300	  5	  296	  827	  8.299486	  2.967991	  0.657931  
	302	  5	  623	  298	  5.963603	  -1.784951	  0.357576  
	303	  5	  252	  299	  3.583069	  -0.422753	  0.305700  
	306	  5	  255	  302	  5.010624	  0.771898	  0.536105  
	307	  5	  256	  303	  7.738109	  -3.908483	  0.388782  
	312	  5	  261	  1462	  4.602460	  -0.629218	  0.653499  
	314	  5	  263	  91	  5.285021	  1.097410	  0.287635  
	316	  5	  265	  310	  7.207850	  3.645200	  0.354518  
	319	  5	  269	  313	  4.491719	  1.002424	  0.159921  
	320	  5	  1479	  314	  4.835126	  0.525699	  0.521299  
	321	  5	  1295	  315	  4.627966	  -0.536011	  0.386106  
	322	  5	  272	  316	  6.291297	  -1.467503	  0.594387  
	325	  5	  1084	  754	  4.678991	  0.286735	  0.566657  
	326	  5	  1111	  320	  6.422119	  -2.657750	  0.394936  
	331	  5	  282	  1457	  4.513696	  0.118456	  0.782501  
	332	  5	  283	  326	  4.502790	  -1.233571	  0.502445  
	333	  5	  1715	  327	  5.509061	  -2.413503	  0.375178  
	338	  5	  1927	  1257	  6.919629	  1.714620	  0.403705  
	342	  5	  293	  334	  4.023788	  2.267957	  0.272527  
	357	  5	  293	  463	  6.987400	  5.706410	  0.429199  
	359	  5	  298	  349	  4.920838	  -1.220059	  0.151189  
	360	  5	  299	  350	  7.542349	  2.068960	  0.593830  
	363	  5	  302	  624	  5.085113	  0.771898	  0.536105  
	364	  5	  303	  354	  7.770952	  -3.908483	  0.388782  
	367	  5	  398	  357	  4.099833	  0.224202	  0.261772  
	368	  5	  1462	  1169	  6.260250	  0.720907	  0.710261  
	371	  5	  310	  361	  7.225545	  3.147016	  0.400371  
	375	  5	  314	  365	  5.006141	  0.525699	  0.521299  
	376	  5	  315	  366	  4.567904	  -0.536011	  0.386106  
	377	  5	  316	  367	  6.304863	  -1.467503	  0.594387  
	387	  5	  326	  376	  4.372617	  -1.233571	  0.502445  
	388	  5	  327	  377	  5.485030	  -2.413503	  0.375178  
	391	  5	  330	  846	  3.742105	  0.044831	  0.692945  
	392	  5	  1900	  74	  4.248338	  -0.238582	  0.206753  
	393	  5	  1257	  381	  4.453352	  -0.206153	  0.837308  
	395	  5	  334	  383	  4.490971	  2.267957	  0.272527  
	396	  5	  335	  1666	  5.582740	  0.347369	  0.623418  
	400	  5	  339	  330	  5.196946	  0.209810	  0.855321  
	401	  5	  340	  388	  7.493733	  -4.703985	  0.486583  
	402	  5	  131	  1253	  3.614967	  0.206985	  0.200928  
	406	  5	  709	  393	  6.316283	  1.224283	  0.583378  
	408	  5	  74	  395	  4.443898	  -0.229904	  0.177277  
	411	  5	  293	  5	  8.976729	  -30.588562	  0.436486  
	416	  5	  310	  401	  3.277784	  0.498185	  0.064864  
	417	  5	  313	  402	  4.609683	  1.002424	  0.159921  
	421	  5	  349	  794	  4.975734	  -1.220059	  0.151189  
	422	  5	  350	  406	  7.678957	  2.068960	  0.593830  
	426	  5	  354	  410	  6.995628	  -2.552002	  0.416307  
	427	  5	  618	  1401	  4.275167	  0.410414	  0.277533  
	429	  5	  357	  413	  3.877933	  0.116775	  0.263460  
	430	  5	  1169	  414	  5.744336	  0.462227	  0.733099  
	433	  5	  361	  416	  7.292795	  3.147016	  0.400371  
	437	  5	  365	  419	  5.086243	  0.525699	  0.521299  
	438	  5	  366	  420	  4.486185	  -0.536011	  0.386106  
	439	  5	  367	  421	  6.306489	  -1.467503	  0.594387  
	447	  5	  376	  527	  4.172061	  -1.233571	  0.502445  
	448	  5	  377	  430	  5.466614	  -2.413503	  0.375178  
	452	  5	  381	  434	  4.366225	  -0.206153	  0.837308  
	453	  5	  703	  1688	  3.796182	  -0.179208	  0.215985  
	454	  5	  383	  436	  4.745676	  2.267957	  0.272527  
	456	  5	  1794	  1696	  4.670053	  0.118761	  0.400999  
	458	  5	  330	  317	  4.494059	  0.164979	  0.899445  
	459	  5	  388	  441	  7.365554	  -4.703985	  0.486583  
	462	  5	  220	  444	  4.118627	  0.143047	  0.337987  
	464	  5	  393	  795	  6.516722	  1.224283	  0.583378  
	466	  5	  395	  448	  3.690804	  -0.141775	  0.143267  
	469	  5	  398	  451	  4.189026	  0.275555	  0.333977  
	470	  5	  1927	  452	  5.312764	  -0.355259	  0.596734  
	472	  5	  401	  454	  3.485693	  0.498185	  0.064864  
	473	  5	  402	  455	  4.685456	  1.002424	  0.159921  
	486	  5	  1927	  1066	  4.658750	  -0.116114	  0.610739  
	489	  5	  317	  470	  4.594836	  0.164979	  0.899445  
	496	  5	  406	  477	  7.778650	  2.068960	  0.593830  
	500	  5	  410	  481	  7.049060	  -2.552002	  0.416307  
	501	  5	  1401	  482	  5.813456	  0.865505	  0.400010  
	504	  5	  414	  485	  5.884063	  0.462227	  0.733099  
	506	  5	  416	  1970	  7.355005	  3.147016	  0.400371  
	509	  5	  419	  490	  5.145441	  0.525699	  0.521299  
	510	  5	  420	  491	  4.356583	  -0.536011	  0.386106  
	511	  5	  421	  492	  6.305318	  -1.467503	  0.594387  
	517	  5	  918	  888	  3.960379	  -0.114182	  0.198693  
	518	  5	  1921	  729	  4.601247	  -0.079798	  0.834706  
	519	  5	  527	  1568	  6.133143	  2.290638	  0.564341  
	520	  5	  430	  500	  5.434989	  -2.413503	  0.375178  
	524	  5	  434	  504	  4.247399	  -0.206153	  0.837308  
	525	  5	  435	  1057	  5.823808	  -0.464714	  0.231299  
	526	  5	  436	  506	  3.666577	  0.700119	  0.111466  
	527	  5	  1666	  507	  3.683807	  0.236137	  0.237579  
	528	  5	  1696	  1641	  4.581518	  0.118761	  0.400999  
	531	  5	  441	  463	  7.189574	  -4.703985	  0.486583  
	534	  5	  444	  513	  4.129416	  0.143047	  0.337987  
	536	  5	  795	  515	  5.127994	  0.736039	  0.654488  
	538	  5	  448	  516	  3.695535	  -0.141775	  0.143267  
	539	  5	  855	  562	  4.964223	  0.156286	  0.777611  
	540	  5	  450	  518	  4.520222	  -0.111114	  0.740563  
	541	  5	  451	  519	  4.197938	  0.275555	  0.333977  
	542	  5	  452	  596	  5.466795	  -0.355259	  0.596734  
	544	  5	  454	  522	  3.634030	  0.498185	  0.064864  
	545	  5	  455	  523	  4.756869	  1.002424	  0.159921  
	547	  5	  73	  525	  6.941331	  -2.023232	  0.377423  
	551	  5	  461	  527	  6.538765	  3.524209	  0.542676  
	552	  5	  462	  528	  5.390810	  -1.436191	  0.473998  
	555	  5	  465	  530	  4.934500	  0.724546	  0.684301  
	559	  5	  552	  533	  5.079309	  -0.459140	  0.513542  
	560	  5	  470	  534	  4.640987	  0.164979	  0.899445  
	562	  5	  472	  536	  4.575214	  -0.080709	  0.837726  
	565	  5	  151	  539	  3.567921	  0.390380	  0.201517  
	581	  5	  477	  555	  5.163702	  0.880037	  0.613863  
	585	  5	  481	  559	  7.090562	  -2.552002	  0.416307  
	586	  5	  482	  889	  6.583618	  -1.157727	  0.360537  
	589	  5	  485	  563	  5.989549	  0.462227	  0.733099  
	591	  5	  1970	  565	  6.934889	  2.292662	  0.459644  
	592	  5	  515	  1653	  6.517029	  1.369736	  0.649485  
	594	  5	  490	  568	  5.184369	  0.525699	  0.521299  
	595	  5	  491	  569	  4.144673	  -0.536011	  0.386106  
	596	  5	  492	  570	  6.304721	  -1.467503	  0.594387  
	601	  5	  888	  575	  3.979486	  -0.114182	  0.198693  
	604	  5	  500	  578	  4.903538	  -0.845666	  0.432148  
	606	  5	  432	  580	  5.550776	  1.363095	  0.329688  
	608	  5	  504	  727	  5.321383	  -0.484095	  0.858648  
	609	  5	  1057	  803	  6.366585	  -0.813560	  0.211708  
	610	  5	  506	  584	  3.890550	  0.700119	  0.111466  
	611	  5	  507	  90	  3.913171	  0.236137	  0.237579  
	613	  5	  439	  1262	  4.782620	  -0.797323	  0.174150  
	617	  5	  513	  590	  4.115819	  0.143047	  0.337987  
	620	  5	  516	  592	  3.678621	  -0.141775	  0.143267  
	621	  5	  562	  1377	  4.617646	  -0.128251	  0.640545  
	623	  5	  519	  1886	  4.760080	  0.474977	  0.343903  
	626	  5	  522	  598	  3.718928	  0.498185	  0.064864  
	627	  5	  523	  599	  4.806892	  1.002424	  0.159921  
	629	  5	  525	  482	  7.045060	  -2.023232	  0.377423  
	632	  5	  528	  601	  4.684006	  -0.613057	  0.424615  
	634	  5	  530	  603	  4.999020	  0.724546	  0.684301  
	635	  5	  627	  396	  3.982408	  -0.089158	  0.345449  
	638	  5	  534	  1261	  4.665904	  0.164979	  0.899445  
	643	  5	  539	  611	  3.769976	  0.390380	  0.201517  
	644	  5	  7	  612	  6.887491	  2.491713	  0.544945  
	645	  5	  541	  613	  4.848365	  0.165268	  0.688629  
	647	  5	  212	  623	  5.649124	  1.690201	  0.282313  
	650	  5	  311	  432	  5.587203	  1.363095	  0.329688  
	651	  5	  1084	  616	  6.462635	  -0.555227	  0.505190  
	654	  5	  1666	  619	  4.159805	  0.292979	  0.479643  
	656	  5	  552	  621	  5.100658	  0.459140	  0.513542  
	661	  5	  515	  626	  5.183983	  -0.633697	  0.643673  
	662	  5	  500	  436	  3.878841	  -1.567837	  0.344449  
	666	  5	  555	  465	  5.282740	  0.880037	  0.613863  
	668	  5	  1400	  632	  4.236582	  -0.119791	  0.191762  
	670	  5	  559	  715	  7.131649	  -2.552002	  0.416307  
	672	  5	  561	  1265	  4.432597	  -0.092568	  0.443177  
	674	  5	  563	  637	  6.078300	  0.462227	  0.733099  
	676	  5	  565	  639	  7.027608	  2.292662	  0.459644  
	677	  5	  1653	  640	  3.857552	  0.208628	  0.311537  
	679	  5	  568	  642	  5.205919	  0.525699	  0.521299  
	680	  5	  569	  296	  3.780723	  -0.536011	  0.386106  
	681	  5	  570	  643	  6.294896	  -1.467503	  0.594387  
	683	  5	  976	  645	  4.863698	  0.447683	  0.464257  
	686	  5	  575	  648	  3.981597	  -0.114182	  0.198693  
	689	  5	  578	  651	  4.897141	  -0.845666	  0.432148  
	691	  5	  580	  767	  5.517705	  1.363095	  0.329688  
	692	  5	  2016	  1362	  3.874048	  0.073127	  0.503901  
	693	  5	  727	  1666	  5.562699	  -0.591296	  0.814442  
	694	  5	  803	  655	  7.665939	  -1.837570	  0.352444  
	695	  5	  584	  656	  4.033697	  0.700119	  0.111466  
	698	  5	  1262	  134	  6.741774	  1.576393	  0.257662  
	701	  5	  590	  1401	  4.076350	  0.143047	  0.337987  
	703	  5	  592	  662	  3.646573	  -0.141775	  0.143267  
	704	  5	  593	  1752	  4.685288	  -0.128251	  0.640545  
	706	  5	  1886	  1072	  4.554467	  -0.225686	  0.786086  
	709	  5	  598	  668	  3.767535	  0.498185	  0.064864  
	710	  5	  599	  669	  4.844427	  1.002424	  0.159921  
	712	  5	  601	  671	  4.677006	  -0.613057	  0.424615  
	714	  5	  603	  751	  5.074146	  0.724546	  0.684301  
	715	  5	  604	  674	  4.724521	  -0.079798	  0.834706  
	722	  5	  611	  681	  4.693782	  0.888565	  0.124901  
	723	  5	  612	  682	  7.162612	  2.491713	  0.544945  
	724	  5	  613	  683	  4.970043	  0.165268	  0.688629  
	727	  5	  616	  686	  6.331636	  -0.555227	  0.505190  
	729	  5	  618	  860	  4.296969	  -0.410414	  0.277533  
	730	  5	  619	  689	  4.347526	  0.292979	  0.479643  
	731	  5	  1229	  1264	  4.088638	  0.124300	  0.460995  
	732	  5	  621	  691	  5.103001	  0.459140	  0.513542  
	733	  5	  622	  692	  8.042416	  4.929494	  0.454266  
	734	  5	  623	  693	  6.607997	  3.475152	  0.320971  
	735	  5	  624	  694	  5.131902	  0.771898	  0.536105  
	736	  5	  832	  695	  4.566997	  0.113104	  0.494857  
	737	  5	  626	  696	  5.027781	  -0.633697	  0.643673  
	743	  5	  1370	  702	  5.001106	  0.627188	  0.224922  
	746	  5	  443	  1266	  3.548260	  0.043729	  0.215205  
	747	  5	  443	  706	  3.460106	  -0.043729	  0.215205  
	752	  5	  711	  7	  8.805430	  10.870184	  0.541837  
	756	  5	  632	  1849	  5.624319	  0.254009	  0.358588  
	759	  5	  635	  716	  3.948414	  -0.089158	  0.345449  
	761	  5	  637	  718	  4.926263	  0.278375	  0.780356  
	763	  5	  639	  720	  7.095105	  2.292662	  0.459644  
	764	  5	  640	  1070	  3.995233	  0.208628	  0.311537  
	766	  5	  642	  979	  5.215310	  0.525699	  0.521299  
	767	  5	  643	  724	  6.278983	  -1.467503	  0.594387  
	768	  5	  645	  725	  4.908951	  0.447683	  0.464257  
	770	  5	  978	  727	  3.480514	  -0.107201	  0.614821  
	771	  5	  648	  728	  3.973134	  -0.114182	  0.198693  
	774	  5	  651	  731	  4.876698	  -0.845666	  0.432148  
	775	  5	  767	  715	  6.235218	  1.822235	  0.376013  
	777	  5	  1666	  827	  6.586655	  -1.172287	  0.630519  
	778	  5	  655	  1365	  7.600245	  -1.837570	  0.352444  
	779	  5	  656	  736	  4.127738	  0.700119	  0.111466  
	785	  5	  662	  1071	  3.549056	  -0.141775	  0.143267  
	789	  5	  596	  1283	  4.199852	  -0.203812	  0.582811  
	791	  5	  668	  611	  3.793920	  0.498185	  0.064864  
	792	  5	  669	  747	  4.865994	  1.002424	  0.159921  
	794	  5	  671	  749	  4.652467	  -0.613057	  0.424615  
	797	  5	  674	  752	  4.750857	  -0.079798	  0.834706  
	799	  5	  1433	  754	  4.796886	  -0.286735	  0.566657  
	801	  5	  678	  755	  4.706775	  -0.080709	  0.837726  
	802	  5	  1023	  756	  4.935477	  -0.492486	  0.552250  
	804	  5	  681	  758	  4.689843	  0.888565	  0.124901  
	805	  5	  682	  759	  7.336965	  2.491713	  0.544945  
	806	  5	  683	  518	  5.096416	  0.165268	  0.688629  
	809	  5	  686	  696	  6.208241	  -0.555227	  0.505190  
	812	  5	  689	  1683	  4.460007	  0.292979	  0.479643  
	814	  5	  691	  767	  5.084445	  0.459140	  0.513542  
	815	  5	  692	  768	  8.111879	  4.929494	  0.454266  
	816	  5	  693	  769	  6.536084	  3.475152	  0.320971  
	817	  5	  694	  770	  5.158147	  0.771898	  0.536105  
	818	  5	  695	  771	  4.545248	  0.113104	  0.494857  
	821	  5	  1252	  893	  5.125760	  0.428500	  0.677393  
	824	  5	  255	  777	  4.479516	  0.508302	  0.413782  
	825	  5	  702	  778	  5.013085	  0.627188	  0.224922  
	826	  5	  703	  779	  3.884908	  0.179208	  0.215985  
	828	  5	  1266	  982	  4.644648	  0.108178	  0.467462  
	829	  5	  706	  964	  3.252606	  -0.043729	  0.215205  
	833	  5	  709	  786	  3.543344	  0.203231	  0.443085  
	835	  5	  711	  788	  6.096534	  1.985865	  0.208736  
	837	  5	  354	  789	  6.119544	  -1.356481	  0.336997  
	844	  5	  528	  796	  4.578022	  -0.823134	  0.510777  
	845	  5	  477	  696	  7.112156	  1.188924	  0.579002  
	846	  5	  562	  797	  4.568052	  -0.190219	  0.369723  
	851	  5	  1361	  1160	  4.424914	  0.051080	  0.305450  
	854	  5	  1277	  183	  3.504719	  0.155230	  0.285439  
	855	  5	  806	  462	  5.912827	  -2.669762	  0.487142  
	857	  5	  709	  1292	  3.995943	  0.360671	  0.801528  
	861	  5	  716	  627	  3.983793	  -0.089158	  0.345449  
	863	  5	  718	  813	  4.978587	  0.278375	  0.780356  
	865	  5	  720	  815	  7.156457	  2.292662	  0.459644  
	866	  5	  1070	  816	  5.874074	  0.896275	  0.387365  
	868	  5	  979	  818	  4.950089	  -0.204068	  0.505640  
	869	  5	  724	  819	  6.255405	  -1.467503	  0.594387  
	870	  5	  725	  820	  4.934905	  0.447683	  0.464257  
	873	  5	  728	  822	  3.940778	  -0.114182	  0.198693  
	874	  5	  729	  604	  4.674025	  -0.079798	  0.834706  
	876	  5	  731	  824	  4.836914	  -0.845666	  0.432148  
	880	  5	  1365	  912	  7.781327	  -2.621262	  0.314203  
	881	  5	  736	  829	  4.199903	  0.700119	  0.111466  
	883	  5	  1932	  1966	  3.778225	  -0.216774	  0.125315  
	886	  5	  1071	  833	  4.960995	  -0.166728	  0.417556  
	892	  5	  747	  838	  4.877820	  1.002424	  0.159921  
	894	  5	  749	  839	  4.612371	  -0.613057	  0.424615  
	896	  5	  751	  1091	  5.760609	  -0.631535	  0.521691  
	897	  5	  752	  842	  4.768554	  -0.079798	  0.834706  
	900	  5	  755	  1076	  4.735732	  -0.080709	  0.837726  
	902	  5	  757	  846	  3.990905	  -0.044831	  0.692945  
	903	  5	  758	  847	  4.674674	  0.888565	  0.124901  
	904	  5	  759	  299	  7.475639	  2.491713	  0.544945  
	908	  5	  1974	  850	  3.982716	  0.068610	  0.366636  
	913	  5	  768	  852	  8.185472	  4.929494	  0.454266  
	914	  5	  769	  203	  6.459699	  3.475152	  0.320971  
	915	  5	  770	  853	  5.175727	  0.771898	  0.536105  
	918	  5	  893	  1030	  3.873147	  0.147679	  0.590097  
	920	  5	  1886	  936	  5.411141	  0.700663	  0.486332  
	921	  5	  777	  859	  4.579919	  0.508302	  0.413782  
	922	  5	  778	  860	  5.013564	  0.627188	  0.224922  
	923	  5	  779	  861	  3.932272	  0.179208	  0.215985  
	926	  5	  964	  864	  4.963148	  -0.199913	  0.487877  
	927	  5	  1814	  1755	  4.775064	  -0.198621	  0.392880  
	929	  5	  461	  622	  6.657869	  -4.216858	  0.482419  
	930	  5	  786	  867	  3.861767	  0.203231	  0.443085  
	931	  5	  1900	  413	  3.857378	  -0.116775	  0.263460  
	932	  5	  788	  868	  6.305861	  1.985865	  0.208736  
	933	  5	  789	  869	  6.163556	  -1.356481	  0.336997  
	934	  5	  1462	  870	  3.890359	  0.288562	  0.587773  
	938	  5	  794	  873	  5.039290	  -1.220059	  0.151189  
	939	  5	  795	  874	  5.429629	  0.488244	  0.476177  
	940	  5	  796	  875	  4.508431	  -0.823134	  0.510777  
	941	  5	  797	  983	  4.621080	  -0.190219	  0.369723  
	947	  5	  803	  880	  3.604373	  0.180755	  0.125650  
	948	  5	  109	  881	  4.030894	  0.112150	  0.214062  
	951	  5	  806	  884	  5.999059	  -1.161108	  0.710208  
	952	  5	  1761	  1080	  4.676574	  0.156184	  0.564221  
	953	  5	  709	  886	  4.024539	  0.286950	  0.734425  
	962	  5	  712	  895	  5.045447	  0.183852	  0.661546  
	963	  5	  1849	  1444	  4.847583	  0.145016	  0.387741  
	966	  5	  813	  898	  4.999405	  0.278375	  0.780356  
	968	  5	  815	  900	  7.212085	  2.292662	  0.459644  
	969	  5	  816	  751	  5.805509	  0.896275	  0.387365  
	971	  5	  818	  902	  4.961327	  -0.204068	  0.505640  
	972	  5	  819	  903	  6.224537	  -1.467503	  0.594387  
	973	  5	  820	  904	  4.940557	  0.447683	  0.464257  
	975	  5	  822	  906	  3.876615	  -0.114182	  0.198693  
	977	  5	  824	  900	  4.767493	  -0.845666	  0.432148  
	979	  5	  826	  1879	  3.684591	  0.080756	  0.285968  
	982	  5	  829	  913	  5.967341	  -0.656361	  0.577564  
	985	  5	  832	  1880	  3.326476	  0.030982	  0.146073  
	986	  5	  833	  521	  5.571186	  0.234945	  0.675806  
	987	  5	  1840	  916	  3.454152	  0.042378	  0.562634  
	991	  5	  838	  920	  4.879762	  1.002424	  0.159921  
	992	  5	  839	  921	  4.543988	  -0.613057	  0.424615  
	995	  5	  842	  1635	  4.770672	  -0.079798	  0.834706  
	997	  5	  1076	  926	  4.757141	  -0.080709	  0.837726  
	998	  5	  756	  1871	  4.974485	  -0.492486	  0.552250  
	1000	  5	  847	  929	  4.651407	  0.888565	  0.124901  
	1005	  5	  852	  930	  8.253524	  4.929494	  0.454266  
	1006	  5	  853	  931	  5.174530	  0.771898	  0.536105  
	1007	  5	  854	  1177	  3.610756	  -0.044487	  0.391999  
	1012	  5	  859	  937	  4.637926	  0.508302	  0.413782  
	1013	  5	  860	  938	  3.759954	  0.216774	  0.125315  
	1014	  5	  861	  1632	  3.953707	  0.179208	  0.215985  
	1017	  5	  864	  942	  3.339742	  0.080756	  0.285968  
	1020	  5	  867	  944	  3.990178	  0.203231	  0.443085  
	1021	  5	  868	  945	  6.487568	  1.985865	  0.208736  
	1022	  5	  869	  946	  6.202925	  -1.356481	  0.336997  
	1023	  5	  870	  1871	  4.075341	  0.288562	  0.587773  
	1026	  5	  873	  950	  5.098338	  -1.220059	  0.151189  
	1027	  5	  874	  951	  5.590063	  0.488244	  0.476177  
	1028	  5	  875	  952	  4.400912	  -0.823134	  0.510777  
	1029	  5	  983	  953	  4.659219	  -0.190219	  0.369723  
	1031	  5	  596	  1931	  3.957734	  -0.073127	  0.503901  
	1032	  5	  1160	  1040	  4.579660	  -0.101187	  0.225115  
	1033	  5	  880	  957	  3.754543	  0.180755	  0.125650  
	1034	  5	  881	  958	  4.028491	  0.112150	  0.214062  
	1037	  5	  884	  961	  6.035357	  -1.161108	  0.710208  
	1038	  5	  1080	  962	  3.782498	  0.073998	  0.544328  
	1039	  5	  886	  963	  4.344983	  0.286950	  0.734425  
	1040	  5	  1761	  964	  4.564169	  -0.156184	  0.564221  
	1042	  5	  889	  966	  5.962220	  -0.639456	  0.330310  
	1046	  5	  893	  1324	  4.782439	  0.280821	  0.723300  
	1065	  5	  895	  987	  5.073787	  0.183852	  0.661546  
	1066	  5	  1444	  1999	  3.576143	  0.052448	  0.289898  
	1072	  5	  902	  993	  4.957004	  -0.204068	  0.505640  
	1073	  5	  903	  994	  6.187516	  -1.467503	  0.594387  
	1074	  5	  904	  995	  4.932568	  0.447683	  0.464257  
	1076	  5	  906	  1466	  3.737625	  -0.114182	  0.198693  
	1078	  5	  900	  999	  6.740211	  1.446996	  0.475714  
	1081	  5	  827	  335	  7.957329	  1.795704	  0.675827  
	1083	  5	  912	  1002	  8.927155	  -5.395997	  0.429014  
	1084	  5	  913	  1003	  6.006656	  -0.656361	  0.577564  
	1087	  5	  916	  1633	  3.602954	  0.042378	  0.562634  
	1088	  5	  1862	  1932	  5.858841	  0.582138	  0.397240  
	1089	  5	  918	  1007	  4.354430	  -0.195472	  0.369678  
	1090	  5	  920	  1008	  4.872648	  1.002424	  0.159921  
	1091	  5	  921	  1102	  4.359041	  -0.613057	  0.424615  
	1096	  5	  926	  1014	  4.759697	  -0.080709	  0.837726  
	1099	  5	  929	  1016	  4.618642	  0.888565	  0.124901  
	1100	  5	  930	  1017	  8.328035	  4.929494	  0.454266  
	1101	  5	  931	  1018	  5.167478	  0.771898	  0.536105  
	1104	  5	  1030	  1021	  4.838901	  0.350910	  0.504954  
	1105	  5	  290	  1634	  3.812551	  -0.112150	  0.214062  
	1106	  5	  936	  1023	  6.232319	  -0.967242	  0.564475  
	1107	  5	  937	  1024	  4.670725	  0.508302	  0.413782  
	1108	  5	  938	  1025	  3.787007	  0.216774	  0.125315  
	1112	  5	  942	  1156	  3.527792	  0.080756	  0.285968  
	1114	  5	  944	  1030	  4.052538	  0.203231	  0.443085  
	1115	  5	  945	  1031	  6.624105	  1.985865	  0.208736  
	1116	  5	  946	  1032	  6.236813	  -1.356481	  0.336997  
	1118	  5	  1670	  971	  4.784198	  0.102613	  0.404331  
	1120	  5	  950	  1035	  4.180067	  -0.331494	  0.221654  
	1121	  5	  951	  1036	  5.708713	  0.488244	  0.476177  
	1122	  5	  952	  1568	  4.193007	  -0.823134	  0.510777  
	1123	  5	  953	  1879	  4.692284	  -0.190219	  0.369723  
	1127	  5	  957	  1755	  3.861074	  0.180755	  0.125650  
	1128	  5	  958	  1346	  3.977620	  0.112150	  0.214062  
	1131	  5	  961	  1044	  6.069770	  -1.161108	  0.710208  
	1132	  5	  962	  1045	  3.873871	  0.073998	  0.544328  
	1133	  5	  963	  1046	  4.532851	  0.286950	  0.734425  
	1136	  5	  966	  1929	  6.067912	  -0.639456	  0.330310  
	1138	  5	  751	  1050	  7.713559	  3.428232	  0.479157  
	1140	  5	  970	  1139	  3.636717	  0.222055	  0.084446  
	1141	  5	  971	  1140	  4.651555	  -0.099454	  0.304363  
	1142	  5	  1083	  1720	  5.135184	  0.449449	  0.254512  
	1143	  5	  439	  1055	  4.777740	  0.797323	  0.174150  
	1145	  5	  1071	  1057	  5.157959	  -0.348846	  0.185610  
	1146	  5	  976	  1058	  4.788442	  -0.447683	  0.464257  
	1148	  5	  978	  1059	  3.694381	  0.107201	  0.614821  
	1149	  5	  979	  1060	  6.191285	  0.729767	  0.516920  
	1151	  5	  894	  1062	  6.026514	  0.474756	  0.577156  
	1152	  5	  982	  1988	  4.653863	  0.108178	  0.467462  
	1159	  5	  1068	  1069	  3.728014	  0.050151	  0.448011  
	1163	  5	  826	  1156	  3.627469	  -0.080756	  0.285968  
	1173	  5	  751	  1082	  5.242867	  -1.175877	  0.399873  
	1176	  5	  987	  1085	  5.080946	  0.183852	  0.661546  
	1178	  5	  1269	  1087	  5.513141	  0.481802	  0.257451  
	1180	  5	  993	  1089	  4.941800	  -0.204068	  0.505640  
	1181	  5	  994	  1090	  6.142240	  -1.467503	  0.594387  
	1182	  5	  995	  1091	  4.909152	  0.447683	  0.464257  
	1183	  5	  1466	  1092	  5.483593	  -0.489049	  0.466584  
	1185	  5	  999	  1489	  6.818047	  1.446996	  0.475714  
	1187	  5	  1002	  1096	  8.892215	  -5.395997	  0.429014  
	1188	  5	  1003	  1097	  6.046218	  -0.656361	  0.577564  
	1190	  5	  1633	  1196	  4.640176	  -0.093159	  0.324785  
	1191	  5	  1932	  1197	  6.176512	  0.986477	  0.339435  
	1192	  5	  1007	  1100	  4.346689	  -0.195472	  0.369678  
	1193	  5	  1008	  1101	  4.856888	  1.002424	  0.159921  
	1199	  5	  1014	  1355	  4.719971	  -0.080709	  0.837726  
	1201	  5	  1016	  1109	  4.578597	  0.888565	  0.124901  
	1202	  5	  1017	  1480	  8.829747	  6.915359	  0.383758  
	1203	  5	  1018	  1111	  5.141382	  0.771898	  0.536105  
	1206	  5	  1021	  1114	  4.811906	  0.350910	  0.504954  
	1207	  5	  1634	  328	  5.096241	  0.173356	  0.258282  
	1209	  5	  1024	  1115	  4.684897	  0.508302	  0.413782  
	1210	  5	  1025	  544	  3.802615	  0.216774	  0.125315  
	1216	  5	  1031	  1121	  6.732402	  1.985865	  0.208736  
	1217	  5	  1032	  829	  6.267394	  -1.356481	  0.336997  
	1219	  5	  1034	  2015	  3.689029	  -0.146081	  0.141649  
	1220	  5	  1035	  1124	  4.181694	  -0.331494	  0.221654  
	1221	  5	  1036	  1125	  5.794936	  0.488244	  0.476177  
	1224	  5	  1683	  1127	  4.519334	  0.292979	  0.479643  
	1225	  5	  1040	  1128	  3.792274	  -0.067041	  0.209598  
	1229	  5	  1044	  1131	  6.097464	  -1.161108	  0.710208  
	1230	  5	  1045	  1132	  3.928050	  0.073998	  0.544328  
	1231	  5	  1046	  1133	  4.644089	  0.286950	  0.734425  
	1235	  5	  1050	  1137	  7.654960	  3.428232	  0.479157  
	1239	  5	  1720	  1224	  4.254518	  0.277301	  0.307603  
	1240	  5	  1055	  1142	  4.761181	  0.797323	  0.174150  
	1243	  5	  1058	  1144	  5.296806	  -0.624871	  0.394763  
	1244	  5	  1059	  1145	  3.808918	  0.107201	  0.614821  
	1245	  5	  1060	  1146	  6.160965	  0.729767	  0.516920  
	1247	  5	  1062	  1148	  5.903388	  0.474756	  0.577156  
	1251	  5	  1066	  1636	  4.762543	  -0.116114	  0.610739  
	1255	  5	  1070	  1154	  5.582945	  -0.687647	  0.410371  
	1257	  5	  1072	  1671	  4.520434	  -0.225686	  0.786086  
	1264	  5	  1080	  1161	  3.830137	  0.082186	  0.582132  
	1265	  5	  596	  1162	  4.212499	  -0.078320	  0.719643  
	1266	  5	  1082	  1163	  5.261018	  -1.175877	  0.399873  
	1269	  5	  1083	  398	  5.044302	  0.499757	  0.301584  
	1270	  5	  1084	  1166	  5.717987	  0.268492	  0.439548  
	1271	  5	  298	  1167	  4.718105	  -0.277942	  0.874476  
	1274	  5	  328	  1939	  5.217531	  0.173356	  0.258282  
	1285	  5	  1181	  32	  6.310416	  0.523952	  0.734561  
	1288	  5	  1261	  1433	  4.554260	  -0.268450	  0.480739  
	1290	  5	  1085	  1186	  5.075347	  0.183852	  0.661546  
	1292	  5	  1087	  1188	  5.423450	  0.481802	  0.257451  
	1293	  5	  1089	  1189	  4.904008	  -0.204068	  0.505640  
	1294	  5	  1090	  1190	  6.085389	  -1.467503	  0.594387  
	1296	  5	  1092	  1192	  5.415537	  -0.489049	  0.466584  
	1299	  5	  1096	  1194	  8.856272	  -5.395997	  0.429014  
	1300	  5	  1097	  1195	  6.079319	  -0.656361	  0.577564  
	1303	  5	  1100	  1433	  4.321154	  -0.195472	  0.369678  
	1304	  5	  1101	  1198	  4.832786	  1.002424	  0.159921  
	1305	  5	  1102	  1199	  3.994338	  -0.613057	  0.424615  
	1311	  5	  1108	  1334	  4.076186	  0.146081	  0.141649  
	1312	  5	  1109	  950	  4.540818	  0.888565	  0.124901  
	1313	  5	  1480	  1204	  5.707602	  1.519363	  0.223031  
	1316	  5	  1114	  107	  4.765696	  0.350910	  0.504954  
	1317	  5	  1115	  1206	  4.684484	  0.508302	  0.413782  
	1323	  5	  1121	  1208	  6.823896	  1.985865	  0.208736  
	1324	  5	  1881	  1956	  4.688690	  -0.103024	  0.345648  
	1325	  5	  2015	  1210	  4.055727	  0.203925	  0.501984  
	1326	  5	  1124	  1489	  4.096968	  -0.331494	  0.221654  
	1327	  5	  1125	  1692	  5.876036	  0.488244	  0.476177  
	1329	  5	  1127	  1500	  4.565488	  0.292979	  0.479643  
	1330	  5	  1128	  1215	  3.746008	  -0.067041	  0.209598  
	1333	  5	  1131	  1217	  6.114655	  -1.161108	  0.710208  
	1334	  5	  1132	  1218	  3.946779	  0.073998	  0.544328  
	1335	  5	  1133	  1219	  4.707145	  0.286950	  0.734425  
	1339	  5	  1137	  1221	  7.606854	  3.428232	  0.479157  
	1340	  5	  1139	  1222	  3.714751	  0.222055	  0.084446  
	1341	  5	  1140	  1160	  4.750381	  -0.099454	  0.304363  
	1343	  5	  1142	  1225	  4.739182	  0.797323	  0.174150  
	1345	  5	  1144	  1226	  5.176625	  -0.624871	  0.394763  
	1347	  5	  1146	  1228	  6.125096	  0.729767	  0.516920  
	1351	  5	  1636	  1230	  3.501673	  -0.055136	  0.466301  
	1353	  5	  1153	  850	  3.881011	  0.050151	  0.448011  
	1354	  5	  1154	  1231	  5.656744	  -0.687647	  0.410371  
	1359	  5	  1160	  1235	  3.992997	  0.052814	  0.153582  
	1360	  5	  1161	  1470	  3.913728	  0.082186	  0.582132  
	1361	  5	  1162	  1237	  4.224984	  -0.078320	  0.719643  
	1363	  5	  57	  1238	  4.977468	  -0.278375	  0.780356  
	1365	  5	  1166	  1240	  5.855719	  0.268492	  0.439548  
	1366	  5	  1167	  1241	  4.702640	  -0.277942	  0.874476  
	1368	  5	  1169	  1243	  4.272507	  0.258680	  0.669451  
	1369	  5	  1939	  1244	  3.695087	  0.088129	  0.231990  
	1376	  5	  1177	  1596	  3.567933	  -0.044487	  0.391999  
	1380	  5	  1252	  79	  6.101995	  0.495883	  0.649129  
	1383	  5	  342	  1254	  6.373393	  -0.255204	  0.702017  
	1390	  5	  519	  1437	  3.904253	  -0.199422	  0.357619  
	1399	  5	  864	  803	  5.187587	  -0.280669	  0.429782  
	1403	  5	  1058	  1272	  3.609376	  0.177188	  0.219180  
	1412	  5	  1186	  1281	  5.054118	  0.183852	  0.661546  
	1413	  5	  1188	  1282	  5.349232	  0.481802	  0.257451  
	1414	  5	  1189	  1283	  4.846079	  -0.204068	  0.505640  
	1415	  5	  1190	  1284	  6.015492	  -1.467503	  0.594387  
	1417	  5	  1192	  1286	  5.330415	  -0.489049	  0.466584  
	1418	  5	  1489	  1287	  4.923416	  0.459140	  0.513542  
	1419	  5	  1194	  1288	  8.819187	  -5.395997	  0.429014  
	1420	  5	  1195	  1289	  6.104226	  -0.656361	  0.577564  
	1422	  5	  1197	  73	  6.046120	  0.986477	  0.339435  
	1423	  5	  1198	  1292	  4.799200	  1.002424	  0.159921  
	1424	  5	  1199	  709	  7.090771	  2.075135	  0.628441  
	1429	  5	  1334	  1297	  5.542727	  0.404761	  0.478964  
	1430	  5	  1204	  1298	  5.784073	  1.519363	  0.223031  
	1431	  5	  1112	  1756	  3.372756	  0.040383	  0.240226  
	1432	  5	  1206	  1300	  4.666463	  0.508302	  0.413782  
	1434	  5	  1208	  1302	  6.903197	  1.985865	  0.208736  
	1440	  5	  1500	  1307	  5.128455	  -0.394667	  0.358947  
	1441	  5	  1215	  1400	  3.623415	  -0.067041	  0.209598  
	1442	  5	  1346	  1309	  4.816510	  0.193588	  0.471452  
	1443	  5	  1217	  1310	  6.126047	  -1.161108	  0.710208  
	1444	  5	  1218	  1900	  3.930905	  0.073998	  0.544328  
	1445	  5	  1219	  1312	  4.744975	  0.286950	  0.734425  
	1447	  5	  1221	  1314	  7.553457	  3.428232	  0.479157  
	1448	  5	  1222	  1315	  3.732188	  0.222055	  0.084446  
	1450	  5	  1224	  1449	  4.402146	  -0.117366	  0.480255  
	1451	  5	  1225	  1318	  4.703710	  0.797323	  0.174150  
	1452	  5	  1226	  1319	  5.020157	  -0.624871	  0.394763  
	1453	  5	  1228	  1320	  6.082464	  0.729767	  0.516920  
	1456	  5	  1230	  1322	  3.432644	  -0.055136	  0.466301  
	1457	  5	  1231	  1323	  5.725955	  -0.687647	  0.410371  
	1458	  5	  1671	  1324	  4.922056	  -0.280821	  0.723300  
	1459	  5	  912	  90	  3.963211	  0.436846	  0.183770  
	1461	  5	  1235	  1501	  3.959139	  0.052814	  0.153582  
	1462	  5	  1470	  1758	  4.090922	  -0.083369	  0.420087  
	1463	  5	  1237	  1328	  4.227593	  -0.078320	  0.719643  
	1464	  5	  1238	  1329	  4.996175	  -0.278375	  0.780356  
	1466	  5	  1240	  1331	  5.971163	  0.268492	  0.439548  
	1467	  5	  1241	  1332	  4.659337	  -0.277942	  0.874476  
	1469	  5	  1243	  1334	  4.438167	  0.258680	  0.669451  
	1473	  5	  1596	  1337	  3.473084	  -0.044487	  0.391999  
	1474	  5	  1071	  632	  6.039779	  0.373799	  0.305126  
	1477	  5	  1254	  1339	  6.249079	  -0.255204	  0.702017  
	1483	  5	  1261	  1344	  5.512448	  0.433429	  0.640114  
	1484	  5	  1262	  1345	  7.126758	  -2.373716	  0.229611  
	1486	  5	  1264	  1347	  4.168543	  0.124300	  0.460995  
	1487	  5	  1265	  1348	  4.430882	  -0.092568	  0.443177  
	1488	  5	  1266	  1349	  4.088836	  0.083369	  0.420088  
	1491	  5	  1269	  918	  5.589783	  -0.481802	  0.257451  
	1494	  5	  1272	  1353	  3.754637	  0.177188	  0.219180  
	1499	  5	  1277	  1358	  3.738968	  0.199422	  0.357619  
	1502	  5	  637	  1360	  4.813346	  0.183852	  0.661546  
	1508	  5	  1153	  1069	  3.828984	  -0.050151	  0.448011  
	1516	  5	  1145	  1372	  4.600264	  0.187565	  0.407492  
	1518	  5	  1374	  1814	  3.880936	  -0.089158	  0.345449  
	1519	  5	  1451	  133	  4.239741	  0.144039	  0.682757  
	1521	  5	  1377	  593	  4.661184	  -0.128251	  0.640545  
	1522	  5	  1281	  1378	  5.023077	  0.183852	  0.661546  
	1523	  5	  1282	  936	  5.226230	  0.481802	  0.257451  
	1526	  5	  1284	  1381	  5.933465	  -1.467503	  0.594387  
	1528	  5	  1286	  1382	  5.211359	  -0.489049	  0.466584  
	1529	  5	  1287	  533	  5.031112	  0.459140	  0.513542  
	1530	  5	  1288	  1383	  8.780369	  -5.395997	  0.429014  
	1531	  5	  1289	  1384	  6.122644	  -0.656361	  0.577564  
	1534	  5	  1292	  311	  5.611125	  1.363095	  0.329688  
	1539	  5	  1297	  1389	  5.517188	  0.404761	  0.478964  
	1540	  5	  1298	  1390	  5.851137	  1.519363	  0.223031  
	1542	  5	  1300	  320	  5.502557	  0.786677	  0.543499  
	1545	  5	  1302	  1394	  6.972642	  1.985865	  0.208736  
	1550	  5	  1307	  1399	  5.175516	  -0.394667	  0.358947  
	1552	  5	  1309	  1401	  4.746127	  0.193588	  0.471452  
	1553	  5	  1310	  1402	  6.128211	  -1.161108	  0.710208  
	1555	  5	  1312	  1403	  4.753404	  0.286950	  0.734425  
	1556	  5	  1313	  1404	  5.139854	  -0.131041	  0.783509  
	1557	  5	  1314	  1405	  7.494076	  3.428232	  0.479157  
	1560	  5	  1318	  147	  4.672395	  0.797323	  0.174150  
	1561	  5	  1319	  231	  4.829367	  -0.624871	  0.394763  
	1562	  5	  1320	  1408	  6.037218	  0.729767	  0.516920  
	1563	  5	  1322	  1671	  3.247636	  -0.055136	  0.466301  
	1564	  5	  1323	  1410	  5.785230	  -0.687647	  0.410371  
	1569	  5	  1328	  1413	  4.202321	  -0.078320	  0.719643  
	1570	  5	  1329	  1414	  5.010667	  -0.278375	  0.780356  
	1572	  5	  1331	  1416	  6.062106	  0.268492	  0.439548  
	1573	  5	  1332	  504	  4.564784	  -0.277942	  0.874476  
	1574	  5	  1835	  1640	  4.522270	  0.108178	  0.467462  
	1578	  5	  1337	  1509	  4.244128	  0.050210	  0.547675  
	1580	  5	  1339	  1422	  6.114480	  -0.255204	  0.702017  
	1585	  5	  1344	  1426	  5.468030	  0.433429	  0.640114  
	1586	  5	  1345	  1427	  5.995631	  -0.854354	  0.241312  
	1588	  5	  1347	  1428	  4.210089	  0.124300	  0.460995  
	1589	  5	  1348	  1429	  4.418717	  -0.092568	  0.443177  
	1590	  5	  1349	  1758	  4.100562	  0.083369	  0.420087  
	1592	  5	  918	  1431	  4.122603	  -0.172147	  0.168992  
	1594	  5	  1353	  1433	  3.857747	  0.177188	  0.219180  
	1596	  5	  1355	  1337	  4.622435	  -0.080709	  0.837726  
	1598	  5	  1357	  1436	  3.327415	  -0.154972	  0.022998  
	1599	  5	  1358	  1437	  3.841330	  0.199422	  0.357619  
	1601	  5	  1360	  1438	  4.894915	  0.183852	  0.661546  
	1602	  5	  1361	  1439	  4.452388	  -0.051080	  0.305450  
	1603	  5	  1362	  1957	  3.945930	  0.073127	  0.503901  
	1606	  5	  1365	  1443	  5.300711	  0.783692	  0.224535  
	1609	  5	  771	  854	  4.525393	  0.113104	  0.494857  
	1612	  5	  1372	  1932	  4.533993	  0.187565	  0.407492  
	1628	  5	  1034	  1463	  3.847354	  0.146081	  0.141649  
	1634	  5	  1148	  1023	  5.796846	  0.474756	  0.577156  
	1643	  5	  1378	  1091	  4.969312	  0.183852	  0.661546  
	1645	  5	  1381	  1478	  5.834918	  -1.467503	  0.594387  
	1646	  5	  1382	  1479	  5.039012	  -0.489049	  0.466584  
	1647	  5	  1383	  1480	  8.738747	  -5.395997	  0.429014  
	1648	  5	  1384	  1481	  6.134661	  -0.656361	  0.577564  
	1652	  5	  1389	  1485	  5.486420	  0.404761	  0.478964  
	1653	  5	  1390	  1486	  5.908603	  1.519363	  0.223031  
	1654	  5	  1756	  1196	  4.734174	  0.093159	  0.324785  
	1656	  5	  1394	  1017	  7.023833	  1.985865	  0.208736  
	1657	  5	  1703	  1963	  4.332592	  -0.090313	  0.353004  
	1659	  5	  1692	  1490	  3.340577	  0.080364	  0.130926  
	1661	  5	  1399	  1224	  5.211552	  -0.394667	  0.358947  
	1663	  5	  1402	  1577	  6.117987	  -1.161108	  0.710208  
	1664	  5	  1403	  298	  4.742655	  0.286950	  0.734425  
	1665	  5	  1404	  1495	  5.174793	  -0.131041	  0.783509  
	1666	  5	  1405	  1496	  7.429811	  3.428232	  0.479157  
	1669	  5	  1408	  715	  5.980328	  0.729767	  0.516920  
	1671	  5	  1410	  1500	  5.838322	  -0.687647	  0.410371  
	1674	  5	  1413	  1503	  4.144464	  -0.078320	  0.719643  
	1675	  5	  1414	  898	  5.014659	  -0.278375	  0.780356  
	1677	  5	  1416	  1505	  6.137357	  0.268492	  0.439548  
	1683	  5	  1422	  1511	  5.931170	  -0.255204	  0.702017  
	1684	  5	  220	  1755	  4.018913	  -0.143047	  0.337987  
	1687	  5	  1426	  1515	  5.413778	  0.433429	  0.640114  
	1688	  5	  1427	  1516	  5.973925	  -0.854354	  0.241312  
	1689	  5	  1428	  1517	  4.222133	  0.124300	  0.460995  
	1690	  5	  1429	  1593	  4.373100	  -0.092568	  0.443177  
	1692	  5	  1431	  1520	  4.129530	  -0.172147	  0.168992  
	1696	  5	  1435	  1881	  5.496370	  -0.247491	  0.400064  
	1697	  5	  1436	  1524	  3.329976	  -0.154972	  0.022998  
	1700	  5	  1439	  1526	  4.459441	  -0.051080	  0.305450  
	1704	  5	  1443	  131	  5.379855	  0.783692	  0.224535  
	1705	  5	  1444	  1593	  4.268255	  0.092568	  0.443177  
	1711	  5	  1451	  1533	  4.159597	  -0.144039	  0.682757  
	1712	  5	  1452	  1534	  3.410662	  0.037370	  0.454155  
	1715	  5	  1455	  1536	  5.372683	  -0.275080	  0.730752  
	1717	  5	  1457	  1538	  4.505558	  0.118456	  0.782501  
	1722	  5	  1462	  912	  7.256514	  -1.638687	  0.666896  
	1724	  5	  854	  1611	  4.993869	  0.157591	  0.465821  
	1725	  5	  936	  1546	  7.120539	  2.149707	  0.470194  
	1726	  5	  1466	  90	  4.724926	  0.374867	  0.548182  
	1729	  5	  1470	  1549	  4.885535	  0.165555	  0.500530  
	1733	  5	  342	  1552	  6.470953	  0.255204	  0.702017  
	1734	  5	  832	  1553	  5.245468	  -0.144086	  0.419860  
	1752	  5	  1478	  1568	  5.707547	  -1.467503	  0.594387  
	1755	  5	  1481	  1569	  6.140622	  -0.656361	  0.577564  
	1758	  5	  1485	  1572	  5.449710	  0.404761	  0.478964  
	1759	  5	  1486	  1573	  5.956959	  1.519363	  0.223031  
	1761	  5	  1963	  1065	  3.313325	  -0.037563	  0.611266  
	1763	  5	  1490	  1575	  3.468963	  0.080364	  0.130926  
	1768	  5	  1495	  1531	  5.195703	  -0.131041	  0.783509  
	1769	  5	  1496	  1579	  7.365867	  3.428232	  0.479157  
	1776	  5	  1503	  1583	  4.032736	  -0.078320	  0.719643  
	1777	  5	  1504	  1584	  4.345925	  -0.071631	  0.516034  
	1778	  5	  1505	  1585	  6.200314	  0.268492	  0.439548  
	1779	  5	  1506	  635	  4.708796	  0.165555	  0.500530  
	1781	  5	  1509	  1910	  4.384044	  0.050210	  0.547675  
	1783	  5	  1511	  1666	  5.671038	  -0.255204	  0.702017  
	1787	  5	  1515	  1591	  5.349017	  0.433429	  0.640114  
	1788	  5	  1516	  1592	  5.946613	  -0.854354	  0.241312  
	1789	  5	  1517	  1862	  4.205404	  0.124300	  0.460995  
	1792	  5	  1520	  1595	  4.105014	  -0.172147	  0.168992  
	1796	  5	  1524	  1597	  3.309317	  -0.154972	  0.022998  
	1797	  5	  1438	  712	  4.980068	  0.183852	  0.661546  
	1798	  5	  1526	  1598	  4.461036	  -0.051080	  0.305450  
	1803	  5	  1531	  1601	  5.202973	  -0.131041	  0.783509  
	1805	  5	  1533	  1602	  4.031091	  -0.144039	  0.682757  
	1806	  5	  1534	  1603	  3.614114	  0.037370	  0.454155  
	1808	  5	  1536	  1604	  5.462863	  -0.275080	  0.730752  
	1810	  5	  1538	  1401	  4.467222	  0.118456	  0.782501  
	1816	  5	  1463	  1610	  3.959045	  0.146081	  0.141649  
	1818	  5	  1546	  1612	  7.027997	  2.149707	  0.470194  
	1821	  5	  1549	  1615	  4.826186	  0.165555	  0.500530  
	1822	  5	  1956	  1616	  3.747300	  -0.052814	  0.153582  
	1823	  5	  1551	  1617	  4.690850	  -0.148813	  0.721761  
	1824	  5	  1552	  1618	  6.532176	  0.255204	  0.702017  
	1825	  5	  1553	  1619	  5.214625	  -0.144086	  0.419860  
	1826	  5	  562	  894	  6.136358	  0.474756	  0.577156  
	1841	  5	  855	  1631	  4.465640	  -0.131382	  0.843717  
	1853	  5	  1504	  1670	  4.309850	  0.071631	  0.516034  
	1855	  5	  1900	  1642	  3.906859	  -0.179208	  0.215985  
	1860	  5	  1569	  1646	  6.144463	  -0.656361	  0.577564  
	1863	  5	  1572	  1649	  5.402785	  0.404761	  0.478964  
	1864	  5	  1573	  1345	  5.990718	  1.519363	  0.223031  
	1866	  5	  1575	  1651	  3.479880	  0.080364	  0.130926  
	1868	  5	  1577	  1653	  6.095093	  -1.161108	  0.710208  
	1870	  5	  1579	  1654	  7.291968	  3.428232	  0.479157  
	1874	  5	  1583	  339	  3.784949	  -0.078320	  0.719643  
	1876	  5	  1585	  1700	  6.300547	  0.268492	  0.439548  
	1880	  5	  1591	  1257	  5.296022	  0.433429	  0.640114  
	1881	  5	  1592	  1660	  5.913759	  -0.854354	  0.241312  
	1884	  5	  1595	  1661	  4.055232	  -0.172147	  0.168992  
	1886	  5	  1597	  1662	  3.265686	  -0.154972	  0.022998  
	1887	  5	  1598	  1663	  4.455228	  -0.051080	  0.305450  
	1890	  5	  1601	  1665	  5.607537	  -0.155945	  0.726873  
	1891	  5	  1602	  1666	  3.748087	  -0.144039	  0.682757  
	1892	  5	  1603	  1667	  3.719450	  0.037370	  0.454155  
	1893	  5	  1604	  1668	  4.918924	  -0.131041	  0.783509  
	1897	  5	  1862	  1672	  4.243701	  -0.092568	  0.443177  
	1898	  5	  912	  2015	  6.295735	  0.699202	  0.455146  
	1899	  5	  1610	  1674	  4.039001	  0.146081	  0.141649  
	1900	  5	  1611	  1675	  5.359797	  0.210039	  0.421892  
	1901	  5	  1612	  168	  6.898952	  2.149707	  0.470194  
	1903	  5	  1615	  1506	  4.770215	  0.165555	  0.500530  
	1904	  5	  1616	  1501	  3.863044	  -0.052814	  0.153582  
	1905	  5	  1617	  32	  4.450423	  -0.148813	  0.721761  
	1906	  5	  1618	  1337	  6.651382	  0.255204	  0.702017  
	1907	  5	  1619	  1680	  5.189753	  -0.144086	  0.419860  
	1909	  5	  855	  1681	  3.343544	  -0.024904	  0.428870  
	1912	  5	  1624	  1682	  3.253172	  0.030357	  0.484752  
	1913	  5	  1065	  1685	  4.415161	  0.131382	  0.843717  
	1919	  5	  1631	  1685	  4.448978	  -0.131382	  0.843717  
	1921	  5	  1633	  1687	  5.087263	  0.135536	  0.399153  
	1922	  5	  1688	  435	  5.935777	  -0.464714	  0.231299  
	1923	  5	  1634	  1688	  5.536006	  -0.285506	  0.240912  
	1924	  5	  1635	  1783	  4.719588	  -0.079798	  0.834706  
	1925	  5	  1636	  1690	  4.313297	  -0.060978	  0.741337  
	1929	  5	  1640	  1693	  4.482102	  0.108178	  0.467462  
	1930	  5	  1641	  1694	  4.152339	  -0.144797	  0.310062  
	1931	  5	  1642	  1632	  3.944613	  -0.179208	  0.215985  
	1935	  5	  536	  1697	  4.630568	  -0.080709	  0.837726  
	1939	  5	  1939	  1701	  3.159467	  0.034146	  0.255580  
	1944	  5	  889	  635	  5.065328	  -0.254713	  0.446247  
	1950	  5	  1646	  1711	  6.137491	  -0.656361	  0.577564  
	1952	  5	  1649	  1713	  5.349104	  0.404761	  0.478964  
	1954	  5	  1651	  1145	  3.477048	  0.080364	  0.130926  
	1956	  5	  1654	  1715	  7.209020	  3.428232	  0.479157  
	1962	  5	  1660	  1719	  5.875571	  -0.854354	  0.241312  
	1963	  5	  1661	  1720	  3.975609	  -0.172147	  0.168992  
	1964	  5	  1662	  106	  3.199475	  -0.154972	  0.022998  
	1965	  5	  1663	  1721	  4.437103	  -0.051080	  0.305450  
	1969	  5	  1667	  1724	  3.779310	  0.037370	  0.454155  
	1970	  5	  1668	  1725	  4.990941	  -0.131041	  0.783509  
	1971	  5	  1669	  1726	  4.449133	  -0.052776	  0.389488  
	1972	  5	  1670	  1950	  3.370300	  -0.030982	  0.146073  
	1976	  5	  1674	  1729	  4.071088	  0.146081	  0.141649  
	1977	  5	  1675	  1730	  5.296346	  0.210039	  0.421892  
	1981	  5	  1337	  1783	  4.630982	  0.079798	  0.834706  
	1982	  5	  1680	  1700	  5.155478	  -0.144086	  0.419860  
	1983	  5	  1681	  1735	  3.319740	  -0.024904	  0.428870  
	1984	  5	  1682	  1449	  3.319438	  0.030357	  0.484752  
	1989	  5	  1687	  1738	  5.003013	  0.135536	  0.399153  
	1991	  5	  1690	  1740	  4.345171	  -0.060978	  0.741337  
	1993	  5	  1692	  1741	  5.571888	  0.407880	  0.544201  
	1994	  5	  1693	  1900	  4.397759	  0.108178	  0.467462  
	1995	  5	  1694	  1742	  4.193013	  -0.144797	  0.310062  
	1998	  5	  1697	  678	  4.671199	  -0.080709	  0.837726  
	2000	  5	  833	  803	  6.755888	  -0.562586	  0.590249  
	2001	  5	  1700	  1745	  4.205205	  0.071631	  0.516034  
	2004	  5	  1703	  1747	  4.274580	  0.090313	  0.353004  
	2006	  5	  1611	  1749	  3.729170	  -0.052448	  0.289898  
	2014	  5	  971	  1854	  5.465266	  0.202066	  0.355129  
	2026	  5	  1711	  1765	  6.124600	  -0.656361	  0.577564  
	2027	  5	  1713	  1766	  5.285346	  0.404761	  0.478964  
	2033	  5	  1719	  1771	  5.827889	  -0.854354	  0.241312  
	2035	  5	  1721	  1772	  4.410690	  -0.051080	  0.305450  
	2037	  5	  1665	  757	  4.137924	  -0.044831	  0.692945  
	2038	  5	  1724	  1774	  3.811290	  0.037370	  0.454155  
	2039	  5	  1725	  1775	  5.054903	  -0.131041	  0.783509  
	2040	  5	  1726	  1776	  4.416945	  -0.052776	  0.389488  
	2042	  5	  1672	  1778	  4.310699	  -0.092568	  0.443177  
	2043	  5	  1729	  1779	  4.086682	  0.146081	  0.141649  
	2044	  5	  1730	  1780	  5.216996	  0.210039	  0.421892  
	2049	  5	  1735	  1785	  3.265944	  -0.024904	  0.428870  
	2052	  5	  1738	  1786	  4.906159	  0.135536	  0.399153  
	2054	  5	  1740	  1788	  4.360210	  -0.060978	  0.741337  
	2055	  5	  1741	  1283	  5.613937	  0.407880	  0.544201  
	2056	  5	  1742	  357	  4.219947	  -0.144797	  0.310062  
	2059	  5	  1745	  1790	  4.272525	  0.071631	  0.516034  
	2061	  5	  1747	  1881	  4.216516	  0.090313	  0.353004  
	2064	  5	  1750	  1793	  4.371978	  -0.050210	  0.547675  
	2066	  5	  1752	  1795	  4.688773	  -0.128251	  0.640545  
	2069	  5	  1755	  833	  4.441442	  -0.160913	  0.644262  
	2080	  5	  1210	  1802	  4.205120	  0.203925	  0.501984  
	2089	  5	  1641	  889	  5.047660	  0.263558	  0.351039  
	2090	  5	  521	  1068	  3.486766	  0.050151	  0.448011  
	2095	  5	  1765	  1817	  6.103358	  -0.656361	  0.577564  
	2096	  5	  1766	  1818	  5.209829	  0.404761	  0.478964  
	2101	  5	  1771	  1820	  5.770092	  -0.854354	  0.241312  
	2102	  5	  1772	  1821	  4.373825	  -0.051080	  0.305450  
	2103	  5	  1774	  357	  3.815329	  0.037370	  0.454155  
	2104	  5	  1775	  1313	  5.102133	  -0.131041	  0.783509  
	2105	  5	  1776	  1822	  4.368676	  -0.052776	  0.389488  
	2107	  5	  1778	  1824	  4.366760	  -0.092568	  0.443177  
	2108	  5	  1779	  1108	  4.086813	  0.146081	  0.141649  
	2109	  5	  1780	  1825	  5.127516	  0.210039	  0.421892  
	2114	  5	  1785	  1601	  3.162532	  -0.024904	  0.428870  
	2115	  5	  1786	  1828	  5.104935	  0.357591	  0.203728  
	2117	  5	  1788	  1830	  4.362114	  -0.060978	  0.741337  
	2119	  5	  1790	  1831	  4.319886	  0.071631	  0.516034  
	2120	  5	  1701	  1040	  3.387563	  0.034146	  0.255580  
	2122	  5	  1793	  1832	  4.406871	  -0.050210	  0.547675  
	2123	  5	  1794	  1833	  4.736799	  -0.118761	  0.400999  
	2124	  5	  1795	  1834	  4.674618	  -0.128251	  0.640545  
	2130	  5	  1802	  1871	  4.244547	  0.203925	  0.501984  
	2141	  5	  561	  1846	  4.421976	  0.092568	  0.443177  
	2143	  5	  521	  1848	  5.299356	  0.184793	  0.737627  
	2145	  5	  1814	  1850	  3.904584	  0.109463	  0.431512  
	2153	  5	  1856	  1756	  4.294172	  0.052776	  0.389488  
	2154	  5	  1817	  1857	  6.074495	  -0.656361	  0.577564  
	2155	  5	  1818	  263	  5.132676	  0.404761	  0.478964  
	2157	  5	  1820	  1859	  5.699174	  -0.854354	  0.241312  
	2159	  5	  1822	  1861	  4.306522	  -0.052776	  0.389488  
	2161	  5	  1824	  1846	  4.400931	  -0.092568	  0.443177  
	2162	  5	  1825	  1862	  5.029251	  0.210039	  0.421892  
	2165	  5	  1828	  1929	  5.015353	  0.357591	  0.203728  
	2166	  5	  1830	  1865	  4.341247	  -0.060978	  0.741337  
	2167	  5	  1831	  1584	  4.342980	  0.071631	  0.516034  
	2168	  5	  1832	  1866	  4.419863	  -0.050210	  0.547675  
	2169	  5	  1833	  1867	  4.780118	  -0.118761	  0.400999  
	2170	  5	  1834	  2016	  4.636361	  -0.128251	  0.640545  
	2176	  5	  1840	  1872	  5.169862	  0.142416	  0.789699  
	2183	  5	  1848	  1877	  5.414952	  0.184793	  0.737627  
	2184	  5	  1849	  1878	  4.352245	  0.108992	  0.319800  
	2185	  5	  1850	  1879	  3.938899	  0.109463	  0.431512  
	2188	  5	  1853	  1881	  3.877741	  0.054154	  0.582071  
	2198	  5	  1315	  1891	  3.727201	  0.222055	  0.084446  
	2206	  5	  1928	  1750	  4.292713	  -0.050210	  0.547675  
	2209	  5	  1900	  64	  3.992957	  -0.198306	  0.166501  
	2210	  5	  1857	  1901	  6.037465	  -0.656361	  0.577564  
	2212	  5	  1859	  1903	  5.611115	  -0.854354	  0.241312  
	2213	  5	  1821	  1904	  4.274121	  -0.051080	  0.305450  
	2214	  5	  1861	  1905	  4.238733	  -0.052776	  0.389488  
	2218	  5	  1865	  1909	  4.294276	  -0.060978	  0.741337  
	2219	  5	  1866	  1910	  4.414623	  -0.050210	  0.547675  
	2220	  5	  1867	  1911	  4.830845	  -0.118761	  0.400999  
	2225	  5	  1872	  1915	  5.212046	  0.142416	  0.789699  
	2230	  5	  1877	  1840	  5.528303	  0.184793	  0.737627  
	2231	  5	  1878	  1919	  4.467333	  0.108992	  0.319800  
	2233	  5	  1880	  1950	  3.394000	  0.030982	  0.146073  
	2235	  5	  1854	  1921	  5.228947	  0.202066	  0.355129  
	2243	  5	  1891	  1786	  3.708567	  0.222055	  0.084446  
	2245	  5	  1856	  1954	  4.379914	  -0.052776	  0.389488  
	2246	  5	  1665	  450	  4.593121	  -0.111114	  0.740563  
	2250	  5	  1921	  1929	  5.692956	  0.281865	  0.490901  
	2258	  5	  1900	  472	  4.506555	  -0.080709	  0.837726  
	2260	  5	  1962	  1853	  3.892448	  0.054154	  0.582071  
	2262	  5	  1901	  1936	  5.988611	  -0.656361	  0.577564  
	2264	  5	  1903	  1938	  5.497569	  -0.854354	  0.241312  
	2265	  5	  1904	  1939	  4.049566	  -0.051080	  0.305450  
	2266	  5	  1905	  1700	  4.151349	  -0.052776	  0.389488  
	2269	  5	  1909	  1915	  4.214948	  -0.060978	  0.741337  
	2271	  5	  1911	  1943	  4.871560	  -0.118761	  0.400999  
	2275	  5	  1915	  1947	  4.118646	  0.081438	  0.825911  
	2278	  5	  1919	  1949	  4.539263	  0.108992	  0.319800  
	2287	  5	  1928	  1956	  4.194230	  0.050210	  0.547675  
	2290	  5	  1931	  1957	  3.963098	  -0.073127	  0.503901  
	2297	  5	  1749	  1964	  3.737422	  -0.052448	  0.289898  
	2302	  5	  1936	  1990	  5.915297	  -0.656361	  0.577564  
	2304	  5	  1938	  1970	  5.352470	  -0.854354	  0.241312  
	2309	  5	  1943	  1972	  4.901906	  -0.118761	  0.400999  
	2313	  5	  1947	  1346	  4.139004	  0.081438	  0.825911  
	2315	  5	  1949	  1974	  4.591417	  0.108992	  0.319800  
	2320	  5	  1954	  1978	  4.422710	  -0.052776	  0.389488  
	2327	  5	  1244	  1982	  3.785192	  0.088129	  0.231990  
	2328	  5	  1962	  1983	  3.871900	  -0.054154	  0.582071  
	2329	  5	  1963	  1984	  3.506974	  -0.052750	  0.169093  
	2330	  5	  1964	  1985	  3.731262	  -0.052448	  0.289898  
	2341	  5	  1972	  1991	  4.922834	  -0.118761	  0.400999  
	2346	  5	  1978	  1993	  4.443223	  -0.052776	  0.389488  
	2349	  5	  1982	  1996	  3.819365	  0.088129	  0.231990  
	2350	  5	  1983	  1997	  3.825387	  -0.054154	  0.582071  
	2351	  5	  1984	  1998	  3.517927	  -0.052750	  0.169093  
	2353	  5	  1985	  1999	  3.699783	  -0.052448	  0.289898  
	2355	  5	  1988	  2024	  4.635280	  0.108178	  0.467462  
	2356	  5	  1266	  2002	  4.740782	  -0.147818	  0.515368  
	2361	  5	  1990	  1489	  5.810849	  -0.656361	  0.577564  
	2362	  5	  1991	  2007	  4.941061	  -0.118761	  0.400999  
	2363	  5	  1974	  1112	  3.298099	  0.040383	  0.240226  
	2365	  5	  1993	  1994	  4.463333	  -0.052776	  0.389488  
	2366	  5	  1994	  1669	  4.465031	  -0.052776	  0.389488  
	2368	  5	  1996	  2010	  3.818327	  0.088129	  0.231990  
	2369	  5	  1997	  518	  3.679732	  -0.054154	  0.582071  
	2370	  5	  1998	  2011	  3.510643	  -0.052750	  0.169093  
	2373	  5	  2002	  2014	  4.643011	  -0.147818	  0.515368  
	2379	  5	  2007	  850	  4.946738	  -0.118761	  0.400999  
	2381	  5	  2010	  395	  3.796097	  0.088129	  0.231990  
	2382	  5	  2011	  2020	  3.477943	  -0.052750	  0.169093  
	2384	  5	  2024	  1835	  4.582518	  0.108178	  0.467462  
	2385	  5	  2014	  2023	  4.472048	  -0.147818	  0.515368  
	2386	  5	  2015	  2023	  5.697154	  0.349196	  0.558941  
	2391	  5	  2020	  2025	  3.418519	  -0.052750	  0.169093  
	2393	  5	  2023	  2027	  4.959393	  0.201378	  0.590925  
	2396	  5	  2025	  1400	  3.283867	  -0.052750	  0.169093  
	2398	  5	  2027	  2029	  5.091452	  0.201378	  0.590925  
	2400	  5	  2029	  2030	  5.184620	  0.201378	  0.590925  
	2401	  5	  2030	  2031	  5.246026	  0.201378	  0.590925  
	2402	  5	  2031	  2016	  5.297514	  0.201378	  0.590925  
 880       total number of nodes
  name    x       y       z
	1	  25.000000	  77.900002	  500.000000  
	2	  55.000000	  95.199997	  500.000000  
	3	  85.000816	  112.500465	  499.965027  
	5	  83.573967	  113.764603	  399.226715  
	6	  85.206367	  112.695511	  349.958557  
	7	  89.273697	  110.400604	  297.558319  
	13	  150.511261	  149.336777	  499.977997  
	14	  275.000000	  222.100006	  500.000000  
	15	  245.000000	  204.800003	  500.000000  
	16	  220.370193	  191.617584	  485.643738  
	18	  214.065582	  183.462799	  402.914856  
	32	  78.860939	  98.905060	  160.380966  
	33	  226.135330	  185.634918	  190.486404  
	36	  73.318504	  90.033607	  157.267319  
	39	  63.199738	  77.319054	  158.587494  
	44	  89.000626	  117.481133	  369.294159  
	53	  230.676239	  190.594238	  201.296417  
	57	  203.794022	  126.202019	  245.139862  
	61	  104.717026	  139.182495	  363.637543  
	64	  180.386047	  194.795364	  104.809853  
	72	  213.884079	  148.117142	  420.818817  
	73	  268.901428	  188.684067	  182.167557  
	74	  167.294937	  199.232544	  107.262871  
	79	  96.732300	  108.717178	  170.685242  
	80	  198.012390	  251.906616	  63.043728  
	82	  109.275230	  164.783585	  351.386292  
	83	  218.199127	  137.753952	  426.345612  
	85	  152.759323	  203.445267	  111.937485  
	90	  266.408325	  76.570602	  212.442215  
	91	  177.184601	  134.060211	  280.431976  
	92	  96.336899	  109.471596	  156.771057  
	93	  203.054443	  234.849991	  61.851196  
	96	  220.701050	  123.634872	  430.257202  
	102	  94.486290	  125.562103	  255.451797  
	106	  264.817810	  94.712967	  217.547958  
	107	  160.865891	  134.007111	  277.054047  
	109	  207.125122	  226.087799	  64.804420  
	111	  115.252342	  201.992752	  343.449066  
	112	  221.619690	  108.559387	  430.015228  
	118	  95.381912	  143.657516	  249.251434  
	122	  103.801048	  120.635902	  367.768188  
	123	  215.116714	  189.203262	  469.595581  
	125	  149.099380	  135.043991	  282.365784  
	128	  120.044991	  217.375793	  340.692963  
	129	  221.670395	  93.490028	  424.968262  
	131	  118.633804	  221.371231	  141.513245  
	133	  70.054756	  146.936111	  160.651123  
	134	  83.743568	  46.895493	  193.121750  
	135	  101.635948	  154.141754	  241.242828  
	139	  118.688171	  109.100380	  367.344208  
	147	  265.707184	  117.534409	  232.728638  
	148	  134.563828	  142.250259	  283.596130  
	151	  118.707977	  233.973221	  335.184967  
	152	  222.969635	  79.468796	  416.083466  
	156	  65.068779	  155.376648	  163.552704  
	157	  215.132050	  259.226166	  178.605545  
	158	  103.786407	  164.729050	  228.595779  
	160	  160.719238	  142.013046	  337.152405  
	162	  128.425476	  96.232910	  368.648102  
	163	  110.900436	  95.271553	  291.844513  
	167	  79.500053	  94.179565	  263.732330  
	168	  217.689377	  195.807449	  227.607422  
	169	  205.769363	  157.867737	  412.645599  
	170	  104.409592	  154.928223	  347.447876  
	172	  98.568535	  132.257660	  126.741943  
	177	  123.076172	  153.462723	  286.664093  
	180	  125.670937	  246.670715	  330.493286  
	181	  227.095886	  65.442734	  408.116913  
	183	  88.858231	  216.014679	  156.123566  
	189	  171.968781	  133.397446	  325.459290  
	191	  135.331406	  81.083649	  368.801300  
	196	  74.256477	  81.435135	  267.639679  
	197	  220.145309	  209.151337	  237.354675  
	198	  193.150284	  153.633255	  407.271606  
	199	  100.916611	  139.655945	  342.071472  
	203	  211.989975	  177.628754	  277.492065  
	212	  260.048340	  149.883179	  240.125977  
	213	  109.880310	  163.585739	  287.449127  
	217	  229.210388	  51.920219	  398.635712  
	220	  185.573135	  38.332565	  110.621620  
	224	  177.562286	  133.293182	  309.928680  
	226	  137.684036	  64.774246	  371.185333  
	231	  70.209450	  72.268250	  267.618347  
	232	  217.198135	  221.911987	  246.706833  
	233	  177.413208	  142.169144	  405.276459  
	234	  97.243118	  127.403549	  331.550232  
	238	  203.408295	  161.776810	  279.462341  
	244	  33.764992	  132.289215	  140.344711  
	246	  207.175995	  197.122513	  371.230469  
	252	  96.304649	  172.543304	  283.887390  
	255	  125.763741	  272.203369	  310.196106  
	256	  97.806244	  264.144287	  388.064636  
	261	  114.773758	  208.825272	  207.783722  
	263	  179.700912	  127.086014	  292.713287  
	265	  140.724915	  49.447708	  376.342834  
	269	  40.258354	  160.586044	  388.199860  
	272	  161.610001	  137.141495	  403.792023  
	273	  88.492996	  114.202774	  322.211914  
	282	  20.276001	  143.833649	  136.700974  
	283	  188.080200	  181.122437	  353.185638  
	290	  187.661560	  259.792358	  68.897308  
	293	  80.981941	  115.652222	  387.408386  
	296	  84.699524	  104.622231	  255.931473  
	298	  259.450073	  184.402695	  244.024399  
	299	  83.783897	  177.076950	  282.106873  
	302	  125.944122	  280.935760	  299.340546  
	303	  95.865784	  250.421951	  380.381134  
	310	  151.138779	  33.795071	  382.194550  
	311	  166.878540	  61.612900	  310.514679  
	313	  21.402222	  162.830627	  393.451935  
	314	  196.472656	  261.177765	  288.898041  
	315	  220.206375	  253.185165	  259.126221  
	316	  147.617096	  128.923233	  402.602570  
	317	  91.935699	  61.033279	  154.555084  
	320	  193.279526	  141.350021	  275.854401  
	326	  177.522034	  179.413742	  358.160919  
	327	  195.365845	  233.575897	  375.445709  
	328	  160.106339	  274.473480	  56.782799  
	330	  95.836006	  81.061684	  149.302338  
	334	  72.430771	  95.446701	  385.560089  
	335	  74.682579	  107.148682	  195.275589  
	339	  93.645813	  93.406441	  157.930084  
	340	  101.002884	  174.116974	  355.005066  
	342	  60.917213	  93.919106	  105.568726  
	349	  257.395416	  193.679871	  251.056686  
	350	  73.611137	  194.702377	  274.765198  
	354	  97.169815	  234.420212	  376.010437  
	357	  179.654297	  194.357559	  151.519913  
	361	  150.477585	  20.090561	  384.900635  
	365	  194.928452	  246.608734	  293.472626  
	366	  93.557922	  43.984100	  259.112274  
	367	  138.280655	  117.229553	  401.736267  
	376	  163.392242	  182.284653	  360.341248  
	377	  192.288132	  247.218124	  379.919678  
	381	  246.139450	  162.600861	  173.405014  
	383	  63.558258	  82.074623	  389.376221  
	388	  88.270027	  169.331970	  363.836426  
	393	  166.343185	  70.135597	  282.322937  
	395	  155.928116	  214.081345	  103.623329  
	396	  195.286591	  141.584473	  125.157211  
	398	  184.350235	  212.280197	  163.697983  
	401	  162.304611	  33.551056	  379.080475  
	402	  271.527313	  160.617111	  396.651001  
	406	  66.902412	  206.541092	  266.381042  
	410	  94.056816	  222.250046	  363.942352  
	413	  178.204880	  182.098694	  142.815399  
	414	  100.103683	  254.340729	  203.207703  
	416	  149.586441	  7.899323	  383.981384  
	419	  193.462570	  230.108994	  293.888580  
	420	  93.384171	  59.359978	  254.254608  
	421	  133.683914	  103.953033	  401.029816  
	430	  186.751144	  262.880798	  378.803864  
	432	  171.691895	  50.584366	  315.531860  
	434	  259.226196	  153.988174	  178.624664  
	435	  147.963303	  265.927124	  93.683510  
	436	  53.208122	  67.124146	  390.797607  
	439	  66.909897	  81.026085	  228.665512  
	441	  78.691643	  162.509903	  373.354736  
	443	  28.196815	  92.783951	  108.097015  
	444	  165.023026	  19.012375	  121.152351  
	448	  144.626343	  220.869522	  107.039063  
	450	  122.520370	  100.335419	  104.159561  
	451	  169.249741	  209.382050	  172.282669  
	452	  206.493805	  152.118713	  159.887939  
	454	  176.497467	  33.648224	  370.441895  
	455	  256.700775	  153.756287	  399.864227  
	461	  140.108566	  166.730255	  353.748657  
	462	  199.504700	  190.735168	  341.160187  
	463	  71.459999	  148.868011	  386.434052  
	465	  57.325806	  210.698654	  225.638443  
	470	  96.270622	  50.498150	  160.256531  
	472	  185.134903	  172.459595	  106.134521  
	477	  56.680908	  215.633163	  257.845490  
	481	  92.467308	  212.879044	  351.200592  
	482	  262.009705	  191.255997	  158.069122  
	485	  219.329086	  42.802864	  203.277206  
	490	  190.562775	  214.425781	  289.397888  
	491	  91.781662	  75.682655	  251.386749  
	492	  133.544922	  89.628120	  401.305664  
	500	  53.132584	  60.933960	  382.167938  
	504	  270.452759	  147.299011	  185.180084  
	506	  172.944473	  284.902069	  400.479492  
	507	  22.039207	  96.377243	  198.193008  
	513	  155.435928	  7.031204	  131.467880  
	515	  191.102188	  39.662231	  278.573944  
	516	  134.464218	  234.007050	  108.247887  
	518	  129.277084	  104.580887	  110.292702  
	519	  146.859726	  202.114990	  174.657700  
	521	  210.280014	  70.497833	  100.322342  
	522	  190.205856	  33.265976	  361.082916  
	523	  241.570724	  146.806152	  399.865204  
	525	  263.837585	  189.787628	  170.462341  
	527	  146.120895	  180.894684	  358.046234  
	528	  193.923309	  209.654175	  338.950775  
	530	  67.028633	  213.675903	  220.697327  
	533	  214.313309	  94.499664	  342.743011  
	534	  106.091400	  42.871170	  168.672745  
	536	  176.306000	  156.686035	  99.125969  
	539	  106.179413	  237.907608	  332.348846  
	541	  103.124573	  120.027657	  134.086655  
	542	  52.276062	  199.028366	  217.664017  
	544	  41.168667	  215.372849	  153.667847  
	552	  195.049454	  77.639862	  331.049194  
	555	  53.435104	  215.136246	  241.932816  
	559	  88.870819	  208.195862	  338.652344  
	561	  56.963531	  184.227188	  73.901192  
	562	  171.398483	  141.992920	  136.615341  
	563	  206.741943	  50.469452	  205.285736  
	565	  21.112885	  197.200073	  384.954681  
	568	  185.191650	  199.209778	  286.035522  
	569	  89.291962	  92.145157	  251.485886  
	570	  138.227005	  75.216911	  403.323608  
	575	  179.699860	  81.279625	  187.791885  
	578	  50.538315	  70.521278	  377.330933  
	580	  182.311432	  36.470406	  317.985687  
	584	  164.790894	  273.010468	  408.586121  
	590	  277.939697	  223.777481	  133.836823  
	592	  123.622620	  246.280533	  109.646782  
	593	  158.396606	  104.765869	  128.580582  
	596	  188.907043	  121.655602	  180.959869  
	598	  200.486237	  29.936707	  348.478790  
	599	  226.440445	  140.173462	  398.540649  
	601	  197.833069	  224.344421	  336.029114  
	603	  82.633606	  216.235504	  219.952682  
	604	  277.552551	  194.736160	  73.240242  
	611	  83.130661	  241.758469	  329.050110  
	612	  79.694916	  130.043213	  291.650360  
	613	  110.498436	  114.059540	  130.604996  
	616	  41.632187	  231.840057	  237.380966  
	618	  273.707916	  222.410599	  155.491226  
	619	  30.246262	  105.475029	  178.310410  
	621	  192.854980	  62.164734	  325.928955  
	622	  120.512032	  164.014862	  351.354492  
	623	  250.345688	  172.584930	  250.316711  
	624	  252.890671	  75.643005	  291.483459  
	626	  55.366364	  240.810867	  275.110443  
	627	  200.252960	  149.406738	  130.407043  
	632	  98.806229	  266.797241	  65.617935  
	635	  239.670868	  167.571732	  133.642395  
	637	  188.760239	  55.962936	  208.731033  
	639	  22.016518	  181.823196	  382.523682  
	640	  90.901009	  238.884735	  263.372101  
	642	  178.760590	  187.320313	  280.400696  
	643	  148.317795	  62.559593	  405.262329  
	645	  129.361511	  98.714996	  212.341293  
	648	  191.920853	  77.396553	  196.875549  
	651	  47.297607	  86.622269	  374.596283  
	655	  120.423737	  263.257385	  138.228851  
	656	  161.088715	  261.368103	  419.771301  
	662	  113.964348	  251.129135	  108.426476  
	668	  78.497925	  249.786209	  335.725342  
	669	  212.213196	  135.068314	  392.155426  
	671	  199.724335	  240.582230	  332.870117  
	674	  26.465363	  183.433685	  70.797005  
	678	  166.011978	  140.172104	  86.774010  
	681	  74.663216	  237.760437	  324.205719  
	682	  78.342003	  146.476303	  289.846680  
	683	  118.571739	  109.611534	  125.076088  
	686	  45.351212	  230.275620	  247.775055  
	689	  277.496735	  101.741684	  171.890945  
	691	  195.306259	  46.173073	  323.122345  
	692	  125.177048	  173.553131	  345.444611  
	693	  239.954132	  177.426102	  262.371490  
	694	  249.278152	  87.296631	  292.639008  
	695	  107.987976	  160.185013	  34.292339  
	696	  51.360680	  226.234528	  257.856354  
	702	  230.549423	  245.780441	  168.196518  
	703	  166.376633	  250.861526	  83.852913  
	706	  279.143188	  85.340370	  114.376816  
	709	  147.250885	  73.810211	  289.492004  
	711	  88.655678	  106.959511	  307.451691  
	712	  150.603760	  63.262840	  224.481216  
	715	  84.324318	  207.857086	  322.526581  
	716	  223.315170	  155.868866	  140.417145  
	718	  178.981430	  68.344536	  209.356750  
	720	  23.518669	  165.416901	  380.115448  
	724	  159.040070	  50.037781	  407.598907  
	725	  129.088348	  114.315765	  215.490036  
	727	  21.271606	  132.385727	  181.974670  
	728	  205.027145	  71.501633	  199.964920  
	729	  260.164124	  200.048462	  85.528145  
	731	  39.810677	  101.398880	  372.916962  
	736	  157.446213	  247.153839	  427.307861  
	747	  201.201904	  128.596603	  381.733398  
	749	  201.437119	  255.850204	  327.717224  
	751	  113.749947	  214.756958	  237.581757  
	752	  32.544968	  172.924393	  68.045578  
	754	  147.602158	  30.322876	  194.885773  
	755	  154.835709	  132.315903	  83.061150  
	756	  170.807465	  207.885666	  190.614273  
	757	  102.247948	  75.540741	  113.479073  
	758	  59.583168	  233.917648	  321.571960  
	759	  80.423149	  162.904083	  288.298004  
	767	  191.205704	  31.072517	  318.677399  
	768	  131.143646	  185.198914	  335.338593  
	769	  227.286072	  178.201828	  272.447601  
	770	  242.124985	  100.197479	  299.833984  
	771	  105.607307	  149.791595	  34.996319  
	777	  246.443298	  62.730621	  311.354492  
	778	  117.059113	  19.851654	  165.558929  
	779	  170.356781	  234.695206	  83.677620  
	786	  141.496140	  93.755325	  280.512787  
	788	  87.910500	  96.810875	  305.667084  
	789	  103.839745	  229.733002	  384.661469  
	794	  255.419388	  200.492218	  262.606873  
	795	  180.919708	  67.014816	  265.517212  
	796	  182.837402	  210.410202	  338.812622  
	797	  184.655518	  139.535889	  143.172348  
	803	  243.750290	  54.715862	  120.906769  
	806	  206.510208	  178.796127	  327.857697  
	813	  174.546234	  81.675575	  212.137558  
	815	  23.284645	  149.267746	  377.452881  
	816	  108.087708	  227.755615	  237.597595  
	818	  177.134995	  156.862122	  261.677765  
	819	  167.917831	  35.965561	  406.982239  
	820	  131.382675	  130.721237	  217.010162  
	822	  220.788712	  72.086617	  211.077042  
	824	  30.647583	  115.047905	  374.373749  
	826	  217.495682	  88.029396	  155.658173  
	827	  68.004951	  109.786263	  207.817657  
	829	  143.347748	  226.692444	  429.479980  
	832	  110.663437	  169.942184	  36.950287  
	833	  225.909927	  57.507019	  107.056099  
	838	  189.290817	  121.714546	  372.353333  
	839	  77.324104	  43.433853	  319.489655  
	842	  37.518501	  153.154037	  64.504364  
	846	  101.539383	  72.961456	  129.488678  
	847	  44.038551	  228.199692	  319.871246  
	850	  157.382126	  74.118973	  69.452927  
	852	  133.194168	  195.443298	  322.541382  
	853	  235.405701	  115.034889	  301.651917  
	854	  102.403358	  137.305847	  39.446537  
	855	  152.503799	  143.308228	  107.795868  
	859	  242.002228	  76.387047	  305.566376  
	860	  139.916534	  12.329829	  160.218536  
	861	  176.359680	  219.489807	  83.381523  
	864	  248.959305	  67.403381	  126.325531  
	867	  134.807953	  104.632225	  270.021027  
	868	  82.548271	  81.961349	  301.782440  
	869	  111.664116	  227.615250	  399.025543  
	870	  146.712646	  228.782593	  195.210892  
	873	  254.144287	  202.248718	  275.857300  
	874	  188.729355	  73.326500	  252.434250  
	875	  166.323807	  209.585327	  340.773071  
	880	  233.219208	  58.387894	  121.718239  
	881	  219.622711	  218.946579	  78.187592  
	884	  208.217453	  166.166443	  327.772583  
	886	  142.983566	  61.246208	  285.857086  
	888	  163.322662	  81.207947	  184.716385  
	889	  254.795303	  185.512222	  140.760666  
	893	  119.120972	  123.263885	  200.865387  
	894	  172.797348	  156.179230	  139.827164  
	895	  143.430405	  84.512062	  228.400513  
	898	  175.244293	  92.824257	  216.341812  
	900	  277.303925	  133.893555	  375.460388  
	902	  174.290726	  146.485458	  249.112946  
	903	  177.955170	  22.685379	  407.315643  
	904	  131.007431	  147.154068	  219.664169  
	906	  232.304520	  70.312065	  221.326218  
	912	  127.446640	  251.930374	  187.877213  
	913	  145.965622	  216.785370	  433.849701  
	916	  142.642731	  55.601528	  96.098656  
	918	  150.313828	  84.139847	  189.145248  
	920	  181.426971	  113.646660	  360.093994  
	921	  88.161148	  53.799736	  312.528076  
	926	  126.557152	  110.948242	  66.799835  
	929	  29.453339	  221.573730	  315.659027  
	930	  138.329956	  207.462891	  312.271301  
	931	  225.373962	  128.030853	  299.354614  
	936	  170.632141	  188.356720	  196.547729  
	937	  236.750641	  87.021759	  293.902618  
	938	  150.109543	  12.872233	  157.722260  
	942	  242.402481	  69.989883	  146.744156  
	944	  128.980392	  111.659668	  256.097931  
	945	  72.313286	  69.341843	  298.273010  
	946	  119.248047	  226.512482	  413.086914  
	950	  259.635406	  200.540161	  293.918457  
	951	  200.793884	  77.750893	  241.899567  
	952	  151.276428	  206.724548	  346.595032  
	953	  205.067642	  118.938217	  149.418076  
	957	  221.841721	  59.981644	  119.375504  
	958	  230.053360	  223.201370	  90.296074  
	961	  208.126007	  150.162216	  323.181396  
	962	  232.682877	  122.026970	  110.969498  
	963	  141.677521	  45.787704	  279.811310  
	964	  251.483475	  82.929016	  119.601479  
	966	  260.888031	  186.728378	  126.890770  
	970	  109.424995	  213.694855	  130.446609  
	971	  214.356949	  176.893188	  31.647385  
	976	  121.360916	  80.514412	  215.765686  
	978	  277.906219	  134.142975	  169.657776  
	979	  166.275848	  178.022766	  276.642761  
	982	  33.395638	  133.750168	  108.514069  
	983	  194.542725	  131.075348	  149.113098  
	987	  147.507446	  100.031517	  232.134094  
	993	  171.479248	  139.272675	  234.580536  
	994	  58.068542	  235.062561	  405.963074  
	995	  131.137909	  163.259552	  223.885376  
	999	  261.972321	  128.187668	  366.781403  
	1002	  121.966843	  247.510544	  202.323914  
	1003	  146.005386	  200.444794	  436.452972  
	1007	  139.762421	  67.056274	  189.039078  
	1008	  174.426758	  103.809631	  348.628723  
	1014	  114.957245	  103.272125	  61.826820  
	1016	  276.890381	  215.817184	  306.269379  
	1017	  147.582642	  221.680786	  297.294189  
	1018	  213.700409	  138.536316	  293.824158  
	1021	  134.215668	  133.148636	  251.474411  
	1023	  174.896820	  192.349579	  188.073715  
	1024	  228.639648	  95.004272	  281.748871  
	1025	  161.128143	  8.160584	  156.313751  
	1030	  125.269440	  121.784889	  244.460007  
	1031	  60.754517	  57.878250	  297.743164  
	1032	  131.033478	  228.153702	  423.641235  
	1034	  163.017242	  268.463318	  148.713028  
	1035	  258.542358	  191.827850	  307.104401  
	1036	  210.358322	  84.538834	  230.081451  
	1040	  257.187561	  95.070007	  32.263577  
	1044	  212.551834	  135.240387	  317.267548  
	1045	  225.982529	  135.743317	  111.701797  
	1046	  140.076309	  29.427734	  277.163696  
	1050	  120.943291	  215.234543	  262.212708  
	1055	  53.635086	  86.236481	  235.096527  
	1057	  126.799316	  274.339081	  103.824966  
	1058	  109.951096	  72.415604	  220.967087  
	1059	  277.630127	  142.834412	  157.870789  
	1060	  150.883408	  180.087234	  282.006134  
	1062	  179.073334	  176.178818	  159.703064  
	1065	  111.679146	  157.942474	  108.456200  
	1066	  196.051407	  154.250946	  149.977371  
	1068	  201.231552	  77.593819	  85.321106  
	1069	  181.572449	  75.894371	  83.390022  
	1070	  98.136124	  239.164673	  237.751953  
	1071	  232.855087	  49.592442	  94.179115  
	1072	  136.273270	  178.434509	  186.887619  
	1076	  137.159973	  125.988831	  72.725449  
	1080	  241.586441	  111.187881	  106.014656  
	1082	  115.277298	  206.461166	  231.374283  
	1083	  196.039749	  238.098511	  164.789047  
	1084	  39.830360	  229.625671	  217.307175  
	1085	  146.758484	  116.433884	  233.908127  
	1087	  162.964920	  127.475090	  208.588943  
	1089	  174.336929	  131.021347	  220.717316  
	1090	  69.058182	  224.829346	  399.964355  
	1091	  130.817566	  179.262787	  228.206650  
	1092	  131.261108	  287.098450	  239.553040  
	1096	  120.720497	  242.720947	  217.596436  
	1097	  143.159714	  184.088608	  435.393860  
	1100	  131.644531	  53.167770	  186.949371  
	1101	  169.031860	  94.828247	  335.688385  
	1102	  116.986641	  68.767288	  305.306427  
	1108	  148.730331	  257.811096	  222.793121  
	1109	  265.533356	  207.926804	  297.420898  
	1111	  201.170578	  148.348694	  282.391418  
	1112	  144.586227	  67.738121	  40.195808  
	1114	  144.087982	  137.682602	  261.443115  
	1115	  220.851456	  102.926369	  269.346985  
	1121	  182.009521	  269.673676	  301.740692  
	1124	  259.515717	  182.013062	  320.272797  
	1125	  217.661026	  91.968636	  218.968491  
	1127	  256.937225	  83.888054	  177.628082  
	1128	  253.219040	  82.084572	  38.541119  
	1131	  218.083466	  120.182014	  312.930481  
	1132	  220.801147	  151.441650	  109.717300  
	1133	  141.257690	  12.986679	  274.814545  
	1137	  126.154831	  220.340302	  276.894806  
	1139	  80.074196	  205.622116	  124.747513  
	1140	  226.973648	  151.198685	  -0.090050  
	1142	  40.674950	  95.021889	  239.749512  
	1144	  93.926208	  72.523026	  232.427307  
	1145	  278.195831	  155.030304	  153.327438  
	1146	  136.257950	  185.137924	  288.155029  
	1148	  180.742889	  182.871429	  169.660065  
	1153	  170.686935	  75.956360	  78.901588  
	1154	  97.101265	  248.344238	  225.992859  
	1156	  235.728561	  75.956932	  153.161514  
	1160	  233.926971	  136.478043	  -0.587134  
	1161	  249.167343	  120.111160	  91.203621  
	1162	  178.983368	  121.576180	  189.439468  
	1163	  114.368523	  198.071823	  221.094894  
	1166	  46.190628	  224.715500	  206.234970  
	1167	  262.157288	  175.107880	  226.837097  
	1169	  113.796890	  246.935074	  205.640228  
	1177	  95.271416	  115.971741	  33.639133  
	1181	  79.173035	  102.446198	  183.764420  
	1186	  150.939087	  132.416901	  235.940369  
	1188	  161.023727	  143.753433	  211.416153  
	1189	  179.800812	  120.698296	  209.745087  
	1190	  81.819038	  217.510345	  392.165955  
	1192	  140.805466	  283.495819	  251.354294  
	1194	  120.711716	  241.784485	  233.688889  
	1195	  144.097153	  167.693161	  437.569336  
	1196	  133.859406	  38.645401	  57.052525  
	1197	  21.548615	  190.209869	  177.402573  
	1198	  164.346161	  85.753166	  322.538879  
	1199	  125.654343	  79.317680	  298.065948  
	1204	  155.615646	  231.258835	  270.396057  
	1206	  214.300003	  115.117393	  260.688324  
	1208	  172.235580	  256.646118	  304.886536  
	1210	  155.333206	  235.544891	  150.469269  
	1215	  248.786667	  66.556168	  47.696064  
	1217	  220.896332	  103.803856	  312.918579  
	1218	  215.073547	  166.530502	  112.079315  
	1219	  275.246185	  222.794067	  269.762054  
	1221	  135.052094	  224.694443	  290.277740  
	1222	  65.698318	  201.455933	  117.538406  
	1224	  160.506241	  273.434418	  162.196228  
	1225	  29.115982	  106.562515	  239.213669  
	1226	  81.866470	  69.621155	  243.534256  
	1228	  122.649239	  193.325638	  293.038788  
	1229	  109.001396	  136.568115	  125.110588  
	1230	  164.963440	  146.087479	  163.748352  
	1231	  102.275093	  256.250000	  212.999390  
	1235	  222.543213	  128.231186	  -0.206139  
	1237	  165.123520	  119.152946	  193.942902  
	1238	  199.698853	  121.303398	  235.787430  
	1240	  54.124794	  221.362488	  191.986145  
	1241	  263.245331	  169.103226	  211.345718  
	1243	  119.345856	  253.000900	  217.675873  
	1244	  144.773712	  264.803864	  46.734936  
	1252	  94.001900	  107.992882	  187.908264  
	1253	  139.625122	  216.357910	  135.104584  
	1254	  63.929779	  97.771263	  126.149376  
	1257	  223.423065	  181.745682	  171.192734  
	1261	  114.634766	  24.881645	  178.711960  
	1262	  82.590363	  52.260635	  219.182709  
	1264	  120.132622	  151.319336	  132.007355  
	1265	  60.966827	  189.947433	  63.129784  
	1266	  32.359413	  113.701637	  100.487892  
	1269	  154.381775	  97.252319	  201.302582  
	1272	  114.052124	  62.878250	  215.553772  
	1277	  108.796249	  215.695557	  153.555527  
	1281	  154.201248	  148.532883	  234.516190  
	1282	  160.997025	  160.276123	  213.365250  
	1283	  190.099960	  116.925598	  196.776886  
	1284	  94.044022	  212.282013	  382.217010  
	1286	  152.836624	  283.586121	  262.863647  
	1287	  221.538361	  105.110725	  349.269135  
	1288	  124.957550	  240.149643	  249.175858  
	1289	  142.751999	  151.351181	  435.114258  
	1292	  160.545242	  75.076759	  310.197906  
	1295	  213.746796	  233.760513	  251.773865  
	1297	  124.547226	  268.005951	  248.838989  
	1298	  167.137558	  236.897003	  260.815460  
	1300	  206.258011	  128.765091	  258.038239  
	1302	  164.557770	  242.060928	  303.026123  
	1307	  139.354507	  277.665619	  178.238571  
	1309	  264.182739	  218.494507	  138.293884  
	1310	  225.427902	  87.807404	  312.023712  
	1312	  277.521881	  209.994049	  259.673279  
	1313	  65.856400	  154.694916	  110.338867  
	1314	  144.929230	  228.015594	  303.263672  
	1315	  47.832718	  197.988617	  108.410622  
	1318	  275.501221	  115.107018	  235.312683  
	1319	  73.662109	  68.766975	  257.647858  
	1320	  107.304565	  196.506729	  298.564636  
	1322	  152.996338	  150.403595	  171.629181  
	1323	  108.295151	  263.879089	  199.479843  
	1324	  130.384521	  132.859467	  191.726181  
	1328	  149.639862	  114.219177	  190.512634  
	1329	  192.618744	  113.269218	  227.784042  
	1331	  60.281647	  221.050934	  176.566833  
	1332	  263.779877	  158.560287	  198.479126  
	1334	  128.722534	  260.763885	  229.466934  
	1337	  68.548080	  94.135765	  37.183578  
	1339	  60.367584	  100.936211	  140.479614  
	1344	  245.903046	  234.018051	  181.876862  
	1345	  79.684425	  46.153412	  236.528976  
	1346	  261.658936	  224.742218	  124.986870  
	1347	  121.275124	  159.691803	  143.297745  
	1348	  64.532890	  201.749557	  55.805412  
	1349	  27.584595	  122.396660	  87.464355  
	1353	  119.334290	  52.180038	  203.971771  
	1355	  78.074928	  100.064568	  46.596149  
	1357	  41.127228	  156.474747	  197.025421  
	1358	  118.943893	  210.650986	  159.672165  
	1360	  179.744339	  52.283138	  212.270798  
	1361	  256.839966	  168.587860	  -0.141253  
	1362	  190.984253	  78.877159	  173.131958  
	1365	  120.037056	  251.032974	  146.396378  
	1370	  212.176804	  248.367935	  170.790543  
	1372	  24.823364	  169.972961	  148.827347  
	1374	  196.445572	  117.998817	  122.858543  
	1377	  163.606628	  120.426804	  134.851944  
	1378	  150.151794	  162.979980	  233.945740  
	1381	  104.694450	  202.669525	  374.106842  
	1382	  166.941086	  285.264618	  271.393890  
	1383	  131.399582	  234.757507	  263.477386  
	1384	  142.442993	  134.885071	  432.665985  
	1389	  115.543900	  274.475922	  260.428650  
	1390	  178.047806	  245.877563	  252.009872  
	1394	  155.272385	  228.672195	  299.598877  
	1399	  148.965851	  273.246124	  171.548096  
	1400	  110.161674	  266.039001	  53.177387  
	1401	  271.427246	  211.207535	  148.248123  
	1402	  226.224197	  71.625809	  308.545685  
	1403	  273.747162	  197.107925	  250.082031  
	1404	  76.600227	  147.117416	  100.587929  
	1405	  158.197693	  230.243027	  313.034973  
	1408	  94.758812	  199.821823	  306.377838  
	1410	  116.752647	  271.347900	  187.585281  
	1413	  135.161469	  106.457184	  187.801498  
	1414	  180.905472	  103.902130	  223.260971  
	1416	  67.731682	  225.908661	  162.590546  
	1422	  51.673294	  105.070740	  153.954163  
	1426	  242.710312	  218.122314	  181.360748  
	1427	  85.115303	  45.591965	  251.501160  
	1428	  115.174164	  171.255798	  153.606720  
	1429	  74.895721	  212.075241	  51.988251  
	1431	  103.732361	  70.824615	  174.392670  
	1433	  126.584053	  41.399139	  191.422134  
	1435	  191.087463	  175.217590	  89.696449  
	1436	  35.546768	  143.293121	  204.716705  
	1437	  132.335617	  202.390839	  164.833374  
	1438	  167.594055	  52.331345	  217.284042  
	1439	  254.422241	  179.855270	  -0.352670  
	1443	  117.833778	  234.562500	  142.668320  
	1444	  92.327370	  241.323578	  54.878456  
	1449	  163.836990	  291.290527	  159.201950  
	1451	  72.734360	  129.406448	  162.342621  
	1452	  104.611992	  155.058212	  118.952225  
	1455	  31.232712	  178.843903	  190.834259  
	1457	  274.691528	  170.198151	  140.609268  
	1462	  125.842033	  239.891159	  196.372437  
	1463	  170.823349	  273.275757	  153.312057  
	1466	  257.166840	  68.031456	  221.988663  
	1470	  257.243439	  133.089157	  85.821915  
	1478	  118.461464	  197.899185	  366.483490  
	1479	  52.235306	  57.149193	  277.066437  
	1480	  142.125565	  229.660660	  276.033325  
	1481	  146.108414	  119.428474	  427.793884  
	1485	  233.762238	  58.547279	  267.820374  
	1486	  187.942169	  256.461914	  243.806488  
	1489	  248.581894	  126.621109	  349.927307  
	1490	  260.297882	  127.259148	  185.072556  
	1495	  88.071228	  141.216873	  90.220764  
	1496	  168.435867	  229.668304	  326.125702  
	1500	  126.391029	  281.852081	  181.409012  
	1501	  183.548035	  128.588654	  -0.338488  
	1503	  121.397644	  99.997406	  182.027771  
	1504	  173.543167	  202.491653	  37.741268  
	1505	  78.867676	  231.000702	  151.308563  
	1506	  241.447525	  165.839722	  117.760094  
	1509	  42.750275	  85.671944	  1.907422  
	1511	  47.663498	  109.187340	  169.531815  
	1515	  234.505234	  204.596588	  178.246964  
	1516	  86.104324	  44.672585	  268.096313  
	1517	  107.315063	  179.471893	  159.178955  
	1520	  89.092003	  63.060440	  175.874329  
	1524	  25.989899	  130.259460	  208.158142  
	1526	  243.248932	  193.074356	  -0.580050  
	1531	  101.428032	  122.785583	  80.730652  
	1533	  69.824303	  119.345276	  168.020920  
	1534	  108.992775	  168.209793	  129.192490  
	1536	  35.629471	  174.332748	  180.963318  
	1538	  276.282257	  183.757690	  149.659668  
	1546	  183.872192	  187.362198	  208.983429  
	1549	  249.502869	  150.901962	  92.608994  
	1551	  48.328568	  113.429756	  150.037979  
	1552	  63.159210	  89.105263	  93.516792  
	1553	  98.125122	  188.032639	  70.763275  
	1568	  133.301117	  195.965485	  358.768799  
	1569	  152.904404	  106.809738	  419.776703  
	1572	  223.552399	  68.498505	  276.420074  
	1573	  199.819305	  265.722534	  237.638809  
	1575	  264.826141	  136.470581	  172.070389  
	1577	  218.534973	  41.893356	  296.527130  
	1579	  177.267075	  228.576157	  340.198364  
	1583	  109.651047	  95.238846	  168.137421  
	1584	  156.873535	  216.417130	  51.201340  
	1585	  86.676758	  234.334152	  137.203705  
	1591	  226.760803	  192.596634	  172.312897  
	1592	  91.653854	  44.825867	  283.793488  
	1593	  89.389633	  232.131973	  38.289730  
	1595	  76.642128	  52.057137	  176.418686  
	1596	  85.762688	  107.069206	  33.842598  
	1597	  274.237793	  118.626373	  211.033386  
	1598	  233.693802	  205.989426	  -0.602785  
	1601	  108.901543	  110.149567	  86.743973  
	1602	  60.113037	  111.381432	  178.372772  
	1603	  121.499977	  175.130783	  137.305176  
	1604	  43.712997	  165.363464	  167.747330  
	1610	  177.700668	  279.649139	  175.723022  
	1611	  82.766014	  153.247131	  75.816933  
	1612	  197.654587	  188.939987	  215.563522  
	1615	  244.038513	  159.666092	  107.101898  
	1616	  172.288284	  137.239395	  37.261494  
	1617	  64.452621	  110.842636	  153.943359  
	1618	  62.532333	  84.771095	  82.256554  
	1619	  98.652107	  199.874741	  80.817360  
	1624	  33.775497	  93.705276	  153.914383  
	1631	  138.966766	  153.316299	  104.621452  
	1632	  183.184296	  203.018356	  75.513809  
	1633	  141.662384	  30.543213	  86.652901  
	1634	  164.185394	  268.054138	  71.731155  
	1635	  45.099930	  123.983101	  51.433041  
	1636	  170.388199	  138.721313	  156.081192  
	1640	  228.767136	  184.096283	  103.195290  
	1641	  232.837372	  202.497055	  143.207047  
	1642	  187.644119	  185.085220	  91.137917  
	1646	  159.589142	  97.649406	  407.851471  
	1649	  212.246124	  77.049492	  285.153412  
	1651	  268.428375	  148.145355	  160.801025  
	1653	  80.505379	  258.528717	  286.325165  
	1654	  188.032944	  226.536713	  352.734680  
	1660	  100.885239	  45.384933	  297.292114  
	1661	  196.625092	  264.243896	  172.771744  
	1662	  265.828857	  106.754623	  214.446243  
	1663	  224.644775	  219.627945	  -0.421563  
	1665	  110.715096	  99.041618	  93.977631  
	1666	  46.042450	  109.639153	  185.522049  
	1667	  134.720306	  179.222702	  146.440491  
	1668	  44.498856	  159.985428	  152.519684  
	1669	  172.175461	  239.891708	  34.388008  
	1670	  193.140121	  188.030563	  19.680992  
	1671	  136.242706	  146.656738	  178.678680  
	1672	  61.295990	  185.925156	  138.467316  
	1674	  175.280075	  275.361267	  191.382141  
	1675	  80.407082	  157.313065	  89.380814  
	1680	  101.944481	  208.961960	  87.567688  
	1681	  144.659134	  130.350098	  105.849602  
	1682	  34.443291	  80.919006	  159.787872  
	1683	  262.344788	  91.820518	  173.327515  
	1685	  129.705368	  157.153564	  107.188087  
	1687	  144.251099	  14.970184	  91.879494  
	1688	  158.890228	  263.830170	  82.874054  
	1690	  163.823761	  123.651215	  155.575546  
	1692	  219.049103	  107.334824	  202.287430  
	1693	  215.335205	  183.323105	  108.617523  
	1694	  219.767487	  201.696579	  151.880219  
	1696	  222.844284	  210.114075	  127.700974  
	1697	  172.597977	  148.440567	  94.071419  
	1700	  110.593750	  220.504471	  95.144806  
	1701	  150.732468	  294.792725	  39.291672  
	1703	  148.108414	  169.622208	  77.658607  
	1711	  167.921112	  89.613907	  395.883545  
	1713	  201.888031	  88.874680	  290.005768  
	1715	  197.717178	  221.538254	  365.171539  
	1719	  112.294800	  41.647781	  308.424072  
	1720	  187.290512	  253.305634	  164.412064  
	1721	  214.576492	  232.194504	  -0.333340  
	1724	  149.197739	  185.762115	  151.299606  
	1725	  51.027374	  156.865173	  137.654388  
	1726	  157.697235	  236.629028	  50.671932  
	1729	  167.518890	  269.741150	  204.790436  
	1730	  75.895020	  165.621353	  103.086151  
	1735	  131.880280	  122.902618	  101.617897  
	1738	  277.317993	  224.999664	  98.258728  
	1740	  154.450806	  110.379478	  152.385742  
	1741	  205.888107	  113.547272	  200.109482  
	1742	  203.780716	  197.918243	  153.517899  
	1745	  121.974022	  219.543152	  89.336861  
	1747	  158.560211	  170.675446	  74.664917  
	1749	  78.217079	  171.031036	  77.939789  
	1750	  218.799255	  116.117165	  42.228149  
	1752	  163.781998	  83.703278	  127.330452  
	1755	  209.998657	  58.410233	  114.757751  
	1756	  136.706451	  41.553944	  43.379570  
	1758	  268.406158	  131.283813	  79.501129  
	1761	  242.213181	  98.248024	  112.709534  
	1765	  177.689270	  82.565857	  384.388733  
	1766	  191.767502	  101.796783	  288.836639  
	1771	  123.463730	  37.237793	  319.957916  
	1772	  203.499161	  243.323410	  -0.069462  
	1774	  164.026352	  190.338013	  154.817352  
	1775	  60.688568	  157.630630	  124.436943  
	1776	  143.877731	  237.522308	  61.320171  
	1778	  52.067505	  177.843140	  118.108986  
	1779	  159.704681	  262.755035	  216.673904  
	1780	  73.146606	  176.490952	  115.395515  
	1783	  53.697113	  100.876083	  36.636524  
	1785	  117.853081	  117.590721	  94.700096  
	1786	  278.684601	  208.324753	  104.920387  
	1788	  149.861664	  95.236092	  147.598328  
	1790	  134.216080	  220.499863	  78.592361  
	1793	  229.167191	  107.581535	  26.479271  
	1794	  219.287766	  224.145050	  116.663307  
	1795	  171.786911	  71.462234	  135.175446  
	1802	  154.302170	  222.590607	  163.531860  
	1814	  199.415161	  99.364120	  127.867126  
	1817	  189.936401	  79.467834	  373.758484  
	1818	  182.857651	  115.265717	  289.934296  
	1820	  134.512421	  28.673706	  329.002533  
	1821	  192.060837	  252.421310	  -0.187648  
	1822	  129.498535	  236.561340	  69.659103  
	1824	  49.777870	  176.635452	  101.961769  
	1825	  69.598503	  184.950439	  129.290497  
	1828	  272.437592	  197.347931	  111.187393  
	1830	  146.850220	  79.639587	  142.608063  
	1831	  146.146759	  219.749039	  67.002815  
	1832	  243.901474	  98.478798	  4.453446  
	1833	  220.805420	  236.097534	  114.259377  
	1834	  181.615875	  63.970451	  145.466873  
	1835	  238.900482	  184.440186	  96.847992  
	1840	  161.821762	  59.118179	  110.806808  
	1846	  50.566101	  182.144318	  86.814087  
	1848	  197.136505	  74.017776	  104.325531  
	1849	  90.238304	  260.893524	  59.304649  
	1850	  201.913589	  100.303040	  137.872940  
	1853	  178.271423	  144.175064	  72.784767  
	1854	  227.206787	  186.292618	  88.470497  
	1856	  128.192184	  27.903137	  19.764013  
	1857	  202.761993	  81.656097	  363.596313  
	1859	  143.726166	  19.344070	  339.263489  
	1861	  119.769318	  233.912674	  78.653839  
	1862	  68.929741	  191.337997	  143.812744  
	1865	  144.188492	  63.976791	  137.626633  
	1866	  258.279694	  90.628273	  -0.059954  
	1867	  226.982635	  251.443619	  115.030334  
	1871	  158.765869	  221.686432	  189.107178  
	1872	  155.906738	  44.649414	  116.541771  
	1877	  182.181763	  73.133865	  106.636108  
	1878	  204.077026	  40.659126	  54.774273  
	1879	  208.649979	  101.865028	  147.313110  
	1880	  140.966690	  167.813141	  -0.392734  
	1881	  179.127747	  159.210342	  72.802444  
	1886	  144.474533	  187.836182	  186.839798  
	1891	  36.382294	  201.455093	  109.665924  
	1900	  191.969193	  180.646317	  107.001823  
	1901	  215.756226	  85.817711	  354.054108  
	1903	  148.850662	  10.247101	  352.039185  
	1904	  166.745499	  269.707123	  19.533091  
	1905	  114.219696	  228.965698	  86.171967  
	1909	  144.354691	  48.937538	  131.796906  
	1910	  271.046600	  85.633011	  -0.108289  
	1911	  107.483292	  38.718231	  113.733177  
	1915	  149.830765	  37.889977	  121.032478  
	1919	  191.243576	  49.380127	  50.192440  
	1921	  247.659668	  191.644684	  99.582718  
	1927	  205.853760	  168.098251	  145.941360  
	1928	  192.763107	  141.860687	  56.048355  
	1929	  262.894836	  189.999924	  116.356613  
	1931	  198.920944	  107.145050	  178.449921  
	1932	  38.308327	  189.394409	  161.090439  
	1936	  225.060928	  95.087090	  345.590637  
	1938	  278.112976	  225.064484	  365.010681  
	1939	  155.323456	  277.245758	  39.377171  
	1943	  119.104240	  48.245079	  108.037018  
	1947	  142.358673	  14.922028	  122.369476  
	1949	  179.101105	  60.551643	  49.636051  
	1950	  170.339127	  165.455063	  0.012474  
	1954	  234.519012	  247.804245	  -0.027671  
	1956	  180.623840	  148.265747	  54.827194  
	1957	  198.912552	  93.337791	  178.325256  
	1962	  173.445343	  120.812965	  80.085022  
	1963	  122.669052	  173.747101	  83.750366  
	1964	  81.319191	  181.820328	  79.715775  
	1966	  38.806351	  201.936707	  154.351227  
	1970	  278.424683	  219.472214	  379.109650  
	1972	  130.975998	  54.621536	  98.415230  
	1974	  165.250107	  69.503281	  48.635967  
	1978	  222.250534	  246.231430	  -0.034924  
	1982	  151.508820	  250.070343	  68.627632  
	1983	  165.353195	  115.225075	  91.847321  
	1984	  121.578812	  184.567184	  74.297821  
	1985	  85.161537	  198.007523	  79.057495  
	1988	  20.389534	  153.584503	  110.785156  
	1990	  238.676483	  113.647293	  343.272064  
	1991	  139.309647	  60.647133	  85.588951  
	1993	  205.451996	  244.604202	  1.989118  
	1994	  184.065979	  242.036057	  21.004601  
	1996	  155.823944	  240.239639	  81.353966  
	1997	  154.030685	  111.575584	  103.166840  
	1998	  119.110443	  199.523102	  67.409401  
	1999	  85.940872	  214.417892	  79.957497  
	2002	  22.817467	  89.366524	  123.268913  
	2007	  149.487976	  70.263031	  76.433990  
	2010	  156.493073	  228.775314	  93.409836  
	2011	  118.833862	  215.734924	  63.624886  
	2014	  273.714661	  79.201569	  132.990067  
	2015	  144.214249	  266.397125	  148.776459  
	2016	  193.058395	  57.955780	  156.228622  
	2020	  119.923218	  232.296082	  64.176117  
	2023	  135.551270	  279.552063	  145.159363  
	2024	  262.570618	  168.487854	  96.192360  
	2025	  119.070427	  248.276230	  61.244854  
	2027	  121.077126	  283.241364	  148.258331  
	2029	  236.281586	  55.058563	  151.223740  
	2030	  222.297806	  49.563972	  153.611282  
	2031	  209.816284	  49.704159	  154.736313  
   2  total number of boundary nodes
node bctyp press/flow   HD    PO2
	1	  0	  100.000000	  0.400000	  100.000000
	14	  0	  20.000000	  0.400000	  18.000000

