315559 200 25.000025 Current network file generated by angioadapt
  300.000000  300.000000  500.000000	box dimensions in microns
  15    15    25 	number of tissue points in x,y,z directions
  0.000000			outer bound distance (100. in test case)
  75.000000				max. segment length.  (5. in test case)
   40				nodsegm, max. number of segments per node
  911				total number of segments 
  name type from  to  diam       flow
	1	  4	  1	  2	  7.000000	  34.864037	  0.400000  
	2	  3	  2	  3	  8.068211	  34.864037	  0.400000  
	3	  5	  3	  4	  8.461997	  31.685219	  0.437086  
	4	  5	  4	  45	  8.766975	  31.685219	  0.437086  
	5	  5	  5	  6	  8.943598	  22.477211	  0.480960  
	6	  5	  6	  131	  9.109177	  16.759909	  0.527537  
	7	  5	  131	  274	  8.975698	  10.887543	  0.561776  
	8	  5	  8	  272	  9.412283	  9.885225	  0.599896  
	9	  5	  9	  266	  8.538982	  3.415589	  0.636333  
	12	  5	  3	  13	  3.171479	  3.178817	  0.030338  
	13	  5	  13	  16	  4.195023	  3.178817	  0.030338  
	14	  4	  14	  15	  16.000000	  -34.864037	  0.400000  
	15	  3	  15	  16	  10.774825	  -34.864037	  0.400000  
	16	  5	  16	  1416	  10.805311	  -31.685219	  0.437086  
	17	  5	  132	  98	  9.315133	  -19.644796	  0.396740  
	19	  5	  19	  602	  7.675238	  -5.833570	  0.398275  
	28	  5	  33	  1147	  5.304890	  -0.177442	  0.631789  
	35	  5	  266	  226	  8.676924	  3.415589	  0.636333  
	37	  5	  6	  122	  6.519816	  5.717301	  0.344422  
	43	  5	  1274	  932	  4.533625	  -0.265369	  0.355651  
	46	  5	  226	  72	  7.891916	  2.013439	  0.569542  
	47	  5	  549	  1018	  5.265172	  -0.463164	  0.309547  
	49	  5	  5	  50	  6.795755	  9.208010	  0.329989  
	51	  5	  45	  5	  8.936114	  31.685219	  0.437086  
	54	  5	  1018	  55	  4.622244	  -0.269122	  0.197382  
	56	  5	  50	  57	  7.020190	  9.208010	  0.329989  
	59	  5	  419	  59	  6.574036	  1.721827	  0.404157  
	60	  5	  274	  8	  9.233143	  9.885225	  0.599896  
	61	  5	  71	  19	  7.498346	  -5.833570	  0.398275  
	63	  5	  55	  63	  4.697897	  -0.269122	  0.197382  
	64	  5	  56	  99	  4.368035	  1.002318	  0.185829  
	65	  5	  57	  65	  7.156446	  9.208010	  0.329989  
	67	  5	  59	  194	  6.451475	  1.721827	  0.404157  
	68	  5	  274	  159	  3.367124	  1.002318	  0.185829  
	73	  5	  63	  73	  4.744937	  -0.269122	  0.197382  
	75	  5	  65	  88	  7.335913	  9.208010	  0.329989  
	79	  5	  71	  416	  7.127531	  -3.279806	  0.452052  
	84	  5	  98	  71	  8.927152	  -15.492722	  0.406495  
	85	  5	  72	  136	  8.115130	  2.013439	  0.569542  
	86	  5	  73	  86	  4.783826	  -0.269122	  0.197382  
	87	  5	  99	  87	  4.982770	  -0.861544	  0.433972  
	89	  5	  66	  89	  6.490478	  -0.465385	  0.745321  
	90	  5	  282	  90	  4.776671	  -1.146983	  0.570209  
	93	  5	  71	  314	  6.168885	  -1.929652	  0.383167  
	94	  5	  71	  94	  4.963072	  -1.082906	  0.483366  
	97	  5	  9	  97	  8.481869	  3.478770	  0.642897  
	100	  5	  136	  193	  6.900461	  1.186103	  0.562300  
	101	  5	  86	  101	  4.808452	  -0.269122	  0.197382  
	102	  5	  87	  102	  4.956429	  -0.861544	  0.433972  
	103	  5	  88	  119	  6.204760	  3.850403	  0.237550  
	104	  5	  89	  310	  6.318664	  -0.465385	  0.745321  
	105	  5	  90	  473	  4.682228	  -1.146983	  0.570209  
	108	  5	  314	  108	  5.783103	  -1.289587	  0.420658  
	110	  5	  95	  110	  4.421862	  -0.790055	  0.398943  
	112	  5	  97	  481	  8.661810	  3.478770	  0.642897  
	113	  5	  98	  113	  6.960433	  -4.152075	  0.360340  
	114	  5	  99	  316	  6.110539	  -1.752577	  0.359876  
	117	  5	  101	  117	  4.831169	  -0.269122	  0.197382  
	121	  5	  473	  121	  4.116745	  0.510584	  0.303510  
	122	  5	  162	  122	  6.770765	  -5.717301	  0.344422  
	124	  5	  108	  124	  5.854096	  -1.289587	  0.420658  
	125	  5	  94	  125	  4.870869	  -1.082906	  0.483366  
	126	  5	  110	  126	  4.327377	  -0.790055	  0.398943  
	127	  5	  111	  127	  4.335747	  -0.112202	  0.602190  
	128	  5	  481	  902	  8.176353	  2.069393	  0.662988  
	129	  5	  113	  129	  7.025624	  -4.152075	  0.360340  
	130	  5	  316	  130	  4.384936	  -1.049463	  0.340667  
	133	  5	  95	  194	  7.103003	  -2.648525	  0.451194  
	138	  5	  193	  1194	  6.414379	  0.862793	  0.624660  
	143	  5	  121	  143	  4.288306	  0.510584	  0.303510  
	146	  5	  124	  145	  5.891209	  -1.289587	  0.420658  
	147	  5	  125	  146	  4.728678	  -1.082906	  0.483366  
	148	  5	  126	  147	  4.186006	  -0.790055	  0.398943  
	149	  5	  127	  664	  4.282881	  -0.112202	  0.602190  
	150	  5	  902	  423	  7.135283	  1.261211	  0.662601  
	151	  5	  129	  150	  7.083652	  -4.152075	  0.360340  
	152	  5	  130	  304	  4.060976	  -1.049463	  0.340667  
	153	  5	  131	  152	  7.382276	  5.872366	  0.464056  
	154	  5	  132	  153	  9.456043	  -9.729021	  0.504455  
	155	  5	  194	  213	  5.425085	  -0.446449	  0.639235  
	157	  5	  71	  156	  6.006833	  -2.408754	  0.346885  
	158	  5	  136	  185	  4.981214	  0.319270	  0.547436  
	166	  5	  194	  728	  5.222936	  -0.480249	  0.445027  
	167	  5	  1194	  166	  3.935984	  0.188912	  0.274151  
	169	  5	  102	  468	  4.892324	  -0.861544	  0.433972  
	170	  5	  141	  169	  5.768166	  2.009735	  0.195085  
	171	  5	  310	  422	  7.923292	  -0.869351	  0.719288  
	172	  5	  143	  318	  5.211153	  -0.974991	  0.260811  
	173	  5	  416	  172	  6.473512	  -2.469683	  0.422908  
	174	  5	  145	  173	  5.924081	  -1.289587	  0.420658  
	175	  5	  146	  174	  4.591884	  -1.082906	  0.483366  
	176	  5	  147	  175	  3.996356	  -0.790055	  0.398943  
	178	  5	  423	  177	  5.817421	  0.516209	  0.599885  
	179	  5	  150	  178	  7.136481	  -4.152075	  0.360340  
	181	  5	  152	  180	  7.538736	  5.872366	  0.464056  
	182	  5	  153	  181	  9.553682	  -9.729021	  0.504455  
	185	  5	  156	  365	  6.085210	  -2.408754	  0.346885  
	187	  5	  99	  186	  5.291833	  -0.535636	  0.569983  
	188	  5	  159	  187	  3.713129	  1.002318	  0.185829  
	190	  5	  119	  141	  6.362553	  3.850403	  0.237550  
	191	  5	  162	  189	  6.776646	  4.536833	  0.395079  
	199	  5	  728	  419	  5.195305	  -0.512269	  0.118102  
	200	  5	  166	  198	  4.102399	  0.188912	  0.274151  
	203	  5	  169	  201	  5.918602	  2.009735	  0.195085  
	205	  5	  318	  203	  4.180470	  -0.627334	  0.087235  
	206	  5	  172	  204	  6.592379	  -2.469683	  0.422908  
	207	  5	  173	  205	  5.950457	  -1.289587	  0.420658  
	208	  5	  174	  175	  4.427368	  -1.082906	  0.483366  
	209	  5	  175	  367	  4.934361	  -1.872961	  0.447755  
	211	  5	  177	  208	  6.016703	  0.516209	  0.599885  
	212	  5	  178	  209	  7.182622	  -4.152075	  0.360340  
	213	  5	  304	  563	  5.262503	  1.833828	  0.453653  
	214	  5	  180	  211	  7.670562	  5.872366	  0.464056  
	215	  5	  181	  212	  9.649300	  -9.729021	  0.504455  
	218	  5	  365	  215	  5.001702	  -0.923179	  0.461779  
	219	  5	  185	  541	  4.448050	  0.161419	  0.526923  
	220	  5	  186	  217	  5.310090	  -0.535636	  0.569983  
	221	  5	  187	  218	  3.959698	  1.002318	  0.185829  
	222	  5	  71	  219	  5.471663	  -0.958033	  0.410555  
	223	  5	  189	  220	  6.908071	  4.536833	  0.395079  
	227	  5	  193	  224	  4.920441	  0.323310	  0.395883  
	231	  5	  549	  227	  5.317321	  -0.341158	  0.341871  
	234	  5	  88	  230	  5.330153	  2.883291	  0.412528  
	239	  5	  272	  9	  9.320740	  6.894360	  0.639645  
	241	  5	  198	  237	  4.180367	  0.188912	  0.274151  
	244	  5	  201	  240	  6.019362	  2.009735	  0.195085  
	245	  5	  422	  902	  5.063385	  -0.193233	  0.326964  
	246	  5	  203	  241	  4.197783	  -0.627334	  0.087235  
	247	  5	  204	  242	  6.650983	  -2.469683	  0.422908  
	249	  5	  367	  244	  3.491171	  0.601354	  0.159328  
	250	  5	  901	  245	  4.389413	  -0.242117	  0.278578  
	251	  5	  208	  246	  6.181759	  0.516209	  0.599885  
	252	  5	  209	  247	  7.229422	  -4.152075	  0.360340  
	254	  5	  211	  289	  7.855775	  5.872366	  0.464056  
	255	  5	  212	  250	  9.736454	  -9.729021	  0.504455  
	256	  5	  213	  426	  5.533020	  -0.446449	  0.639235  
	258	  5	  215	  253	  4.985808	  -0.923179	  0.461779  
	260	  5	  217	  255	  5.327513	  -0.535636	  0.569983  
	261	  5	  218	  256	  4.136382	  1.002318	  0.185829  
	262	  5	  219	  257	  5.523110	  -0.958033	  0.410555  
	263	  5	  220	  258	  7.027958	  4.536833	  0.395079  
	264	  5	  95	  259	  6.094927	  -1.214523	  0.524012  
	269	  5	  226	  264	  3.205192	  0.101128	  0.172684  
	270	  5	  227	  424	  5.434475	  -0.341158	  0.341871  
	273	  5	  230	  267	  5.514108	  2.883291	  0.412528  
	276	  5	  728	  270	  6.203560	  -0.628548	  0.755656  
	277	  5	  1194	  271	  3.297876	  0.067727	  0.249514  
	285	  5	  237	  322	  4.233691	  0.188912	  0.274151  
	286	  5	  238	  278	  5.419239	  0.582965	  0.395582  
	287	  5	  239	  279	  5.375263	  0.530982	  0.402854  
	288	  5	  240	  280	  6.102489	  2.009735	  0.195085  
	289	  5	  241	  281	  4.209108	  -0.627334	  0.087235  
	290	  5	  242	  282	  6.698160	  -2.469683	  0.422908  
	291	  5	  205	  657	  4.999053	  -0.378938	  0.361164  
	292	  5	  244	  369	  3.780069	  0.601354	  0.159328  
	293	  5	  245	  285	  4.240006	  -0.242117	  0.278578  
	294	  5	  246	  286	  6.310277	  0.516209	  0.599885  
	295	  5	  247	  287	  7.269133	  -4.152075	  0.360340  
	298	  5	  250	  290	  9.825848	  -9.729021	  0.504455  
	301	  5	  253	  293	  4.957529	  -0.923179	  0.461779  
	303	  5	  255	  295	  5.332088	  -0.535636	  0.569983  
	304	  5	  256	  56	  4.242568	  1.002318	  0.185829  
	305	  5	  257	  296	  5.577587	  -0.958033	  0.410555  
	306	  5	  258	  297	  7.131666	  4.536833	  0.395079  
	307	  5	  259	  298	  6.209323	  -1.214523	  0.524012  
	312	  5	  264	  301	  3.546717	  0.101128	  0.172684  
	316	  5	  267	  304	  5.666205	  2.883291	  0.412528  
	317	  5	  238	  305	  5.355756	  -0.582965	  0.395582  
	319	  5	  270	  307	  6.229185	  -0.628548	  0.755656  
	320	  5	  271	  308	  3.557587	  0.067727	  0.249514  
	321	  5	  272	  309	  7.400197	  2.990865	  0.508268  
	330	  5	  117	  317	  4.842790	  -0.269122	  0.197382  
	336	  5	  278	  323	  4.424897	  0.278471	  0.379719  
	337	  5	  279	  324	  4.678189	  0.383485	  0.480438  
	338	  5	  280	  325	  6.172674	  2.009735	  0.195085  
	339	  5	  281	  326	  4.205338	  -0.627334	  0.087235  
	340	  5	  282	  327	  5.168478	  -0.675501	  0.221117  
	341	  5	  657	  328	  3.210897	  -0.074444	  0.161043  
	342	  5	  369	  329	  5.221863	  2.442023	  0.253236  
	343	  5	  285	  330	  4.684905	  -0.424265	  0.274121  
	344	  5	  286	  331	  6.024463	  0.409076	  0.662943  
	345	  5	  287	  332	  7.299094	  -4.152075	  0.360340  
	347	  5	  289	  334	  6.900597	  3.198269	  0.486655  
	348	  5	  290	  335	  9.409332	  -5.224524	  0.618840  
	351	  5	  293	  338	  4.904840	  -0.923179	  0.461779  
	353	  5	  295	  340	  5.325352	  -0.535636	  0.569983  
	354	  5	  296	  341	  5.614990	  -0.958033	  0.410555  
	355	  5	  297	  342	  7.223147	  4.536833	  0.395079  
	356	  5	  298	  343	  6.277671	  -1.214523	  0.524012  
	359	  5	  301	  346	  3.676854	  0.101128	  0.172684  
	364	  5	  307	  350	  6.236654	  -0.628548	  0.755656  
	365	  5	  308	  351	  3.707828	  0.067727	  0.249514  
	366	  5	  309	  352	  7.560876	  2.990865	  0.508268  
	371	  5	  314	  357	  5.024374	  -0.640065	  0.307631  
	373	  5	  316	  359	  5.696385	  -0.703113	  0.388547  
	374	  5	  317	  360	  4.848888	  -0.269122	  0.197382  
	376	  5	  239	  362	  6.539235	  -1.410280	  0.548182  
	385	  5	  419	  549	  6.645815	  -0.981764	  0.379021  
	388	  5	  323	  430	  4.517267	  0.278471	  0.379719  
	389	  5	  324	  375	  4.782411	  0.383485	  0.480438  
	390	  5	  325	  376	  6.232692	  2.009735	  0.195085  
	391	  5	  326	  377	  4.185943	  -0.627334	  0.087235  
	392	  5	  327	  378	  5.247461	  -0.675501	  0.221117  
	393	  5	  328	  487	  3.027752	  -0.074444	  0.161043  
	394	  5	  329	  380	  5.271365	  2.442023	  0.253236  
	395	  5	  330	  362	  4.555222	  -0.424265	  0.274121  
	396	  5	  331	  382	  4.443060	  0.219451	  0.721425  
	397	  5	  332	  99	  7.330107	  -4.152075	  0.360340  
	399	  5	  334	  384	  7.031161	  3.198269	  0.486655  
	400	  5	  335	  385	  9.489687	  -5.224524	  0.618840  
	401	  5	  488	  386	  4.500176	  -0.498072	  0.389824  
	403	  5	  338	  388	  4.828269	  -0.923179	  0.461779  
	405	  5	  340	  390	  5.302788	  -0.535636	  0.569983  
	406	  5	  341	  391	  5.647202	  -0.958033	  0.410555  
	407	  5	  342	  392	  7.304955	  4.536833	  0.395079  
	408	  5	  343	  393	  3.762218	  -0.051949	  0.210365  
	411	  5	  346	  395	  3.753451	  0.101128	  0.172684  
	415	  5	  350	  454	  6.236408	  -0.628548	  0.755656  
	416	  5	  351	  400	  3.802275	  0.067727	  0.249514  
	417	  5	  352	  401	  7.682012	  2.990865	  0.508268  
	419	  5	  950	  403	  5.559178	  0.490687	  0.713284  
	421	  5	  162	  405	  3.527428	  1.180468	  0.149736  
	422	  5	  357	  406	  5.068329	  -0.640065	  0.307631  
	423	  5	  358	  185	  4.051366	  -0.157851	  0.568413  
	424	  5	  359	  407	  5.775213	  -0.703113	  0.388547  
	425	  5	  360	  408	  4.846578	  -0.269122	  0.197382  
	428	  5	  563	  411	  4.481678	  0.910649	  0.445414  
	430	  5	  365	  413	  5.535628	  -1.485575	  0.275487  
	432	  5	  367	  415	  5.229412	  -2.474315	  0.377656  
	434	  5	  369	  417	  4.349588	  -1.840668	  0.283916  
	446	  5	  343	  428	  5.817251	  -1.162574	  0.538027  
	449	  5	  375	  431	  4.847224	  0.383485	  0.480438  
	450	  5	  376	  432	  6.283674	  2.009735	  0.195085  
	451	  5	  377	  433	  4.149154	  -0.627334	  0.087235  
	452	  5	  378	  434	  5.306204	  -0.675501	  0.221117  
	453	  5	  487	  435	  4.515526	  0.347657	  0.574023  
	454	  5	  380	  436	  5.317070	  2.442023	  0.253236  
	455	  5	  362	  873	  6.948906	  -1.834545	  0.484801  
	456	  5	  382	  499	  4.549205	  0.219451	  0.721425  
	458	  5	  384	  440	  7.148971	  3.198269	  0.486655  
	459	  5	  385	  441	  9.573839	  -5.224524	  0.618840  
	460	  5	  386	  498	  4.388897	  -0.498072	  0.389824  
	462	  5	  388	  444	  4.721447	  -0.923179	  0.461779  
	463	  5	  714	  845	  4.282986	  -0.038831	  0.267238  
	464	  5	  390	  446	  5.259285	  -0.535636	  0.569983  
	465	  5	  391	  447	  5.670389	  -0.958033	  0.410555  
	466	  5	  392	  448	  7.378628	  4.536833	  0.395079  
	467	  5	  393	  449	  3.797156	  -0.051949	  0.210365  
	469	  5	  395	  451	  3.794976	  0.101128	  0.172684  
	470	  5	  792	  452	  4.728608	  -0.167261	  0.547409  
	474	  5	  400	  455	  3.855610	  0.067727	  0.249514  
	475	  5	  401	  641	  7.822643	  2.990865	  0.508268  
	479	  5	  405	  460	  3.809506	  1.180468	  0.149736  
	480	  5	  406	  461	  5.099101	  -0.640065	  0.307631  
	481	  5	  407	  462	  5.846695	  -0.703113	  0.388547  
	482	  5	  408	  463	  4.835297	  -0.269122	  0.197382  
	486	  5	  413	  467	  5.593166	  -1.485575	  0.275487  
	488	  5	  415	  88	  5.012365	  -2.474315	  0.377656  
	489	  5	  416	  469	  6.355731	  -0.810123	  0.540897  
	490	  5	  417	  141	  4.175846	  -1.840668	  0.283916  
	492	  5	  419	  471	  5.907131	  -1.252331	  0.306851  
	495	  5	  422	  794	  6.287968	  0.624904	  0.715494  
	496	  5	  423	  475	  5.895181	  0.745002	  0.706057  
	497	  5	  424	  476	  5.512544	  -0.341158	  0.341871  
	498	  5	  289	  477	  6.765198	  2.674097	  0.437027  
	500	  5	  426	  478	  5.582057	  -0.446449	  0.639235  
	501	  5	  428	  480	  5.855646	  -1.162574	  0.538027  
	505	  5	  205	  465	  4.788330	  -0.910649	  0.445414  
	506	  5	  290	  485	  7.690469	  -4.504497	  0.371785  
	507	  5	  278	  544	  4.499353	  0.304495	  0.410089  
	512	  5	  430	  1229	  4.551984	  0.278471	  0.379719  
	513	  5	  431	  492	  4.885767	  0.383485	  0.480438  
	514	  5	  432	  493	  6.328038	  2.009735	  0.195085  
	515	  5	  433	  494	  4.085197	  -0.627334	  0.087235  
	516	  5	  434	  969	  5.349923	  -0.675501	  0.221117  
	517	  5	  435	  496	  4.575516	  0.347657	  0.574023  
	518	  5	  436	  497	  5.346723	  2.442023	  0.253236  
	522	  5	  440	  501	  7.251078	  3.198269	  0.486655  
	523	  5	  441	  502	  9.645391	  -5.224524	  0.618840  
	526	  5	  444	  504	  4.571369	  -0.923179	  0.461779  
	528	  5	  446	  545	  5.175297	  -0.535636	  0.569983  
	529	  5	  447	  507	  5.689072	  -0.958033	  0.410555  
	530	  5	  448	  508	  7.444635	  4.536833	  0.395079  
	531	  5	  449	  509	  3.823992	  -0.051949	  0.210365  
	533	  5	  451	  511	  3.809916	  0.101128	  0.172684  
	534	  5	  452	  512	  4.720575	  -0.167261	  0.547409  
	536	  5	  454	  514	  6.218021	  -0.628548	  0.755656  
	537	  5	  455	  515	  3.881859	  0.067727	  0.249514  
	542	  5	  460	  520	  4.004277	  1.180468	  0.149736  
	543	  5	  461	  521	  5.119914	  -0.640065	  0.307631  
	544	  5	  462	  522	  5.912448	  -0.703113	  0.388547  
	545	  5	  463	  523	  4.811095	  -0.269122	  0.197382  
	549	  5	  467	  526	  5.646178	  -1.485575	  0.275487  
	550	  5	  468	  641	  4.634501	  -0.861544	  0.433972  
	551	  5	  469	  528	  6.450349	  -0.810123	  0.540897  
	553	  5	  471	  529	  5.950162	  -1.252331	  0.306851  
	554	  5	  1410	  530	  4.205417	  -0.103569	  0.310784  
	555	  5	  473	  531	  5.330667	  -1.657567	  0.488057  
	556	  5	  794	  734	  5.497542	  0.416412	  0.696618  
	557	  5	  475	  533	  4.520699	  0.341066	  0.582352  
	558	  5	  476	  534	  4.245125	  -0.147496	  0.201139  
	559	  5	  477	  535	  6.870111	  2.674097	  0.437027  
	560	  5	  478	  536	  3.505755	  -0.145618	  0.059133  
	561	  5	  478	  537	  5.013763	  -0.300831	  0.920035  
	562	  5	  480	  595	  5.910586	  -1.162574	  0.538027  
	563	  5	  481	  539	  7.101610	  1.409378	  0.613398  
	567	  5	  485	  543	  7.759772	  -4.504497	  0.371785  
	569	  5	  487	  545	  4.879342	  -0.422100	  0.501188  
	570	  5	  488	  546	  4.018243	  -0.149127	  0.314525  
	574	  5	  549	  33	  5.211797	  -0.177442	  0.631789  
	575	  5	  792	  550	  4.775487	  -0.141619	  0.646861  
	577	  5	  492	  552	  4.906958	  0.383485	  0.480438  
	578	  5	  493	  553	  6.367248	  2.009735	  0.195085  
	579	  5	  494	  554	  3.989804	  -0.627334	  0.087235  
	581	  5	  496	  318	  4.609542	  0.347657	  0.574023  
	582	  5	  497	  1290	  5.386279	  2.442023	  0.253236  
	583	  5	  498	  557	  4.285829	  0.341480	  0.249217  
	584	  5	  499	  558	  5.257319	  0.301548	  0.556483  
	586	  5	  501	  588	  7.345962	  3.198269	  0.486655  
	587	  5	  502	  561	  9.707756	  -5.224524	  0.618840  
	589	  5	  504	  563	  4.398622	  -0.923179	  0.461779  
	591	  5	  545	  565	  6.118772	  -0.957736	  0.539663  
	592	  5	  507	  566	  5.699368	  -0.958033	  0.410555  
	593	  5	  508	  567	  7.503013	  4.536833	  0.395079  
	594	  5	  509	  568	  3.832013	  -0.051949	  0.210365  
	596	  5	  511	  570	  3.806115	  0.101128	  0.172684  
	597	  5	  512	  571	  4.692727	  -0.167261	  0.547409  
	599	  5	  514	  573	  6.196968	  -0.628548	  0.755656  
	605	  5	  520	  578	  4.143034	  1.180468	  0.149736  
	606	  5	  521	  579	  5.129452	  -0.640065	  0.307631  
	607	  5	  522	  580	  4.901145	  -0.397345	  0.208456  
	608	  5	  523	  581	  4.772566	  -0.269122	  0.197382  
	611	  5	  526	  143	  5.689338	  -1.485575	  0.275487  
	613	  5	  528	  585	  6.568281	  -0.810123	  0.540897  
	614	  5	  529	  898	  5.099030	  -0.988266	  0.208350  
	616	  5	  531	  588	  5.239740	  -1.657567	  0.488057  
	618	  5	  533	  590	  4.673346	  0.341066	  0.582352  
	619	  5	  534	  591	  4.276392	  -0.147496	  0.201139  
	620	  5	  535	  592	  6.974001	  2.674097	  0.437027  
	621	  5	  536	  631	  3.495096	  -0.145618	  0.059133  
	624	  5	  539	  596	  7.285673	  1.409378	  0.613398  
	627	  5	  465	  411	  4.690066	  -0.910649	  0.445414  
	628	  5	  543	  599	  7.833781	  -4.504497	  0.371785  
	629	  5	  544	  600	  4.573476	  0.304495	  0.410089  
	631	  5	  546	  601	  3.970250	  -0.149127	  0.314525  
	632	  5	  95	  602	  7.802188	  5.833570	  0.398275  
	636	  5	  282	  604	  5.131533	  -0.647199	  0.372474  
	641	  5	  550	  609	  4.760512	  -0.141619	  0.646861  
	643	  5	  552	  611	  4.906403	  0.383485	  0.480438  
	644	  5	  553	  612	  6.402709	  2.009735	  0.195085  
	645	  5	  554	  749	  3.855390	  -0.627334	  0.087235  
	647	  5	  1290	  615	  6.159376	  -0.660568	  0.487068  
	648	  5	  557	  616	  4.416325	  0.341480	  0.249217  
	649	  5	  558	  1196	  5.555560	  -0.250929	  0.499047  
	652	  5	  561	  619	  9.761051	  -5.224524	  0.618840  
	656	  5	  565	  622	  6.055204	  -0.957736	  0.539663  
	657	  5	  566	  623	  5.702157	  -0.958033	  0.410555  
	658	  5	  567	  624	  7.554398	  4.536833	  0.395079  
	659	  5	  568	  625	  3.824856	  -0.051949	  0.210365  
	661	  5	  570	  627	  3.791663	  0.101128	  0.172684  
	662	  5	  571	  628	  4.641344	  -0.167261	  0.547409  
	667	  5	  663	  633	  6.079193	  -0.552477	  0.530396  
	669	  5	  578	  635	  4.238240	  1.180468	  0.149736  
	670	  5	  579	  636	  5.126554	  -0.640065	  0.307631  
	671	  5	  580	  637	  4.962102	  -0.397345	  0.208456  
	672	  5	  581	  638	  4.717383	  -0.269122	  0.197382  
	676	  5	  585	  642	  6.668023	  -0.810123	  0.540897  
	679	  5	  588	  645	  4.982890	  0.582965	  0.395582  
	681	  5	  590	  647	  4.781579	  0.341066	  0.582352  
	682	  5	  591	  648	  4.292793	  -0.147496	  0.201139  
	683	  5	  592	  649	  7.076538	  2.674097	  0.437027  
	686	  5	  595	  627	  4.517646	  -0.283275	  0.234099  
	687	  5	  596	  653	  3.964759	  0.265369	  0.355651  
	690	  5	  599	  656	  7.904083	  -4.504497	  0.371785  
	691	  5	  600	  657	  4.591672	  0.304495	  0.410089  
	692	  5	  601	  658	  3.887939	  -0.149127	  0.314525  
	695	  5	  603	  1021	  4.329535	  0.107449	  0.731084  
	696	  5	  604	  661	  5.175550	  -0.647199	  0.372474  
	698	  5	  499	  662	  3.669314	  -0.082097	  0.115580  
	709	  5	  609	  672	  4.727400	  -0.141619	  0.646861  
	712	  5	  612	  675	  6.433591	  2.009735	  0.195085  
	713	  5	  749	  676	  6.355602	  2.311402	  0.496432  
	714	  5	  614	  1019	  4.820951	  -0.607774	  0.217953  
	715	  5	  615	  728	  6.254766	  -0.660568	  0.487068  
	716	  5	  616	  964	  4.527239	  0.341480	  0.249217  
	717	  5	  1196	  1012	  4.501963	  -0.078046	  0.666250  
	718	  5	  619	  700	  9.799305	  -5.224524	  0.618840  
	721	  5	  622	  684	  5.968152	  -0.957736	  0.539663  
	722	  5	  623	  685	  5.697414	  -0.958033	  0.410555  
	723	  5	  624	  686	  7.597782	  4.536833	  0.395079  
	724	  5	  625	  687	  3.800617	  -0.051949	  0.210365  
	727	  5	  628	  689	  4.554654	  -0.167261	  0.547409  
	732	  5	  633	  693	  6.193201	  -0.552477	  0.530396  
	734	  5	  635	  695	  4.305760	  1.180468	  0.149736  
	735	  5	  636	  696	  5.109678	  -0.640065	  0.307631  
	736	  5	  637	  697	  5.010870	  -0.397345	  0.208456  
	737	  5	  638	  698	  4.637295	  -0.269122	  0.197382  
	740	  5	  641	  761	  7.726343	  2.129321	  0.538329  
	741	  5	  642	  702	  6.757915	  -0.810123	  0.540897  
	744	  5	  645	  305	  5.223454	  0.582965	  0.395582  
	745	  5	  734	  706	  4.889921	  0.321204	  0.765929  
	746	  5	  647	  707	  4.847507	  0.341066	  0.582352  
	747	  5	  648	  708	  4.299177	  -0.147496	  0.201139  
	748	  5	  649	  709	  7.172291	  2.674097	  0.437027  
	751	  5	  627	  285	  3.364228	  -0.182148	  0.268196  
	752	  5	  653	  905	  4.275176	  0.265369	  0.355651  
	755	  5	  656	  715	  7.974427	  -4.504497	  0.371785  
	759	  5	  661	  718	  5.206191	  -0.647199	  0.372474  
	760	  5	  662	  719	  3.708444	  -0.082097	  0.115580  
	762	  5	  664	  721	  4.181252	  -0.112202	  0.602190  
	763	  5	  404	  722	  5.490563	  -0.222466	  0.615504  
	766	  5	  1290	  725	  7.462198	  -1.401906	  0.523969  
	767	  5	  950	  726	  4.402267	  -0.157851	  0.568413  
	773	  5	  226	  732	  7.788774	  1.301022	  0.775735  
	777	  5	  672	  736	  4.660656	  -0.141619	  0.646861  
	778	  5	  551	  1010	  5.827770	  0.351224	  0.399513  
	779	  5	  611	  1138	  5.965226	  0.573111	  0.518431  
	780	  5	  675	  739	  6.460713	  2.009735	  0.195085  
	781	  5	  676	  740	  6.457161	  2.311402	  0.496432  
	784	  5	  964	  742	  5.253570	  -0.380322	  0.857120  
	786	  5	  700	  802	  9.889944	  -5.224524	  0.618840  
	787	  5	  682	  745	  6.463851	  -0.199646	  0.780191  
	789	  5	  684	  747	  5.850209	  -0.957736	  0.539663  
	790	  5	  685	  748	  5.682797	  -0.958033	  0.410555  
	791	  5	  686	  749	  7.638443	  4.536833	  0.395079  
	792	  5	  687	  792	  3.718829	  -0.051949	  0.210365  
	794	  5	  689	  906	  4.406435	  -0.167261	  0.547409  
	797	  5	  693	  558	  6.314880	  -0.552477	  0.530396  
	799	  5	  695	  756	  4.351791	  1.180468	  0.149736  
	800	  5	  696	  748	  5.081935	  -0.640065	  0.307631  
	801	  5	  697	  758	  5.052358	  -0.397345	  0.208456  
	802	  5	  698	  759	  4.521467	  -0.269122	  0.197382  
	806	  5	  702	  762	  6.839646	  -0.810123	  0.540897  
	810	  5	  706	  765	  4.965724	  0.321204	  0.765929  
	811	  5	  707	  871	  4.899747	  0.341066	  0.582352  
	812	  5	  708	  767	  4.285390	  -0.147496	  0.201139  
	813	  5	  709	  768	  7.256562	  2.674097	  0.437027  
	814	  5	  710	  769	  4.506019	  -0.413694	  0.129800  
	816	  5	  905	  771	  4.436215	  0.265369	  0.355651  
	818	  5	  714	  773	  4.253924	  0.038831	  0.267238  
	819	  5	  715	  774	  8.033037	  -4.504497	  0.371785  
	820	  5	  658	  907	  3.738984	  -0.149127	  0.314525  
	822	  5	  718	  488	  5.235488	  -0.647199	  0.372474  
	823	  5	  719	  777	  3.734610	  -0.082097	  0.115580  
	824	  5	  1021	  778	  4.341908	  0.107449	  0.731084  
	825	  5	  721	  779	  4.005966	  -0.112202	  0.602190  
	826	  5	  722	  1289	  5.586811	  -0.222466	  0.615504  
	827	  5	  614	  515	  3.882067	  -0.067727	  0.249514  
	828	  5	  353	  310	  6.737213	  -0.403966	  0.689297  
	829	  5	  725	  782	  7.532370	  -1.401906	  0.523969  
	830	  5	  726	  783	  4.387008	  -0.157851	  0.568413  
	836	  5	  732	  422	  8.096971	  1.301022	  0.775735  
	837	  5	  537	  1311	  4.943217	  -0.300831	  0.920035  
	838	  5	  734	  788	  3.827291	  0.095208	  0.462784  
	841	  5	  353	  1191	  6.979593	  0.403966	  0.689297  
	847	  5	  736	  796	  4.551711	  -0.141619	  0.646861  
	848	  5	  1010	  1211	  7.084626	  0.934702	  0.512821  
	850	  5	  739	  799	  6.485180	  2.009735	  0.195085  
	851	  5	  740	  800	  6.513532	  2.311402	  0.496432  
	852	  5	  1019	  769	  4.833711	  -0.607774	  0.217953  
	853	  5	  742	  801	  5.121633	  -0.380322	  0.857120  
	856	  5	  745	  803	  6.512034	  -0.199646	  0.780191  
	857	  5	  747	  588	  5.702338	  -0.957736	  0.539663  
	860	  5	  906	  794	  6.774026	  -0.586043	  0.717240  
	862	  5	  573	  475	  3.019403	  -0.022394	  0.209998  
	865	  5	  756	  807	  4.379322	  1.180468	  0.149736  
	866	  5	  748	  808	  6.542991	  -1.598098	  0.369332  
	867	  5	  758	  809	  5.087703	  -0.397345	  0.208456  
	868	  5	  759	  810	  4.314682	  -0.269122	  0.197382  
	870	  5	  761	  812	  7.881802	  2.129321	  0.538329  
	871	  5	  762	  813	  6.913733	  -0.810123	  0.540897  
	873	  5	  1135	  1142	  4.469955	  -0.110360	  0.567132  
	874	  5	  765	  1159	  6.667419	  0.698530	  0.716251  
	876	  5	  767	  818	  4.259030	  -0.147496	  0.201139  
	877	  5	  768	  819	  7.330079	  2.674097	  0.437027  
	878	  5	  769	  820	  5.750462	  -1.021468	  0.182251  
	880	  5	  771	  1241	  4.511593	  0.265369	  0.355651  
	882	  5	  773	  823	  4.225348	  0.038831	  0.267238  
	883	  5	  774	  824	  8.088849	  -4.504497	  0.371785  
	884	  5	  907	  921	  5.615132	  -0.538198	  0.486148  
	885	  5	  776	  826	  4.502501	  -0.184106	  0.670054  
	886	  5	  777	  827	  3.744417	  -0.082097	  0.115580  
	887	  5	  778	  828	  4.553815	  -0.184106	  0.670054  
	888	  5	  779	  829	  4.874343	  -0.268494	  0.667383  
	891	  5	  782	  832	  7.600758	  -1.401906	  0.523969  
	892	  5	  783	  968	  4.327570	  -0.157851	  0.568413  
	894	  5	  176	  1025	  4.693372	  -0.254526	  0.657982  
	897	  5	  788	  838	  4.027800	  0.095208	  0.462784  
	898	  5	  224	  839	  4.019906	  0.194041	  0.465112  
	901	  5	  792	  841	  4.838413	  -0.137635	  0.835443  
	903	  5	  794	  899	  5.647597	  -0.377552	  0.697385  
	904	  5	  595	  239	  4.860382	  -0.879299	  0.635941  
	905	  5	  66	  843	  4.882327	  0.332836	  0.781991  
	906	  5	  66	  844	  3.372589	  0.025101	  0.320025  
	913	  5	  796	  851	  3.893926	  0.107773	  0.619381  
	916	  5	  799	  854	  6.507027	  2.009735	  0.195085  
	917	  5	  800	  855	  6.564066	  2.311402	  0.496432  
	918	  5	  801	  856	  3.383184	  0.050521	  0.470694  
	919	  5	  802	  857	  9.972745	  -5.224524	  0.618840  
	920	  5	  803	  918	  6.560870	  -0.199646	  0.780191  
	921	  5	  475	  859	  4.567528	  0.381542	  0.845755  
	923	  5	  807	  861	  4.391691	  1.180468	  0.149736  
	924	  5	  808	  862	  6.518024	  -1.598098	  0.369332  
	925	  5	  809	  863	  5.110561	  -0.397345	  0.208456  
	928	  5	  812	  866	  7.968700	  2.129321	  0.538329  
	929	  5	  813	  867	  6.978496	  -0.810123	  0.540897  
	932	  5	  1159	  870	  6.170058	  -0.329446	  0.501548  
	934	  5	  818	  872	  4.211244	  -0.147496	  0.201139  
	935	  5	  819	  873	  7.388267	  2.674097	  0.437027  
	936	  5	  820	  874	  5.743337	  -1.021468	  0.182251  
	939	  5	  823	  877	  5.496110	  -0.157871	  0.637798  
	940	  5	  824	  878	  8.140329	  -4.504497	  0.371785  
	942	  5	  826	  880	  4.422661	  -0.184106	  0.670054  
	943	  5	  827	  881	  3.736267	  -0.082097	  0.115580  
	944	  5	  828	  776	  4.542787	  -0.184106	  0.670054  
	945	  5	  829	  882	  5.940145	  -0.517886	  0.651782  
	948	  5	  832	  885	  7.668076	  -1.401906	  0.523969  
	951	  5	  1025	  888	  5.962425	  0.253540	  0.542479  
	952	  5	  1274	  889	  5.655516	  -0.196702	  0.564645  
	954	  5	  838	  891	  4.134843	  0.095208	  0.462784  
	955	  5	  839	  892	  4.160126	  0.194041	  0.465112  
	957	  5	  841	  894	  4.814836	  -0.137635	  0.835443  
	959	  5	  843	  895	  4.913221	  0.332836	  0.781991  
	960	  5	  844	  1407	  3.698211	  0.025101	  0.320025  
	961	  5	  845	  897	  4.302350	  -0.038831	  0.267238  
	971	  5	  176	  901	  4.906663	  0.254526	  0.657982  
	976	  5	  902	  880	  4.136343	  0.184106	  0.670054  
	977	  5	  851	  911	  4.022065	  0.107773	  0.619381  
	980	  5	  854	  914	  6.526510	  2.009735	  0.195085  
	981	  5	  855	  915	  6.605402	  2.311402	  0.496432  
	982	  5	  856	  916	  3.698605	  0.050521	  0.470694  
	983	  5	  857	  917	  10.011893	  -5.224524	  0.618840  
	985	  5	  859	  919	  4.721565	  0.381542	  0.845755  
	986	  5	  861	  95	  4.404660	  1.180468	  0.149736  
	987	  5	  862	  920	  6.494339	  -1.598098	  0.369332  
	988	  5	  863	  631	  5.127984	  -0.397345	  0.208456  
	989	  5	  810	  921	  7.685341	  1.296566	  0.626659  
	991	  5	  866	  810	  8.050071	  2.129321	  0.538329  
	992	  5	  867	  924	  7.043869	  -0.810123	  0.540897  
	994	  5	  1142	  944	  4.300658	  -0.110360	  0.567132  
	995	  5	  870	  927	  6.225781	  -0.329446	  0.501548  
	996	  5	  871	  928	  6.686205	  -1.046787	  0.646663  
	997	  5	  872	  929	  4.130278	  -0.147496	  0.201139  
	998	  5	  873	  498	  5.265908	  0.839552	  0.332633  
	1000	  5	  874	  898	  5.136752	  0.988266	  0.208350  
	1001	  5	  1241	  932	  4.537913	  0.265369	  0.355651  
	1003	  5	  877	  1386	  5.515197	  -0.157871	  0.637798  
	1004	  5	  878	  935	  8.187909	  -4.504497	  0.371785  
	1005	  5	  921	  936	  3.822561	  0.103569	  0.310784  
	1008	  5	  882	  596	  5.727702	  -0.517886	  0.651782  
	1011	  5	  885	  942	  7.724670	  -1.401906	  0.523969  
	1012	  5	  968	  358	  4.192692	  -0.157851	  0.568413  
	1014	  5	  888	  944	  6.245252	  0.253540	  0.542479  
	1015	  5	  889	  945	  5.787371	  -0.196702	  0.564645  
	1016	  5	  890	  710	  4.524439	  -0.413694	  0.129800  
	1017	  5	  891	  946	  4.195000	  0.095208	  0.462784  
	1018	  5	  892	  1073	  4.214791	  0.194041	  0.465112  
	1020	  5	  894	  949	  4.766971	  -0.137635	  0.835443  
	1021	  5	  895	  950	  4.918653	  0.332836	  0.781991  
	1023	  5	  897	  951	  4.311470	  -0.038831	  0.267238  
	1025	  5	  899	  953	  4.242809	  0.248572	  0.681023  
	1027	  5	  901	  954	  5.890689	  0.496643	  0.473020  
	1033	  5	  907	  1195	  5.303023	  0.389071	  0.551930  
	1034	  5	  1311	  959	  6.125003	  -0.413540	  0.881379  
	1043	  5	  810	  967	  5.471542	  0.563632	  0.497930  
	1046	  5	  911	  1145	  4.223358	  -0.156292	  0.714186  
	1048	  5	  1138	  403	  7.278604	  -1.175224	  0.589142  
	1049	  5	  914	  973	  6.543305	  2.009735	  0.195085  
	1050	  5	  915	  974	  6.644119	  2.311402	  0.496432  
	1051	  5	  916	  975	  3.868629	  0.050521	  0.470694  
	1052	  5	  917	  976	  10.051956	  -5.224524	  0.618840  
	1053	  5	  918	  1302	  6.603052	  -0.199646	  0.780191  
	1054	  5	  919	  978	  4.812359	  0.381542	  0.845755  
	1055	  5	  920	  979	  6.465137	  -1.598098	  0.369332  
	1056	  5	  921	  980	  4.474192	  0.171945	  0.658051  
	1059	  5	  924	  982	  7.098243	  -0.810123	  0.540897  
	1061	  5	  927	  984	  6.273706	  -0.329446	  0.501548  
	1062	  5	  928	  985	  8.822881	  -1.856910	  0.600520  
	1063	  5	  929	  986	  4.001445	  -0.147496	  0.201139  
	1068	  5	  935	  990	  8.231929	  -4.504497	  0.371785  
	1069	  5	  936	  991	  4.078851	  0.103569	  0.310784  
	1072	  5	  596	  899	  6.094438	  0.626123	  0.690889  
	1074	  5	  942	  1211	  7.815320	  -1.401906	  0.523969  
	1076	  5	  944	  994	  5.774277	  0.143180	  0.523477  
	1077	  5	  945	  997	  5.860333	  -0.196702	  0.564645  
	1081	  5	  949	  1001	  4.683146	  -0.137635	  0.835443  
	1083	  5	  951	  1002	  4.316250	  -0.038831	  0.267238  
	1085	  5	  953	  1004	  4.438141	  0.248572	  0.681023  
	1086	  5	  954	  1005	  5.215314	  0.414547	  0.543807  
	1089	  5	  906	  1007	  4.636982	  0.215907	  0.783893  
	1091	  5	  959	  1009	  5.972705	  -0.413540	  0.881379  
	1092	  5	  792	  1010	  5.801333	  0.394566	  0.727954  
	1093	  5	  902	  1011	  5.420742	  0.430843	  0.811807  
	1096	  5	  964	  1013	  6.709637	  0.828934	  0.542329  
	1098	  5	  1010	  1015	  4.253522	  -0.188912	  0.274151  
	1099	  5	  967	  1016	  5.605335	  0.563632	  0.497930  
	1102	  5	  969	  614	  5.410370	  -0.675501	  0.221117  
	1113	  5	  890	  1027	  4.519685	  -0.129269	  0.291965  
	1122	  5	  973	  1035	  6.558245	  2.009735	  0.195085  
	1123	  5	  974	  1036	  6.677717	  2.311402	  0.496432  
	1124	  5	  975	  1037	  3.970989	  0.050521	  0.470694  
	1125	  5	  976	  1038	  10.084293	  -5.224524	  0.618840  
	1127	  5	  978	  778	  5.305274	  -0.291555	  0.692546  
	1128	  5	  979	  1040	  6.429753	  -1.598098	  0.369332  
	1129	  5	  980	  1041	  4.714836	  0.171945	  0.658051  
	1131	  5	  982	  1042	  7.149523	  -0.810123	  0.540897  
	1133	  5	  984	  1044	  5.325757	  -0.216737	  0.357679  
	1134	  5	  985	  1045	  8.834555	  -1.856910	  0.600520  
	1135	  5	  986	  279	  3.804588	  -0.147496	  0.201139  
	1139	  5	  990	  1049	  8.272926	  -4.504497	  0.371785  
	1140	  5	  991	  530	  4.151824	  0.103569	  0.310784  
	1143	  5	  994	  1051	  5.925316	  0.143180	  0.523477  
	1146	  5	  997	  1054	  5.931075	  -0.196702	  0.564645  
	1150	  5	  1001	  1058	  4.560565	  -0.137635	  0.835443  
	1151	  5	  1002	  1059	  4.312063	  -0.038831	  0.267238  
	1153	  5	  1004	  1061	  4.546513	  0.248572	  0.681023  
	1154	  5	  1005	  1062	  5.215037	  0.414547	  0.543807  
	1156	  5	  1007	  1064	  4.762926	  0.215907	  0.783893  
	1157	  5	  1195	  1065	  5.023054	  0.305769	  0.622574  
	1158	  5	  1009	  921	  5.803802	  -0.413540	  0.881379  
	1160	  5	  1011	  801	  5.681992	  0.430843	  0.811807  
	1162	  5	  1013	  1068	  6.715724	  0.828934	  0.542329  
	1164	  5	  1015	  322	  4.257319	  -0.188912	  0.274151  
	1165	  5	  1016	  1071	  5.708707	  0.563632	  0.497930  
	1167	  5	  1018	  1073	  4.243896	  -0.194041	  0.465112  
	1169	  5	  611	  1074	  5.225990	  -0.189625	  0.595264  
	1173	  5	  921	  1077	  3.912542	  0.069315	  0.592082  
	1174	  5	  1025	  136	  6.542888	  -0.508066	  0.600343  
	1176	  5	  1027	  1079	  4.509285	  -0.129269	  0.291965  
	1180	  5	  286	  1083	  3.775405	  0.107132	  0.359101  
	1182	  5	  631	  890	  5.546693	  -0.542963	  0.168408  
	1187	  5	  829	  1088	  4.917318	  0.249392	  0.634986  
	1190	  5	  978	  1090	  6.213388	  0.673096	  0.779392  
	1193	  5	  403	  404	  5.372564	  -0.222466	  0.615504  
	1194	  5	  1035	  1092	  6.571153	  2.009735	  0.195085  
	1195	  5	  1036	  1093	  6.707319	  2.311402	  0.496432  
	1196	  5	  1037	  1094	  5.727194	  0.222466	  0.615504  
	1197	  5	  1038	  1095	  10.117573	  -5.224524	  0.618840  
	1198	  5	  1302	  1096	  6.628257	  -0.199646	  0.780191  
	1199	  5	  1040	  1097	  6.390080	  -1.598098	  0.369332  
	1200	  5	  1041	  1098	  4.830801	  0.171945	  0.658051  
	1201	  5	  1042	  1099	  7.196133	  -0.810123	  0.540897  
	1203	  5	  1044	  1101	  5.381387	  -0.216737	  0.357679  
	1204	  5	  1045	  1298	  8.847103	  -1.856910	  0.600520  
	1207	  5	  1049	  1104	  8.310510	  -4.504497	  0.371785  
	1209	  5	  1051	  1106	  6.029883	  0.143180	  0.523477  
	1212	  5	  1054	  1109	  5.998367	  -0.196702	  0.564645  
	1216	  5	  1058	  906	  4.404696	  -0.137635	  0.835443  
	1217	  5	  1059	  1112	  4.298803	  -0.038831	  0.267238  
	1219	  5	  1061	  1114	  4.615528	  0.248572	  0.681023  
	1220	  5	  1062	  1115	  5.203675	  0.414547	  0.543807  
	1222	  5	  1064	  765	  4.786292	  0.215907	  0.783893  
	1223	  5	  1065	  1117	  5.080526	  0.305769	  0.622574  
	1225	  5	  1012	  1356	  4.501100	  -0.078046	  0.666250  
	1226	  5	  1068	  1119	  6.717916	  0.828934	  0.542329  
	1229	  5	  1071	  1130	  5.790059	  0.563632	  0.497930  
	1232	  5	  1074	  1124	  5.299411	  -0.189625	  0.595264  
	1233	  5	  871	  1125	  5.793825	  -0.199646	  0.780191  
	1235	  5	  1077	  1127	  4.200887	  0.069315	  0.592082  
	1237	  5	  1079	  1129	  4.480279	  -0.129269	  0.291965  
	1238	  5	  946	  1130	  5.051747	  -0.371996	  0.567641  
	1240	  5	  541	  1132	  4.614513	  0.161419	  0.526923  
	1241	  5	  1083	  1133	  3.960517	  0.107132	  0.359101  
	1246	  5	  1088	  1136	  5.073047	  0.249392	  0.634986  
	1247	  5	  906	  1137	  3.879411	  0.065241	  0.682693  
	1248	  5	  1090	  1138	  6.150525	  0.673096	  0.779392  
	1251	  5	  603	  1141	  4.301117	  -0.107449	  0.731084  
	1254	  5	  954	  993	  3.545080	  0.082097	  0.115580  
	1258	  5	  1147	  275	  4.424965	  -0.065241	  0.682693  
	1261	  5	  1092	  1150	  6.582002	  2.009735	  0.195085  
	1262	  5	  1093	  1151	  6.732643	  2.311402	  0.496432  
	1263	  5	  1094	  1152	  5.733220	  0.222466	  0.615504  
	1264	  5	  1095	  1232	  10.162677	  -5.224524	  0.618840  
	1265	  5	  1096	  1154	  6.639074	  -0.199646	  0.780191  
	1266	  5	  1097	  1155	  6.344400	  -1.598098	  0.369332  
	1267	  5	  1098	  1037	  4.907799	  0.171945	  0.658051  
	1268	  5	  1099	  1156	  7.238298	  -0.810123	  0.540897  
	1270	  5	  1101	  1158	  5.426583	  -0.216737	  0.357679  
	1271	  5	  1298	  1159	  7.979760	  -1.027976	  0.647443  
	1273	  5	  1104	  1161	  8.339053	  -4.504497	  0.371785  
	1275	  5	  1106	  1162	  6.117417	  0.143180	  0.523477  
	1278	  5	  1109	  1164	  6.052136	  -0.196702	  0.564645  
	1281	  5	  1112	  1167	  4.274203	  -0.038831	  0.267238  
	1283	  5	  1114	  1168	  4.638800	  0.248572	  0.681023  
	1284	  5	  1115	  663	  5.140113	  0.414547	  0.543807  
	1286	  5	  1117	  1171	  5.103500	  0.305769	  0.622574  
	1288	  5	  1119	  1173	  6.715671	  0.828934	  0.542329  
	1291	  5	  1130	  1176	  4.363389	  0.191636	  0.362611  
	1293	  5	  1124	  1177	  5.361098	  -0.189625	  0.595264  
	1294	  5	  1125	  1178	  5.885176	  -0.199646	  0.780191  
	1296	  5	  1127	  1410	  4.321392	  0.069315	  0.592082  
	1298	  5	  1129	  1181	  4.434182	  -0.129269	  0.291965  
	1301	  5	  1132	  1183	  4.653795	  0.161419	  0.526923  
	1302	  5	  1133	  1184	  4.080886	  0.107132	  0.359101  
	1303	  5	  551	  1229	  6.009881	  -0.351224	  0.399513  
	1304	  5	  1135	  1186	  4.563662	  0.110360	  0.567132  
	1305	  5	  1136	  796	  5.190656	  0.249392	  0.634986  
	1306	  5	  1137	  1187	  4.135221	  0.065241	  0.682693  
	1307	  5	  1138	  1188	  8.663595	  2.421430	  0.625290  
	1309	  5	  403	  1189	  5.897391	  -0.462071	  0.444619  
	1310	  5	  1141	  1190	  4.252157	  -0.107449	  0.731084  
	1314	  5	  1145	  779	  4.082090	  -0.156292	  0.714186  
	1316	  5	  1147	  1193	  4.369279	  -0.112202	  0.602190  
	1323	  5	  1150	  1199	  6.590908	  2.009735	  0.195085  
	1324	  5	  1151	  1200	  6.750251	  2.311402	  0.496432  
	1325	  5	  1152	  1201	  5.730718	  0.222466	  0.615504  
	1327	  5	  1154	  1203	  6.643494	  -0.199646	  0.780191  
	1328	  5	  1155	  1204	  6.289900	  -1.598098	  0.369332  
	1329	  5	  1156	  1205	  7.276433	  -0.810123	  0.540897  
	1331	  5	  1158	  1207	  5.466653	  -0.216737	  0.357679  
	1333	  5	  1246	  1208	  5.704523	  0.222466	  0.615504  
	1334	  5	  1161	  1209	  8.373133	  -4.504497	  0.371785  
	1335	  5	  1162	  1210	  6.190022	  0.143180	  0.523477  
	1337	  5	  1164	  1212	  6.105242	  -0.196702	  0.564645  
	1339	  5	  1167	  1214	  4.237176	  -0.038831	  0.267238  
	1343	  5	  1171	  1218	  5.114174	  0.305769	  0.622574  
	1344	  5	  1356	  1219	  7.233372	  -0.277691	  0.748168  
	1345	  5	  1173	  1220	  6.709208	  0.828934	  0.542329  
	1348	  5	  1176	  1222	  4.485850	  0.191636	  0.362611  
	1349	  5	  1177	  1223	  5.412936	  -0.189625	  0.595264  
	1350	  5	  1178	  1224	  5.982092	  -0.199646	  0.780191  
	1353	  5	  1181	  1227	  4.358305	  -0.129269	  0.291965  
	1355	  5	  1183	  1228	  4.675112	  0.161419	  0.526923  
	1356	  5	  1184	  964	  4.148474	  0.107132	  0.359101  
	1358	  5	  1186	  1230	  4.598929	  0.110360	  0.567132  
	1359	  5	  1187	  1231	  4.288962	  0.065241	  0.682693  
	1360	  5	  1188	  1232	  8.617609	  2.421430	  0.625290  
	1361	  5	  1189	  1233	  5.991576	  -0.462071	  0.444619  
	1362	  5	  1190	  66	  4.107654	  -0.107449	  0.731084  
	1364	  5	  1191	  1235	  6.152719	  0.196702	  0.564645  
	1366	  5	  1193	  111	  4.368008	  -0.112202	  0.602190  
	1368	  5	  1194	  573	  5.381619	  0.606154	  0.775815  
	1369	  5	  1195	  1239	  3.275476	  0.083302	  0.292623  
	1370	  5	  1196	  1240	  4.970307	  -0.172883	  0.423565  
	1375	  5	  1199	  1244	  6.598139	  2.009735	  0.195085  
	1376	  5	  1200	  1245	  6.767614	  2.311402	  0.496432  
	1377	  5	  1201	  1246	  5.721413	  0.222466	  0.615504  
	1378	  5	  1232	  871	  8.784898	  -2.803094	  0.613268  
	1379	  5	  1203	  1247	  6.640135	  -0.199646	  0.780191  
	1380	  5	  1204	  1248	  6.226728	  -1.598098	  0.369332  
	1381	  5	  1205	  1249	  7.310865	  -0.810123	  0.540897  
	1383	  5	  1207	  1251	  5.498926	  -0.216737	  0.357679  
	1384	  5	  1208	  1252	  5.682613	  0.222466	  0.615504  
	1385	  5	  1209	  1253	  8.401168	  -4.504497	  0.371785  
	1386	  5	  1210	  1254	  6.252379	  0.143180	  0.523477  
	1388	  5	  1212	  1256	  6.148142	  -0.196702	  0.564645  
	1390	  5	  1214	  1257	  4.183471	  -0.038831	  0.267238  
	1394	  5	  1218	  1261	  5.104125	  0.305769	  0.622574  
	1395	  5	  1219	  1262	  7.145966	  -0.277691	  0.748168  
	1396	  5	  1220	  1263	  6.698569	  0.828934	  0.542329  
	1397	  5	  1222	  1264	  4.543021	  0.191636	  0.362611  
	1398	  5	  1223	  1265	  5.457328	  -0.189625	  0.595264  
	1399	  5	  1224	  1266	  6.069527	  -0.199646	  0.780191  
	1402	  5	  1227	  1269	  4.243273	  -0.129269	  0.291965  
	1403	  5	  1228	  1270	  4.678207	  0.161419	  0.526923  
	1404	  5	  1229	  1271	  5.092050	  -0.072753	  0.475276  
	1405	  5	  1230	  1272	  4.612551	  0.110360	  0.567132  
	1406	  5	  1231	  1273	  4.382049	  0.065241	  0.682693  
	1408	  5	  1233	  1274	  6.074490	  -0.462071	  0.444619  
	1409	  5	  1235	  1275	  6.193507	  0.196702	  0.564645  
	1412	  5	  1239	  1276	  3.427277	  0.083302	  0.292623  
	1413	  5	  1240	  1277	  5.040777	  -0.172883	  0.423565  
	1417	  5	  911	  529	  5.055228	  0.264065	  0.675493  
	1420	  5	  1244	  1283	  6.602655	  2.009735	  0.195085  
	1421	  5	  1245	  1284	  6.777209	  2.311402	  0.496432  
	1423	  5	  1247	  1285	  6.635844	  -0.199646	  0.780191  
	1424	  5	  1248	  1286	  6.149940	  -1.598098	  0.369332  
	1425	  5	  1249	  1287	  7.341885	  -0.810123	  0.540897  
	1426	  5	  1251	  1288	  3.910740	  -0.025101	  0.320025  
	1427	  5	  1252	  1289	  5.654587	  0.222466	  0.615504  
	1428	  5	  1253	  1290	  8.431669	  -4.504497	  0.371785  
	1429	  5	  1254	  1291	  6.306720	  0.143180	  0.523477  
	1431	  5	  1256	  1292	  6.192090	  -0.196702	  0.564645  
	1432	  5	  1257	  1293	  4.108689	  -0.038831	  0.267238  
	1436	  5	  1261	  522	  5.081904	  0.305769	  0.622574  
	1437	  5	  1262	  1297	  7.107493	  -0.277691	  0.748168  
	1438	  5	  1263	  1298	  6.682316	  0.828934	  0.542329  
	1439	  5	  1264	  1251	  4.577305	  0.191636	  0.362611  
	1440	  5	  1265	  1299	  5.491032	  -0.189625	  0.595264  
	1441	  5	  1266	  1300	  6.151537	  -0.199646	  0.780191  
	1444	  5	  1269	  224	  4.041812	  -0.129269	  0.291965  
	1445	  5	  1270	  765	  4.663194	  0.161419	  0.526923  
	1446	  5	  1271	  1303	  5.160671	  -0.072753	  0.475276  
	1447	  5	  1272	  1304	  4.614160	  0.110360	  0.567132  
	1448	  5	  1273	  1305	  4.439490	  0.065241	  0.682693  
	1450	  5	  1275	  1306	  6.234814	  0.196702	  0.564645  
	1451	  5	  1276	  1307	  4.974715	  0.193662	  0.449054  
	1452	  5	  1277	  1308	  5.106138	  -0.172883	  0.423565  
	1455	  5	  663	  871	  6.894793	  1.215595	  0.565770  
	1459	  5	  881	  1312	  3.708832	  -0.082097	  0.115580  
	1462	  5	  1283	  874	  6.606122	  2.009735	  0.195085  
	1463	  5	  1284	  1316	  6.787269	  2.311402	  0.496432  
	1464	  5	  1285	  1317	  6.621464	  -0.199646	  0.780191  
	1465	  5	  1286	  749	  6.069283	  -1.598098	  0.369332  
	1466	  5	  1287	  1318	  7.370636	  -0.810123	  0.540897  
	1467	  5	  1288	  1319	  3.940733	  -0.025101	  0.320025  
	1470	  5	  1291	  1320	  6.354249	  0.143180	  0.523477  
	1471	  5	  1292	  823	  6.233228	  -0.196702	  0.564645  
	1472	  5	  1293	  1321	  4.012314	  -0.038831	  0.267238  
	1475	  5	  1297	  1191	  7.061295	  -0.277691	  0.748168  
	1477	  5	  1299	  1322	  5.519770	  -0.189625	  0.595264  
	1478	  5	  1300	  1323	  6.223933	  -0.199646	  0.780191  
	1481	  5	  1303	  1325	  5.229207	  -0.072753	  0.475276  
	1482	  5	  1304	  1326	  4.599602	  0.110360	  0.567132  
	1483	  5	  1305	  1327	  4.470115	  0.065241	  0.682693  
	1484	  5	  1306	  1328	  6.269167	  0.196702	  0.564645  
	1485	  5	  1307	  476	  4.929071	  0.193662	  0.449054  
	1486	  5	  1308	  1329	  5.163504	  -0.172883	  0.423565  
	1488	  5	  946	  1331	  5.857311	  0.467204	  0.546273  
	1490	  5	  1312	  993	  3.675638	  -0.082097	  0.115580  
	1497	  5	  1316	  1338	  6.789274	  2.311402	  0.496432  
	1498	  5	  1317	  1356	  6.600964	  -0.199646	  0.780191  
	1499	  5	  1318	  1340	  7.395690	  -0.810123	  0.540897  
	1500	  5	  1319	  1341	  3.958278	  -0.025101	  0.320025  
	1501	  5	  1320	  1342	  6.396196	  0.143180	  0.523477  
	1502	  5	  1321	  1343	  5.554515	  0.157871	  0.637798  
	1503	  5	  1322	  1344	  5.542798	  -0.189625	  0.595264  
	1504	  5	  1323	  1345	  6.285940	  -0.199646	  0.780191  
	1506	  5	  1325	  1347	  5.286630	  -0.072753	  0.475276  
	1507	  5	  1326	  1276	  4.570184	  0.110360	  0.567132  
	1508	  5	  1327	  1348	  4.480509	  0.065241	  0.682693  
	1509	  5	  1328	  1321	  6.299126	  0.196702	  0.564645  
	1510	  5	  1329	  1349	  5.213102	  -0.172883	  0.423565  
	1512	  5	  1331	  1351	  5.848070	  0.467204	  0.546273  
	1513	  5	  1311	  1352	  4.638928	  0.112709	  0.778203  
	1518	  5	  1338	  1355	  6.791142	  2.311402	  0.496432  
	1520	  5	  1340	  1357	  7.416015	  -0.810123	  0.540897  
	1521	  5	  1341	  1358	  3.970729	  -0.025101	  0.320025  
	1522	  5	  1342	  1359	  6.432911	  0.143180	  0.523477  
	1523	  5	  1343	  1360	  5.554371	  0.157871	  0.637798  
	1524	  5	  1344	  1361	  5.555903	  -0.189625	  0.595264  
	1525	  5	  1345	  1362	  6.345650	  -0.199646	  0.780191  
	1527	  5	  1347	  1364	  5.337568	  -0.072753	  0.475276  
	1528	  5	  1348	  1365	  4.471336	  0.065241	  0.682693  
	1529	  5	  1349	  1366	  5.253918	  -0.172883	  0.423565  
	1531	  5	  1351	  1368	  5.832957	  0.467204	  0.546273  
	1532	  5	  1352	  1369	  4.840016	  0.112709	  0.778203  
	1534	  5	  663	  1168	  4.644735	  -0.248572	  0.681023  
	1535	  5	  1355	  1370	  6.789153	  2.311402	  0.496432  
	1537	  5	  1357	  1372	  7.434138	  -0.810123	  0.540897  
	1538	  5	  1358	  1373	  3.970499	  -0.025101	  0.320025  
	1539	  5	  1359	  1374	  6.463685	  0.143180	  0.523477  
	1540	  5	  1360	  1386	  5.542490	  0.157871	  0.637798  
	1541	  5	  1361	  1376	  5.558857	  -0.189625	  0.595264  
	1542	  5	  1362	  682	  6.404834	  -0.199646	  0.780191  
	1544	  5	  1364	  1378	  5.377547	  -0.072753	  0.475276  
	1545	  5	  1365	  275	  4.460451	  0.065241	  0.682693  
	1546	  5	  1366	  1379	  5.289575	  -0.172883	  0.423565  
	1548	  5	  1368	  1211	  5.796091	  0.467204	  0.546273  
	1549	  5	  1369	  1382	  4.938552	  0.112709	  0.778203  
	1550	  5	  1370	  1383	  6.777789	  2.311402	  0.496432  
	1552	  5	  1372	  928	  7.451077	  -0.810123	  0.540897  
	1553	  5	  1373	  1385	  3.957547	  -0.025101	  0.320025  
	1554	  5	  1374	  1191	  6.495058	  0.143180	  0.523477  
	1556	  5	  1376	  1387	  5.557085	  -0.189625	  0.595264  
	1558	  5	  1378	  1389	  5.410049	  -0.072753	  0.475276  
	1559	  5	  1379	  1390	  5.315011	  -0.172883	  0.423565  
	1561	  5	  1382	  1392	  5.003180	  0.112709	  0.778203  
	1562	  5	  1383	  1393	  6.762026	  2.311402	  0.496432  
	1564	  5	  1385	  1394	  3.933707	  -0.025101	  0.320025  
	1566	  5	  1387	  1395	  5.545168	  -0.189625	  0.595264  
	1568	  5	  1389	  1397	  5.451853	  -0.072753	  0.475276  
	1569	  5	  1390	  1398	  5.333235	  -0.172883	  0.423565  
	1571	  5	  1392	  1399	  5.042120	  0.112709	  0.778203  
	1572	  5	  1393	  1400	  6.739738	  2.311402	  0.496432  
	1573	  5	  1394	  1401	  3.890839	  -0.025101	  0.320025  
	1574	  5	  1395	  1402	  5.524859	  -0.189625	  0.595264  
	1575	  5	  1397	  1403	  5.488463	  -0.072753	  0.475276  
	1576	  5	  1398	  1404	  5.342005	  -0.172883	  0.423565  
	1577	  5	  1399	  1405	  5.065242	  0.112709	  0.778203  
	1578	  5	  1400	  1406	  6.706959	  2.311402	  0.496432  
	1579	  5	  1401	  1407	  3.828517	  -0.025101	  0.320025  
	1580	  5	  1402	  1408	  5.491045	  -0.189625	  0.595264  
	1581	  5	  1403	  1409	  5.527001	  -0.072753	  0.475276  
	1582	  5	  1404	  1410	  5.348987	  -0.172883	  0.423565  
	1583	  5	  1405	  1411	  5.073742	  0.112709	  0.778203  
	1584	  5	  1406	  1412	  6.670799	  2.311402	  0.496432  
	1586	  5	  1408	  1413	  5.443309	  -0.189625	  0.595264  
	1587	  5	  1409	  1414	  5.560091	  -0.072753	  0.475276  
	1589	  5	  1411	  1415	  5.067564	  0.112709	  0.778203  
	1590	  5	  1416	  132	  10.536238	  -29.373817	  0.432416  
	1591	  5	  1412	  1416	  6.629017	  2.311402	  0.496432  
	1592	  5	  1413	  1417	  5.378963	  -0.189625	  0.595264  
	1593	  5	  1414	  1418	  5.589235	  -0.072753	  0.475276  
	1594	  5	  1415	  984	  5.046926	  0.112709	  0.778203  
	1595	  5	  1417	  1419	  5.290078	  -0.189625	  0.595264  
	1596	  5	  1418	  1420	  5.613495	  -0.072753	  0.475276  
	1597	  5	  1419	  331	  5.160657	  -0.189625	  0.595264  
	1598	  5	  1420	  1421	  5.636357	  -0.072753	  0.475276  
	1599	  5	  1421	  1422	  5.655274	  -0.072753	  0.475276  
	1600	  5	  1422	  1423	  5.672174	  -0.072753	  0.475276  
	1601	  5	  1423	  1424	  5.683821	  -0.072753	  0.475276  
	1602	  5	  1424	  1425	  5.694572	  -0.072753	  0.475276  
	1603	  5	  1425	  1426	  5.701907	  -0.072753	  0.475276  
	1604	  5	  1426	  1427	  5.706450	  -0.072753	  0.475276  
	1605	  5	  1427	  1428	  5.707940	  -0.072753	  0.475276  
	1606	  5	  1428	  1429	  5.706473	  -0.072753	  0.475276  
	1607	  5	  1429	  1430	  5.703218	  -0.072753	  0.475276  
	1608	  5	  1430	  1431	  5.696649	  -0.072753	  0.475276  
	1609	  5	  1431	  1432	  5.686956	  -0.072753	  0.475276  
	1610	  5	  1432	  1433	  5.673031	  -0.072753	  0.475276  
	1611	  5	  1433	  1434	  5.656827	  -0.072753	  0.475276  
	1612	  5	  1434	  1435	  5.635906	  -0.072753	  0.475276  
	1613	  5	  1435	  1436	  5.611439	  -0.072753	  0.475276  
	1614	  5	  1436	  1437	  5.581018	  -0.072753	  0.475276  
	1615	  5	  1437	  1438	  5.545666	  -0.072753	  0.475276  
	1616	  5	  1438	  1439	  5.502520	  -0.072753	  0.475276  
	1617	  5	  1439	  1440	  5.451379	  -0.072753	  0.475276  
	1618	  5	  1440	  1442	  5.354692	  -0.072753	  0.475276  
	1620	  5	  1442	  1443	  5.225047	  -0.072753	  0.475276  
	1621	  5	  1443	  1191	  5.131150	  -0.072753	  0.475276  
 822       total number of nodes
  name    x       y       z
	1	  25.000000	  77.900002	  500.000000  
	2	  55.000000	  95.199997	  500.000000  
	3	  80.313072	  109.797874	  490.453186  
	4	  85.000000	  112.500000	  450.000000  
	5	  90.604416	  110.217430	  399.513062  
	6	  83.403816	  110.419373	  349.998871  
	8	  83.120064	  109.231422	  250.529160  
	9	  86.319061	  111.370689	  194.179199  
	13	  150.000000	  150.000000	  500.000000  
	14	  275.000000	  222.100006	  500.000000  
	15	  245.000000	  204.800003	  500.000000  
	16	  225.432922	  190.442337	  486.144806  
	19	  210.778824	  181.509979	  351.175720  
	33	  217.236328	  178.285004	  195.982391  
	45	  88.190819	  110.742683	  414.748810  
	50	  115.327103	  103.483498	  391.907715  
	55	  209.461365	  141.828751	  245.247833  
	56	  39.093369	  75.864235	  328.817535  
	57	  128.170639	  97.590416	  383.102142  
	59	  198.484360	  174.285339	  259.022766  
	63	  199.113434	  133.760422	  253.930573  
	65	  141.743057	  90.625137	  377.011383  
	66	  254.752289	  141.533539	  105.513237  
	71	  209.614700	  177.118637	  377.630005  
	72	  278.656647	  87.520294	  178.206070  
	73	  185.247086	  126.764305	  258.725830  
	86	  170.059296	  123.209557	  261.840515  
	87	  251.648376	  69.926315	  314.691833  
	88	  164.219666	  69.849350	  357.046478  
	89	  273.890564	  128.055222	  111.428314  
	90	  151.917465	  171.673706	  292.719360  
	94	  201.589432	  165.248505	  370.102997  
	95	  199.051178	  154.408066	  306.669373  
	97	  92.303322	  118.476524	  186.453384  
	98	  224.001511	  174.351364	  409.753510  
	99	  256.842010	  64.391335	  329.697906  
	101	  154.426437	  124.728966	  264.405609  
	102	  246.257614	  71.408310	  302.846558  
	108	  261.652802	  230.587799	  363.648438  
	110	  201.819748	  141.555984	  307.618347  
	111	  217.953217	  147.998245	  174.752502  
	113	  232.320175	  160.979141	  404.847626  
	117	  137.359909	  121.689865	  260.214020  
	119	  166.687332	  41.984894	  344.140076  
	121	  150.732559	  145.224548	  322.361725  
	122	  67.657265	  110.409050	  339.000549  
	124	  145.228516	  11.231522	  357.128815  
	125	  190.766495	  136.412155	  357.803772  
	126	  198.109314	  127.102859	  311.714539  
	127	  212.379974	  137.849533	  178.749863  
	129	  237.722290	  147.007568	  397.578888  
	130	  233.948853	  63.210579	  353.426788  
	131	  87.858772	  97.589340	  305.362732  
	132	  233.027344	  185.677719	  448.877960  
	136	  263.458313	  94.759743	  178.368469  
	141	  168.945480	  31.381912	  339.606445  
	143	  141.020798	  138.616669	  336.219696  
	145	  158.704803	  11.568344	  349.726440  
	146	  185.645065	  124.973701	  347.028564  
	147	  186.949280	  115.518318	  315.496155  
	150	  241.709152	  135.277588	  386.455261  
	152	  86.735901	  83.377472	  308.358429  
	153	  244.917007	  187.017929	  444.564911  
	156	  197.772583	  171.782410	  383.779022  
	159	  73.713165	  104.585594	  290.906067  
	162	  47.279022	  121.792557	  329.568756  
	166	  270.017822	  150.670120	  214.009476  
	169	  40.360168	  234.339935	  340.008942  
	172	  179.353745	  192.831451	  316.174408  
	173	  41.955269	  231.850723	  343.477722  
	174	  182.893784	  116.960640	  332.713562  
	175	  181.363312	  107.675301	  323.075348  
	176	  226.859375	  92.017921	  185.148911  
	177	  83.955841	  153.633240	  132.644073  
	178	  241.735291	  121.758553	  376.736328  
	180	  81.151756	  69.377625	  310.794495  
	181	  258.587555	  186.514023	  436.645844  
	185	  260.559662	  103.564613	  150.004791  
	186	  125.884750	  279.290680	  335.154633  
	187	  65.944763	  95.678894	  296.528687  
	189	  40.018478	  133.965118	  330.225708  
	193	  260.450867	  118.464409	  194.362564  
	194	  198.283157	  175.229187	  276.616852  
	198	  266.335052	  163.912003	  216.454758  
	201	  39.576599	  217.774307	  341.488281  
	203	  113.185501	  124.619537	  347.099030  
	204	  175.123856	  189.377609	  307.200256  
	205	  54.085838	  223.155807	  340.329529  
	208	  83.176888	  162.830902	  119.667938  
	209	  244.082642	  108.285660	  367.365295  
	211	  72.348373	  57.886429	  311.571350  
	212	  270.560333	  183.868835	  425.720337  
	213	  170.684174	  196.450317	  265.334869  
	215	  181.155960	  144.101685	  390.121124  
	217	  120.178734	  268.192322	  344.457428  
	218	  55.686211	  85.877190	  305.231079  
	219	  207.460388	  172.303146	  389.777802  
	220	  28.322037	  145.417908	  330.681152  
	224	  249.380554	  131.992584	  198.975433  
	226	  65.311028	  94.669907	  174.106766  
	227	  218.830505	  201.058075	  227.383820  
	230	  174.167236	  70.528458	  362.278137  
	237	  266.400940	  179.694824	  212.432556  
	238	  85.604439	  177.026886	  264.464478  
	239	  212.220718	  67.878357	  234.063278  
	240	  38.255020	  201.257614	  341.250824  
	241	  107.154030	  117.925957	  359.545593  
	242	  165.085434	  183.080124	  290.440430  
	244	  166.954117	  69.418175	  315.127686  
	245	  227.772064	  78.039742	  207.554413  
	246	  83.614670	  175.535202	  108.914719  
	247	  251.096024	  97.426506	  356.989899  
	250	  22.578125	  182.742325	  414.053589  
	253	  181.634308	  129.769928	  393.779358  
	255	  114.131287	  257.269806	  355.473297  
	256	  44.741669	  80.683434	  316.514862  
	257	  201.600876	  163.354126	  400.404114  
	258	  20.364594	  159.695694	  333.371521  
	259	  183.700531	  130.234970	  292.279175  
	264	  56.218292	  74.131874	  180.138260  
	266	  73.731430	  98.555649	  180.557465  
	267	  189.612595	  66.999840	  367.176483  
	270	  233.375626	  161.943665	  261.319794  
	271	  33.029480	  143.734436	  197.839188  
	272	  79.629723	  101.819397	  230.082916  
	274	  82.012711	  107.253555	  283.926331  
	275	  222.346039	  191.333923	  166.972534  
	278	  75.424042	  176.529083	  267.713898  
	279	  200.271484	  68.286156	  223.828781  
	280	  32.338074	  185.884705	  343.059937  
	281	  101.097008	  106.680038	  369.677795  
	282	  158.781876	  177.227417	  283.412231  
	285	  228.809021	  69.145027	  220.794800  
	286	  84.689514	  191.319061	  104.862633  
	287	  255.938004	  88.325470	  344.634003  
	289	  171.534927	  265.599731	  308.882355  
	290	  38.509048	  184.488144	  398.889557  
	293	  180.936874	  113.184509	  394.381226  
	295	  109.863174	  245.566818	  366.450531  
	296	  189.930969	  155.552292	  409.312317  
	297	  271.737122	  173.862823	  334.890839  
	298	  179.416946	  114.504257	  289.954376  
	301	  47.983040	  67.596947	  193.028168  
	304	  200.359802	  59.860550	  368.928558  
	305	  103.028320	  184.912552	  262.537262  
	307	  244.766006	  148.256989	  256.510529  
	308	  46.357918	  147.679169	  197.050964  
	309	  72.191826	  90.288422	  237.564636  
	310	  37.723160	  125.597023	  113.464699  
	314	  232.361526	  217.468079	  372.700073  
	316	  115.559273	  275.226288	  331.463470  
	317	  129.689590	  116.490051	  256.194366  
	318	  117.177452	  135.011871	  338.221497  
	322	  254.696381	  194.576080	  205.078156  
	323	  62.698334	  185.850052	  255.998993  
	324	  200.258575	  64.810646	  207.422180  
	325	  26.751953	  170.908325	  347.721008  
	326	  93.957680	  96.992989	  380.944122  
	327	  155.696762	  160.793610	  268.735504  
	328	  77.313293	  182.415421	  333.521332  
	329	  159.223801	  38.090088	  307.684235  
	330	  226.399216	  58.217754	  226.465210  
	331	  85.837807	  207.402283	  95.658302  
	332	  257.630920	  78.422592	  336.538666  
	334	  163.806229	  253.099792	  305.894958  
	335	  39.919411	  188.454132	  386.034912  
	338	  177.483170	  97.400024	  390.528198  
	340	  108.365807	  230.986557	  373.007660  
	341	  175.268097	  151.340057	  415.606201  
	342	  259.388947	  184.627289	  337.304718  
	343	  179.845642	  98.451736	  282.284851  
	346	  38.736626	  64.945938	  206.472351  
	350	  258.004089	  139.499542	  252.464310  
	351	  61.829865	  150.702805	  191.693817  
	352	  61.769932	  81.093719	  242.369659  
	353	  42.336662	  126.595520	  99.621941  
	357	  217.660233	  219.631363	  378.973083  
	358	  261.502167	  115.120003	  152.703964  
	359	  112.032928	  260.530365	  324.751617  
	360	  120.781082	  105.156059	  247.863602  
	362	  220.993362	  50.595490	  234.686081  
	365	  177.081772	  154.470032	  383.653351  
	367	  170.983566	  81.662743	  329.422546  
	369	  166.442719	  47.423210	  315.239044  
	375	  199.705750	  55.534363	  194.810608  
	376	  20.860138	  155.376312	  348.846039  
	377	  86.942200	  83.910805	  388.114197  
	378	  151.102219	  150.994308	  256.221802  
	380	  153.698380	  24.709351	  303.936432  
	382	  78.029442	  217.881622	  87.688393  
	384	  153.095993	  240.746231	  303.555542  
	385	  45.047150	  194.545242	  371.648743  
	386	  118.074997	  220.794815	  233.215179  
	388	  178.599457	  80.877319	  388.802887  
	390	  106.356125	  215.253220	  373.624725  
	391	  162.036835	  152.903534	  423.671417  
	392	  249.098984	  195.752747	  344.201324  
	393	  174.133240	  82.229637	  286.791626  
	395	  157.143280	  291.855530	  218.236801  
	400	  77.975540	  151.903549	  187.808243  
	401	  51.099762	  74.010574	  243.682983  
	403	  246.303558	  205.317474	  129.818497  
	404	  240.768448	  218.991928	  95.606277  
	405	  35.038727	  116.894867	  326.212738  
	406	  203.217087	  225.637039	  384.678345  
	407	  109.324242	  246.108780	  317.261261  
	408	  111.363289	  96.362091	  237.318756  
	411	  65.415970	  236.180313	  369.058472  
	413	  162.707413	  147.609512	  377.960388  
	415	  167.680161	  72.997711	  343.061890  
	416	  210.358963	  172.749863	  355.636475  
	417	  171.259827	  39.620987	  327.109406  
	419	  203.166855	  173.480484	  236.745987  
	422	  82.056595	  115.694717	  143.070679  
	423	  84.253647	  149.183456	  144.734268  
	424	  222.809708	  225.189499	  238.079865  
	426	  159.618484	  198.659912	  239.585373  
	428	  183.816238	  96.629356	  272.532532  
	430	  44.447189	  195.736115	  244.204071  
	431	  200.300171	  41.849258	  186.475113  
	432	  276.073669	  140.039856	  347.663971  
	433	  79.603752	  69.251526	  391.025391  
	434	  146.341202	  146.289932	  241.478043  
	435	  100.982170	  157.494446	  339.010345  
	436	  145.527084	  11.976929	  301.546692  
	440	  144.716568	  226.422226	  302.202454  
	441	  47.102859	  201.158371	  356.507294  
	444	  181.553329	  65.336769	  383.607849  
	446	  109.508713	  199.433670	  371.031403  
	447	  150.480957	  159.630615	  429.828369  
	448	  237.493637	  206.834061	  347.830048  
	449	  168.056213	  67.851402	  283.426971  
	451	  145.425262	  297.269806	  228.144211  
	452	  119.554535	  50.040703	  212.117615  
	454	  22.158497	  131.493988	  233.596069  
	455	  94.145416	  155.871506	  187.694412  
	460	  21.170914	  114.801956	  328.196472  
	461	  189.806381	  234.980103	  387.848053  
	462	  111.955383	  234.726944	  307.354706  
	463	  102.192329	  88.782089	  225.768524  
	465	  62.371750	  228.621780	  359.372650  
	467	  152.470856	  140.341003	  367.504730  
	468	  255.498032	  70.138466	  270.168976  
	469	  217.966553	  167.774567	  349.979034  
	471	  194.493988	  163.928299	  224.762115  
	473	  142.821564	  170.379089	  300.718628  
	475	  58.762970	  157.876297	  154.692795  
	476	  219.493515	  237.165070	  245.804871  
	477	  161.804214	  270.297363	  308.541443  
	478	  160.467133	  196.981857	  227.818649  
	480	  192.823364	  94.687874	  259.061279  
	481	  106.582451	  128.887909	  161.404556  
	485	  48.503578	  182.442673	  400.640350  
	487	  97.246613	  171.000916	  345.891113  
	488	  144.607712	  216.517731	  236.938232  
	492	  67.772972	  251.315308	  182.034561  
	493	  267.066620	  126.806480	  346.463348  
	494	  75.751999	  53.112411	  392.409424  
	496	  109.145325	  147.167191	  336.703461  
	497	  266.951111	  230.807159	  299.852753  
	498	  104.476654	  226.032074	  223.200409  
	499	  59.813904	  245.651184	  72.846313  
	501	  136.994186	  212.859818	  297.111786  
	502	  45.694977	  207.689835	  341.989227  
	504	  187.248474	  50.930191	  379.632263  
	507	  138.542618	  169.663864	  431.369843  
	508	  228.992096	  220.066864	  349.639282  
	509	  162.661636	  55.247879	  274.253784  
	511	  260.664246	  77.085670	  232.828384  
	512	  114.842720	  62.716209	  207.525803  
	514	  27.624622	  131.874252	  222.016586  
	515	  116.536667	  158.904816	  192.576416  
	520	  264.957306	  114.387344	  332.709869  
	521	  175.122147	  239.476746	  393.161987  
	522	  118.309303	  227.523270	  294.968109  
	523	  96.238487	  77.216980	  215.505829  
	526	  145.472916	  137.135788	  354.123962  
	528	  232.032669	  164.512817	  342.479645  
	529	  188.431335	  156.409302	  209.901337  
	530	  193.448654	  219.977722	  99.810303  
	531	  135.043076	  182.430191	  297.710205  
	533	  49.602097	  167.631302	  155.710388  
	534	  226.115570	  244.972687	  264.143097  
	535	  150.452820	  273.480316	  306.016632  
	536	  152.119797	  190.717651	  210.585129  
	537	  168.822281	  203.187103	  215.914169  
	539	  120.986282	  128.744507	  152.186096  
	541	  235.071762	  95.150467	  114.973244  
	543	  64.928772	  180.146774	  400.081451  
	544	  69.740318	  177.126984	  294.365234  
	545	  110.065590	  179.178360	  353.261261  
	546	  157.494141	  224.636642	  226.299561  
	549	  213.767639	  179.114746	  223.598694  
	550	  140.620590	  54.176384	  219.506424  
	551	  26.671928	  209.238327	  210.372360  
	552	  60.110634	  237.238388	  178.852234  
	553	  257.111298	  113.509468	  345.321564  
	554	  204.034134	  263.222198	  391.524933  
	557	  97.482414	  216.556076	  210.657501  
	558	  181.956726	  26.745575	  65.315598  
	561	  41.769066	  211.702469	  329.202148  
	563	  193.744019	  44.590378	  375.326996  
	565	  121.036049	  179.321304	  347.446381  
	566	  127.381851	  181.850388	  429.333008  
	567	  222.063843	  231.914078	  355.829742  
	568	  157.921967	  44.604156	  262.359711  
	570	  244.432739	  78.535065	  232.617203  
	571	  112.151741	  73.521042	  196.451523  
	573	  29.624212	  133.811676	  210.096878  
	578	  250.210144	  116.155647	  339.784607  
	579	  159.577545	  238.264740	  397.750153  
	580	  120.934906	  213.357162	  284.600586  
	581	  88.117615	  65.078606	  207.509979  
	585	  246.719940	  163.567780	  334.706726  
	588	  132.858948	  194.822357	  295.397614  
	590	  37.585388	  177.351837	  161.499054  
	591	  103.928276	  29.877090	  273.519562  
	592	  137.330200	  274.366333	  300.141510  
	595	  213.466263	  79.910316	  237.364349  
	596	  131.308273	  125.125267	  142.301529  
	599	  81.086029	  182.924622	  398.842896  
	600	  69.328094	  178.779083	  310.455109  
	601	  167.910339	  232.356033	  215.854797  
	602	  199.166458	  166.683350	  317.071533  
	603	  279.733551	  179.206390	  92.849762  
	604	  153.191971	  188.743668	  274.138336  
	609	  144.003036	  68.466537	  219.954880  
	611	  48.307129	  214.605927	  158.044922  
	612	  247.340073	  100.981201	  340.626648  
	614	  129.796234	  149.983200	  199.551544  
	615	  245.895676	  198.804214	  289.826233  
	616	  94.763535	  207.699966	  197.059982  
	619	  36.720901	  213.775345	  319.045135  
	622	  130.745880	  180.022461	  337.207611  
	623	  119.954102	  196.025223	  424.736786  
	624	  216.488571	  240.707840	  364.786438  
	625	  148.801941	  35.100494	  252.222305  
	627	  229.260651	  76.813560	  227.304245  
	628	  111.105217	  82.559280	  182.507446  
	631	  148.029953	  180.964081	  199.125549  
	633	  155.559418	  23.556526	  96.992264  
	635	  234.511337	  120.479027	  342.138397  
	636	  143.959305	  237.122101	  402.906311  
	637	  125.388123	  206.990387	  270.680298  
	638	  79.571983	  53.155228	  199.644852  
	641	  160.193115	  287.188477	  237.532166  
	642	  260.619843	  167.742950	  326.559113  
	645	  120.818306	  197.030136	  274.809143  
	647	  23.988251	  186.215775	  162.988144  
	648	  115.654747	  38.984421	  278.632599  
	649	  124.831009	  271.785736	  290.505402  
	653	  138.333099	  131.342072	  130.911850  
	656	  95.557312	  189.058868	  394.302277  
	657	  68.896179	  186.079666	  324.396759  
	658	  176.620667	  234.333420	  202.869766  
	661	  146.579956	  200.612946	  264.828522  
	662	  189.735565	  35.338486	  81.815857  
	663	  150.962799	  24.313622	  118.375778  
	664	  198.411545	  127.117172	  179.417404  
	672	  146.419357	  84.425194	  216.371536  
	675	  236.220627	  92.316406	  332.337433  
	676	  189.659302	  235.954407	  410.311798  
	682	  102.647919	  79.668350	  31.982927  
	684	  136.912109	  182.647644	  322.633636  
	685	  116.871666	  211.004486	  420.161865  
	686	  212.461533	  246.350372	  374.801666  
	687	  142.452209	  31.733299	  238.739807  
	689	  109.458412	  89.295952	  168.334656  
	693	  164.610474	  25.504173	  85.511833  
	695	  219.652420	  127.303284	  340.136871  
	696	  128.527756	  232.072784	  403.875671  
	697	  131.081238	  200.559494	  256.416534  
	698	  201.064758	  269.827240	  188.086411  
	700	  31.364319	  215.032471	  309.877350  
	702	  275.395172	  172.315292	  320.394226  
	706	  145.119217	  99.613014	  96.495300  
	707	  273.967682	  199.623016	  162.518188  
	708	  129.634705	  47.729546	  278.410187  
	709	  112.828964	  264.768890	  281.343658  
	710	  149.575882	  163.710220	  175.837143  
	714	  215.797104	  63.870209	  66.831352  
	715	  108.484489	  193.857605	  385.224670  
	718	  142.922363	  209.324081	  251.427597  
	719	  191.754227	  50.594193	  87.267639  
	721	  184.470398	  124.109901	  174.784927  
	722	  236.232956	  211.581970	  78.552391  
	725	  244.494232	  233.094376	  285.403534  
	726	  248.870132	  167.261978	  153.337433  
	728	  223.669159	  173.635193	  271.008606  
	732	  73.134209	  107.498116	  159.408508  
	734	  111.794601	  97.025085	  114.898705  
	736	  153.285461	  98.340706	  210.693237  
	739	  227.174942	  86.927231	  320.270844  
	740	  179.710098	  228.216827	  420.960968  
	742	  98.134766	  188.774994	  159.901642  
	745	  86.222580	  85.740028	  16.240908  
	747	  136.994339	  187.436676	  307.183502  
	748	  115.300240	  222.729309	  410.194275  
	749	  209.690216	  250.027191	  387.248444  
	756	  208.317657	  137.902588	  338.397888  
	758	  137.645966	  192.485794	  243.418762  
	759	  189.475250	  266.095428	  176.934311  
	761	  162.728210	  277.096588	  206.408340  
	762	  30.826408	  177.654144	  316.938843  
	765	  159.714081	  91.691307	  101.014992  
	767	  142.919830	  56.554573	  275.004059  
	768	  104.240128	  259.437439	  268.751099  
	769	  149.054840	  152.743515	  172.909515  
	771	  172.434341	  151.302719	  113.582794  
	773	  222.095718	  55.159576	  64.543022  
	774	  121.140160	  202.496033	  378.710541  
	776	  58.786087	  158.347198	  99.422798  
	777	  192.439423	  62.674538	  98.621017  
	778	  42.061234	  183.983185	  105.559853  
	779	  168.857773	  128.797897	  171.635483  
	782	  242.065887	  240.932343	  272.743835  
	783	  254.228943	  156.958603	  158.950607  
	788	  107.226936	  80.182236	  115.406548  
	792	  127.886375	  39.064468	  212.139648  
	794	  110.520027	  105.350929	  132.388138  
	796	  156.740753	  113.924286	  202.833054  
	799	  220.789871	  85.190918	  305.460388  
	800	  170.668945	  223.872574	  434.250336  
	801	  104.028061	  177.351639	  151.144363  
	802	  23.535065	  225.287628	  269.516266  
	803	  72.768311	  90.569588	  9.006174  
	807	  200.776230	  146.880920	  330.042603  
	808	  96.233864	  225.085342	  398.518890  
	809	  139.875473	  185.664383	  228.405762  
	810	  177.111832	  258.296478	  162.573898  
	812	  166.200302	  267.747711	  193.080826  
	813	  43.805634	  187.375793	  314.973450  
	818	  156.096191	  61.706848	  266.905640  
	819	  100.500336	  254.388138	  254.158203  
	820	  163.040512	  138.457184	  167.532120  
	823	  99.087067	  264.932922	  59.606544  
	824	  133.700668	  210.469162	  371.234894  
	826	  72.850052	  148.209122	  103.673737  
	827	  194.150955	  73.112503	  111.278152  
	828	  51.896225	  176.463226	  101.201225  
	829	  152.850067	  124.386292	  166.278366  
	832	  237.354019	  246.226181	  257.677460  
	838	  106.267143	  63.871483	  113.067169  
	839	  255.113647	  144.359161	  218.668930  
	841	  121.532494	  43.117355	  203.296707  
	843	  250.881668	  153.686722	  112.238861  
	844	  241.940964	  125.143272	  98.318245  
	845	  195.130005	  76.521439	  69.055504  
	851	  165.259766	  128.784943	  207.106522  
	854	  217.427689	  85.031319	  289.512756  
	855	  158.478180	  220.893539	  444.949707  
	856	  109.030983	  180.921005	  139.323227  
	857	  147.631927	  5.457825	  255.401718  
	859	  47.702713	  165.191101	  144.069763  
	861	  198.168610	  151.973602	  320.468750  
	862	  80.328217	  226.672729	  396.214020  
	863	  140.495010	  182.766846	  212.545456  
	866	  170.400894	  261.166351	  179.219788  
	867	  53.910316	  198.454575	  308.865143  
	870	  188.829285	  74.604416	  95.705811  
	871	  148.121765	  15.120621	  138.798172  
	872	  169.225494	  64.060257	  256.940430  
	873	  98.988220	  253.579605	  242.426254  
	874	  173.028381	  129.895248	  170.454636  
	877	  108.240997	  261.585907	  48.636040  
	878	  145.342896	  219.574036	  363.567932  
	880	  86.202225	  144.377151	  107.672279  
	881	  189.988403	  82.255531	  130.506378  
	882	  141.294281	  123.914932	  153.547455  
	885	  231.685532	  248.856506	  242.313416  
	888	  249.756668	  83.014450	  154.374939  
	889	  180.394379	  181.437332	  135.362518  
	890	  153.649719	  173.809677	  182.742371  
	891	  101.094818	  48.304810	  114.743835  
	892	  250.345306	  152.895859	  227.087250  
	894	  117.267021	  54.043388	  192.020187  
	895	  249.203934	  167.880814	  120.734573  
	897	  183.266113	  76.718552	  70.103020  
	898	  183.304932	  138.413177	  175.334167  
	899	  125.889305	  109.605988	  129.460709  
	901	  213.324936	  82.967209	  190.788849  
	902	  94.336151	  144.164703	  147.411407  
	905	  157.623016	  142.479446	  112.706772  
	906	  114.832336	  89.636559	  150.487183  
	907	  177.231430	  240.308273	  187.950882  
	911	  173.125031	  146.116608	  201.808670  
	914	  212.136368	  89.581528	  274.802551  
	915	  144.770203	  214.849319	  451.844238  
	916	  118.325455	  180.152618	  125.530296  
	917	  144.465927	  8.152237	  240.375443  
	918	  43.008503	  100.592613	  0.524504  
	919	  43.582718	  177.446808	  133.638443  
	920	  64.100143	  223.981705	  397.153137  
	921	  177.379776	  234.871689	  153.108551  
	924	  59.663803	  211.288284	  300.499329  
	927	  201.907349	  68.706329	  93.697975  
	928	  144.269470	  32.769638	  139.840424  
	929	  179.871811	  67.008850	  244.483139  
	932	  207.892700	  171.426163	  106.798080  
	935	  158.250610	  227.048859	  356.169250  
	936	  192.632965	  229.223892	  124.208221  
	942	  230.929611	  250.059402	  226.371979  
	944	  260.196716	  68.614914	  136.194931  
	945	  165.333359	  187.415192	  134.442947  
	946	  95.997032	  34.026833	  114.696167  
	949	  118.996498	  64.401581	  179.403442  
	950	  243.970291	  178.471817	  132.412506  
	951	  167.938309	  72.017525	  71.011696  
	953	  132.494034	  96.385475	  119.097580  
	954	  197.084625	  75.825356	  179.469940  
	959	  169.400452	  223.541107	  175.936737  
	964	  91.535149	  210.200058	  162.396286  
	967	  175.376755	  265.217682	  150.272888  
	968	  257.785889	  127.183853	  154.045120  
	969	  140.023911	  146.200241	  229.550110  
	973	  206.232758	  95.347527	  260.481903  
	974	  129.391678	  210.734848	  456.717896  
	975	  129.772446	  183.212280	  113.832970  
	976	  142.815277	  7.621964	  224.572327  
	978	  40.153656	  187.921783	  123.789589  
	979	  48.501572	  218.159607	  397.051697  
	980	  170.665497	  222.468063	  134.746109  
	982	  61.132561	  224.783920	  290.859161  
	984	  214.554489	  58.582199	  90.856804  
	985	  147.831192	  40.818130	  129.216171  
	986	  188.843704	  67.665985	  230.826950  
	990	  170.827759	  235.036880	  348.737610  
	991	  195.726349	  224.585754	  108.623299  
	993	  186.303085	  92.168427	  152.086517  
	994	  127.366829	  280.618530	  121.320824  
	997	  152.718567	  197.062393	  130.268600  
	1001	  122.537811	  75.896965	  168.716690  
	1002	  151.663284	  68.801117	  72.426109  
	1004	  133.969955	  80.571716	  117.395531  
	1005	  188.840698	  68.672287	  174.079376  
	1007	  139.519211	  89.878906	  122.531982  
	1009	  173.159576	  230.645279	  162.810394  
	1010	  252.048355	  228.554398	  196.334747  
	1011	  103.425667	  166.718185	  151.862610  
	1012	  160.464584	  81.220413	  0.064080  
	1013	  88.699692	  220.552032	  158.636017  
	1015	  254.024277	  206.950653	  195.604187  
	1016	  172.569519	  267.844757	  134.561066  
	1018	  228.311966	  159.750458	  238.211227  
	1019	  135.701874	  153.086212	  183.917419  
	1021	  32.361847	  181.890472	  96.913818  
	1025	  251.081406	  89.541756	  174.964188  
	1027	  167.593735	  175.045700	  180.468735  
	1035	  201.681183	  96.219963	  244.631821  
	1036	  113.523788	  211.794464	  461.644226  
	1037	  142.820816	  193.056259	  102.009766  
	1038	  143.517899	  5.730774	  208.395844  
	1040	  32.421860	  215.098633	  395.529694  
	1041	  161.689117	  211.817535	  125.671562  
	1042	  62.265884	  235.844376	  278.465454  
	1044	  226.400742	  50.221924	  82.280113  
	1045	  154.666031	  48.626556	  119.807076  
	1049	  183.250900	  243.431976	  341.896179  
	1051	  128.537598	  266.425110	  115.497200  
	1054	  142.572861	  207.297333	  122.130623  
	1058	  120.291260	  83.591553	  157.072205  
	1059	  136.429703	  64.108704	  76.976852  
	1061	  133.439087	  64.783974	  112.749107  
	1062	  177.870468	  63.737816	  163.501282  
	1064	  151.350220	  89.631294	  110.909821  
	1065	  156.688156	  245.801941	  228.676422  
	1068	  85.503456	  233.426788	  149.348419  
	1071	  173.735504	  266.328247	  119.070610  
	1073	  239.969986	  158.574387	  234.611664  
	1074	  54.053818	  203.288696	  148.124115  
	1077	  192.747208	  214.700638	  130.833450  
	1079	  182.921600	  168.789993	  180.027298  
	1083	  83.807465	  195.387939	  117.075539  
	1088	  149.815384	  120.725258	  176.306519  
	1090	  35.006775	  194.866730	  132.360443  
	1092	  196.188049	  92.185234	  229.440735  
	1093	  97.735825	  216.125626	  464.677979  
	1094	  148.175339	  195.487625	  89.373535  
	1095	  146.494965	  6.927383	  192.579239  
	1096	  255.198700	  110.896095	  -0.521810  
	1097	  276.426147	  217.885681	  394.423767  
	1098	  151.356522	  203.556091	  115.561745  
	1099	  64.838409	  244.393265	  264.411224  
	1101	  106.075790	  263.694153	  75.186211  
	1104	  196.732758	  247.319763	  335.401703  
	1106	  131.152802	  250.123795	  113.340721  
	1109	  135.388611	  221.313171	  116.838791  
	1112	  120.149185	  62.701752	  80.169632  
	1114	  137.058151	  45.274902	  111.702759  
	1115	  170.879242	  56.986328	  150.109406  
	1117	  152.525543	  245.146820	  244.052383  
	1119	  80.896675	  243.840515	  137.201218  
	1124	  55.756439	  189.990234	  138.516220  
	1125	  153.530075	  20.720886	  127.175835  
	1127	  194.658218	  206.771515	  116.738693  
	1129	  197.730392	  161.717438	  177.916275  
	1130	  180.868896	  261.447113	  105.118690  
	1132	  222.482208	  101.143471	  113.627373  
	1133	  85.360657	  201.641693	  132.428085  
	1135	  163.658539	  277.054047	  152.760056  
	1136	  151.178665	  115.493324	  190.992218  
	1137	  106.175087	  82.444023	  158.144501  
	1138	  24.515053	  210.179871	  145.786987  
	1141	  270.606354	  173.374893	  93.798141  
	1142	  140.225052	  284.852600	  138.986969  
	1145	  171.032333	  143.313187	  184.845261  
	1147	  218.767380	  177.559586	  177.543503  
	1150	  188.725052	  90.789986	  214.622528  
	1151	  84.357414	  221.390930	  471.776367  
	1152	  155.168945	  203.456680	  76.535851  
	1154	  240.234924	  111.283623	  -0.172249  
	1155	  262.712738	  225.950668	  394.025879  
	1156	  193.294601	  28.144356	  250.320602  
	1158	  114.704613	  250.319275	  70.299637  
	1159	  169.533173	  74.437958	  103.274033  
	1161	  209.623566	  247.317886	  327.633209  
	1162	  130.763397	  234.249298	  109.015800  
	1164	  124.574043	  231.629868	  110.119141  
	1167	  104.188057	  62.374733	  84.898056  
	1168	  144.419968	  35.545578	  111.396965  
	1171	  143.577927	  244.770432	  257.600861  
	1173	  73.856453	  253.228256	  125.389015  
	1176	  161.008347	  254.176620	  91.618576  
	1177	  60.081177	  174.737473	  133.778030  
	1178	  156.005203	  31.697723	  116.165314  
	1181	  213.994568	  159.175888	  179.200546  
	1183	  206.156952	  103.022736	  111.849892  
	1184	  90.074219	  207.379532	  147.330505  
	1186	  170.506454	  280.412689	  166.001984  
	1187	  97.357376	  72.040306	  166.918060  
	1188	  22.290955	  216.513596	  153.550720  
	1189	  231.767181	  202.371414	  129.853455  
	1190	  259.014374	  164.160309	  98.369766  
	1191	  73.654465	  120.924973	  76.740631  
	1193	  219.909561	  167.964371	  173.692245  
	1194	  22.799076	  135.509079	  202.557587  
	1195	  173.392334	  245.352264	  212.698151  
	1196	  186.449387	  31.324020	  39.048927  
	1199	  181.126083	  93.916901	  200.141479  
	1200	  73.658478	  230.800156	  477.776642  
	1201	  160.519104	  213.392960	  62.313515  
	1203	  223.913437	  110.911911	  -0.309297  
	1204	  252.443909	  238.172272	  392.100220  
	1205	  188.809357	  33.608856	  235.245972  
	1207	  123.165184	  236.899460	  65.244949  
	1208	  182.915451	  221.758163	  41.364788  
	1209	  221.753906	  243.442505	  318.289429  
	1210	  125.042412	  219.153488	  106.415993  
	1211	  242.973923	  238.163910	  191.265076  
	1212	  112.637207	  237.530579	  101.284126  
	1214	  89.007919	  57.603699	  89.417351  
	1218	  134.765503	  243.327713	  271.653687  
	1219	  106.002899	  107.844002	  45.984840  
	1220	  192.379929	  37.098457	  117.080566  
	1222	  155.684219	  243.235550	  81.618950  
	1223	  63.709595	  158.891541	  130.177567  
	1224	  153.615417	  44.157303	  105.382584  
	1227	  228.485123	  153.011093	  184.494888  
	1228	  189.709839	  104.007492	  109.456436  
	1229	  30.784393	  195.803329	  242.015518  
	1230	  175.606140	  282.106232	  181.761032  
	1231	  90.319115	  58.226646	  172.135315  
	1232	  149.427460	  1.295883	  161.849640  
	1233	  218.461456	  193.623642	  129.811035  
	1235	  71.675789	  110.760361	  80.859016  
	1239	  185.311279	  245.598145	  223.855484  
	1240	  66.442398	  250.159378	  31.612185  
	1241	  194.631592	  163.016281	  100.206551  
	1244	  177.537140	  100.934067	  186.309631  
	1245	  64.948845	  243.237808	  480.557037  
	1246	  168.254852	  218.715286	  49.507332  
	1247	  208.583664	  110.056747	  -1.103303  
	1248	  238.440948	  246.311859	  389.996826  
	1249	  182.008530	  37.626404	  220.588867  
	1251	  134.922333	  224.783234	  64.880280  
	1252	  199.149979	  221.731644	  43.352966  
	1253	  232.090134	  235.388611	  308.484375  
	1254	  119.937820	  203.910873	  102.076820  
	1256	  104.509239	  246.118683	  90.512772  
	1257	  72.919792	  54.324997	  89.988884  
	1261	  126.775215	  237.659332	  285.068604  
	1262	  94.549385	  116.568558	  54.182991  
	1263	  178.323242	  45.061989	  113.053871  
	1264	  146.001862	  232.543350	  73.405846  
	1265	  68.956970	  144.198853	  124.362701  
	1266	  146.270294	  56.812622	  97.433929  
	1269	  239.579620	  145.662552	  193.664810  
	1270	  174.268280	  102.497505	  103.641624  
	1271	  28.720093	  188.756653	  254.016510  
	1272	  181.326416	  279.038086	  196.348160  
	1273	  86.927605	  42.115257	  174.417709  
	1274	  211.250458	  185.634689	  128.341370  
	1275	  64.896011	  97.001808	  86.356873  
	1276	  197.818466	  249.086395	  230.314148  
	1277	  80.224442	  241.269547	  25.166836  
	1283	  175.192230	  110.930573	  177.067200  
	1284	  188.635544	  32.964211	  479.612854  
	1285	  193.599960	  108.815636	  -0.088787  
	1286	  222.246170	  249.587616	  390.150757  
	1287	  171.671188	  40.174774	  207.787781  
	1288	  140.063446	  208.465866	  64.962326  
	1289	  213.017914	  218.277267	  46.786598  
	1290	  243.299286	  227.565338	  297.083252  
	1291	  113.237709	  189.845016	  96.204636  
	1292	  99.338676	  254.768250	  77.258614  
	1293	  187.009705	  277.458466	  86.405640  
	1297	  85.581673	  120.491539	  61.396744  
	1298	  165.616089	  55.637405	  111.330711  
	1299	  72.138184	  129.186249	  117.944733  
	1300	  140.476395	  68.055069	  86.498787  
	1302	  279.158783	  107.361137	  -0.067137  
	1303	  30.369888	  177.975616	  265.645111  
	1304	  186.011444	  270.269196	  208.993118  
	1305	  216.261795	  250.479736	  174.815155  
	1306	  57.933914	  83.123543	  88.334045  
	1307	  212.773071	  243.135147	  241.368011  
	1308	  93.557648	  232.344238	  22.503387  
	1311	  161.813843	  219.742477	  187.034698  
	1312	  187.369797	  88.540710	  139.650772  
	1316	  185.530762	  48.969650	  476.235168  
	1317	  176.971863	  105.859047	  -1.022548  
	1318	  158.958954	  42.861488	  197.398758  
	1319	  146.963913	  193.575150	  65.565598  
	1320	  105.626930	  177.017151	  88.805687  
	1321	  175.113327	  279.134430	  82.066162  
	1322	  70.190559	  113.831665	  111.944641  
	1323	  131.108368	  75.092697	  74.887947  
	1325	  34.678001	  167.144409	  276.167755  
	1326	  192.747513	  261.414429	  221.380249  
	1327	  218.368637	  234.075073	  172.899231  
	1328	  51.418839	  69.419640	  87.125381  
	1329	  106.728500	  223.401764	  23.963598  
	1331	  105.369263	  26.074753	  133.859879  
	1338	  183.663315	  64.975807	  477.577881  
	1340	  149.416336	  43.069046	  183.782288  
	1341	  156.484695	  180.215500	  64.882225  
	1342	  95.483734	  164.386215	  84.958916  
	1343	  157.654526	  267.678925	  75.619270  
	1344	  64.022720	  99.318420	  106.601791  
	1345	  121.961365	  78.356071	  61.707382  
	1347	  39.283966	  154.885193	  281.486237  
	1348	  221.367172	  218.029587	  169.616898  
	1349	  120.479607	  214.299805	  29.290079  
	1351	  108.070854	  26.626785	  147.431793  
	1352	  142.216385	  233.660797	  187.467422  
	1355	  186.794983	  80.682983	  479.816010  
	1356	  155.250153	  99.427635	  -0.300739  
	1357	  142.896545	  39.888916	  169.499634  
	1358	  164.551422	  166.259171	  69.050133  
	1359	  83.948578	  153.017838	  82.911942  
	1360	  144.475922	  263.125305	  67.365997  
	1361	  53.969238	  86.342422	  104.381683  
	1362	  113.378448	  78.514923	  46.768589  
	1364	  42.907005	  142.668640	  282.354462  
	1365	  223.530472	  202.315765	  165.292297  
	1366	  134.364487	  206.192398	  36.940067  
	1368	  106.540016	  25.538567	  161.197571  
	1369	  134.720627	  247.419876	  181.835037  
	1370	  192.470413	  95.933655	  477.881165  
	1372	  141.159195	  36.420120	  155.544342  
	1373	  173.415848	  152.513428	  72.164398  
	1374	  76.974068	  141.287857	  80.261528  
	1376	  42.301498	  75.893387	  99.332443  
	1378	  45.282997	  131.194885	  279.745117  
	1379	  149.101959	  200.944748	  45.579704  
	1382	  127.414879	  259.493530	  172.999023  
	1383	  193.322433	  111.825912	  473.968903  
	1385	  183.407440	  140.091446	  76.400093  
	1386	  119.869438	  258.735931	  46.299007  
	1387	  162.421570	  288.049622	  99.116844  
	1389	  46.398659	  119.941780	  273.569763  
	1390	  163.542587	  197.360199	  53.145962  
	1392	  120.427757	  268.964081	  161.221451  
	1393	  197.555771	  127.707489	  471.308685  
	1394	  194.030945	  127.394165	  77.461586  
	1395	  149.627579	  278.926422	  103.334709  
	1397	  45.785751	  109.563393	  262.827606  
	1398	  177.802780	  197.067017	  61.735683  
	1399	  112.142311	  276.978180	  149.303665  
	1400	  205.482666	  142.344330	  471.695465  
	1401	  207.424179	  118.908775	  82.488602  
	1402	  134.830734	  271.488861	  104.738403  
	1403	  44.099739	  102.845467	  248.024902  
	1404	  188.608566	  197.349075	  72.783394  
	1405	  232.736755	  54.737160	  135.978241  
	1406	  210.483963	  158.221054	  471.545990  
	1407	  219.349991	  115.791023	  89.610161  
	1408	  122.196671	  260.774841	  104.042625  
	1409	  40.864403	  98.680603	  232.232208  
	1410	  193.847290	  201.022781	  85.514481  
	1411	  224.393494	  54.853081	  121.569946  
	1412	  214.791122	  172.853790	  470.184326  
	1413	  113.256660	  247.371109	  107.385742  
	1414	  37.827469	  98.624947	  215.861603  
	1415	  218.825424	  55.603119	  105.896515  
	1416	  223.228867	  185.076935	  469.983643  
	1417	  105.584221	  232.766434	  106.542732  
	1418	  37.141571	  97.674263	  199.540527  
	1419	  96.103043	  219.506012	  103.152924  
	1420	  32.347565	  94.072151	  184.433746  
	1421	  29.226486	  89.717155	  168.669373  
	1422	  30.430168	  86.866318	  152.322174  
	1423	  26.463654	  84.338821	  136.433929  
	1424	  278.724091	  85.475525	  121.787766  
	1425	  270.424164	  89.609978	  107.958809  
	1426	  262.390625	  94.306686	  94.152077  
	1427	  255.567856	  100.628731	  80.342506  
	1428	  248.685349	  111.788445	  70.060402  
	1429	  237.380936	  122.241043	  65.035965  
	1430	  226.756027	  134.184341	  66.934242  
	1431	  220.599533	  148.456940	  72.286087  
	1432	  216.470840	  164.155533	  76.033127  
	1433	  213.381775	  180.216736	  77.898705  
	1434	  213.252579	  196.630127	  77.757446  
	1435	  214.136856	  212.743042	  74.910820  
	1436	  211.823029	  228.706467	  70.783157  
	1437	  213.728531	  244.933853	  68.612015  
	1438	  213.725540	  260.391479	  74.510635  
	1439	  81.778870	  51.007851	  79.912331  
	1440	  81.676506	  66.512901	  84.636810  
	1442	  80.085281	  98.901115	  87.242218  
	1443	  76.566513	  111.949883	  82.096321  
   2  total number of boundary nodes
node bctyp press/flow   HD    PO2
	1	  0	  100.000000	  0.400000	  100.000000
	14	  0	  20.000000	  0.400000	  18.000000

