315559 200 10.000020 Current network file generated by angioadapt
  300.000000  300.000000  500.000000	box dimensions in microns
  12    12    20 	number of tissue points in x,y,z directions
  0.000000			outer bound distance (100. in test case)
  75.000000				max. segment length.  (5. in test case)
   40				nodsegm, max. number of segments per node
  841				total number of segments 
  name type from  to  diam       flow
	1	  4	  1	  2	  7.000000	  58.191898	  0.400000  
	2	  3	  2	  3	  9.980386	  58.191898	  0.400000  
	3	  5	  3	  58	  10.246073	  54.149082	  0.428142  
	4	  5	  58	  1300	  10.205457	  42.441154	  0.465901  
	6	  5	  6	  50	  10.318980	  23.212635	  0.561760  
	7	  5	  177	  1692	  10.219275	  16.866901	  0.592190  
	8	  5	  8	  88	  10.246676	  11.041976	  0.632381  
	9	  5	  88	  191	  9.281050	  5.461375	  0.625520  
	10	  5	  435	  1549	  7.877458	  2.733351	  0.523198  
	12	  5	  3	  13	  3.558629	  4.042814	  0.023065  
	13	  5	  13	  236	  4.350451	  4.042814	  0.023065  
	14	  4	  14	  15	  16.000000	  -58.191898	  0.400000  
	15	  3	  15	  236	  12.393267	  -58.191898	  0.400000  
	17	  5	  112	  516	  10.629444	  -33.604752	  0.378133  
	18	  5	  18	  140	  10.614621	  -26.147148	  0.417433  
	19	  5	  140	  306	  9.817983	  -12.367394	  0.487371  
	20	  5	  48	  49	  7.072319	  -2.463597	  0.540899  
	22	  5	  614	  27	  7.386471	  -1.249079	  0.655883  
	25	  5	  941	  51	  10.153319	  27.758097	  0.531185  
	26	  5	  27	  916	  7.591422	  -1.249079	  0.655883  
	31	  5	  23	  42	  6.057190	  -0.591944	  0.691234  
	33	  5	  46	  365	  4.626902	  0.345331	  0.351979  
	36	  5	  49	  21	  5.076606	  -0.384322	  0.485298  
	44	  5	  88	  108	  9.020300	  4.342564	  0.667796  
	49	  5	  50	  177	  10.411421	  23.212635	  0.561760  
	50	  5	  51	  6	  10.222195	  23.212635	  0.561760  
	53	  5	  941	  54	  4.138498	  2.789308	  0.327598  
	59	  5	  46	  1818	  7.109751	  1.062281	  0.576100  
	61	  5	  48	  62	  4.947628	  -1.568666	  0.106764  
	67	  5	  54	  68	  4.523206	  2.789308	  0.327598  
	71	  5	  58	  72	  6.311929	  11.707928	  0.291268  
	72	  5	  108	  1757	  6.350382	  1.598962	  0.629989  
	75	  5	  62	  98	  5.022821	  -1.568666	  0.106764  
	76	  5	  1297	  1332	  5.933565	  -0.532990	  0.499225  
	89	  5	  68	  90	  4.704543	  2.789308	  0.327598  
	93	  5	  72	  94	  6.493284	  11.707928	  0.291268  
	94	  5	  1757	  2023	  5.609938	  0.858227	  0.615283  
	95	  5	  1818	  96	  5.755314	  0.635961	  0.623790  
	100	  5	  51	  101	  3.743205	  1.268141	  0.213136  
	109	  5	  88	  316	  4.566440	  0.761536	  0.589928  
	110	  5	  435	  110	  3.745239	  0.331552	  0.298691  
	111	  5	  435	  111	  5.050505	  0.543957	  0.688564  
	116	  5	  90	  116	  4.873314	  2.789308	  0.327598  
	120	  5	  94	  120	  6.666978	  11.707928	  0.291268  
	122	  5	  96	  186	  5.217169	  0.478977	  0.687885  
	124	  5	  98	  124	  5.086003	  -1.568666	  0.106764  
	125	  5	  1332	  125	  4.560833	  -0.361161	  0.570164  
	127	  5	  101	  127	  4.132802	  1.268141	  0.213136  
	134	  5	  108	  134	  7.834206	  1.853517	  0.688481  
	137	  5	  111	  137	  5.370831	  0.543957	  0.688564  
	138	  5	  112	  1754	  10.495368	  -13.098399	  0.541319  
	148	  5	  182	  48	  8.381784	  -7.649867	  0.371700  
	150	  5	  116	  150	  5.009561	  2.789308	  0.327598  
	154	  5	  120	  154	  6.812367	  11.707928	  0.291268  
	155	  5	  2023	  507	  4.448053	  0.244896	  0.398477  
	158	  5	  124	  419	  4.483458	  -0.331552	  0.298691  
	159	  5	  125	  159	  4.504340	  -0.361161	  0.570164  
	161	  5	  127	  508	  4.236685	  1.268141	  0.213136  
	165	  5	  245	  209	  5.006240	  -1.435298	  0.047687  
	166	  5	  358	  266	  3.673039	  0.529130	  0.001149  
	168	  5	  134	  168	  8.038675	  1.853517	  0.688481  
	171	  5	  137	  171	  5.531239	  0.543957	  0.688564  
	172	  5	  1754	  172	  6.425771	  -3.195704	  0.565063  
	174	  5	  140	  174	  8.597300	  -13.779753	  0.354662  
	175	  5	  614	  1809	  6.132562	  -1.165920	  0.814331  
	180	  5	  108	  180	  4.159306	  0.324852	  0.628733  
	184	  5	  48	  2680	  7.711133	  -3.617604	  0.371357  
	188	  5	  8	  580	  5.842633	  2.672828	  0.655244  
	191	  5	  191	  435	  9.491202	  5.461375	  0.625520  
	192	  5	  236	  112	  11.885814	  -46.703152	  0.423900  
	195	  5	  150	  195	  5.127777	  2.789308	  0.327598  
	196	  5	  151	  269	  3.808620	  0.914907	  0.000000  
	199	  5	  154	  597	  6.979897	  11.707928	  0.291268  
	203	  5	  419	  685	  4.498708	  -0.331552	  0.298691  
	204	  5	  159	  204	  4.423632	  -0.361161	  0.570164  
	215	  5	  171	  429	  5.643878	  0.543957	  0.688564  
	216	  5	  172	  216	  6.331063	  -3.195704	  0.565063  
	218	  5	  174	  218	  8.625464	  -13.779753	  0.354662  
	221	  5	  177	  599	  6.852214	  6.345734	  0.480879  
	224	  5	  180	  224	  4.478809	  0.324852	  0.628733  
	226	  5	  182	  226	  9.554424	  -4.717528	  0.674942  
	228	  5	  2680	  228	  3.936082	  -0.927724	  0.039867  
	229	  5	  51	  511	  5.374287	  3.277322	  0.437695  
	234	  5	  88	  234	  4.032289	  0.476501	  0.456113  
	237	  5	  916	  823	  5.904505	  -0.438296	  0.612512  
	238	  5	  1297	  49	  6.537940	  2.079275	  0.551176  
	239	  5	  316	  239	  4.138303	  0.400375	  0.607757  
	242	  5	  358	  242	  3.353618	  0.784373	  0.003449  
	244	  5	  124	  589	  4.065081	  -1.237114	  0.055327  
	246	  5	  614	  1507	  6.323667	  -0.607229	  0.760708  
	250	  5	  516	  18	  10.458223	  -26.147148	  0.417433  
	251	  5	  195	  432	  5.273046	  2.789308	  0.327598  
	256	  5	  507	  1109	  3.259031	  0.076077	  0.251194  
	260	  5	  204	  260	  4.300276	  -0.361161	  0.570164  
	262	  5	  508	  262	  4.341875	  1.268141	  0.213136  
	265	  5	  209	  498	  5.265188	  -2.363022	  0.044617  
	268	  5	  168	  972	  5.063363	  0.538856	  0.631326  
	269	  5	  580	  269	  4.625229	  1.041573	  0.586424  
	271	  5	  429	  271	  4.331978	  0.203688	  0.609232  
	272	  5	  216	  272	  6.238020	  -3.195704	  0.565063  
	274	  5	  218	  274	  8.656484	  -13.779753	  0.354662  
	280	  5	  224	  280	  4.595770	  0.324852	  0.628733  
	288	  5	  580	  278	  5.176898	  1.414377	  0.758980  
	290	  5	  234	  605	  4.357310	  0.476501	  0.456113  
	292	  5	  236	  292	  8.543813	  -7.445931	  0.454750  
	293	  5	  823	  994	  3.731378	  -0.095161	  0.580505  
	295	  5	  239	  294	  4.331997	  0.400375	  0.607757  
	297	  5	  242	  296	  3.518595	  0.784373	  0.003449  
	308	  5	  306	  182	  9.891684	  -12.367394	  0.487371  
	315	  5	  2185	  313	  4.188233	  0.083209	  0.618051  
	316	  5	  918	  314	  4.146529	  0.210445	  0.648357  
	318	  5	  260	  316	  4.096077	  -0.361161	  0.570164  
	320	  5	  262	  432	  4.444327	  1.268141	  0.213136  
	324	  5	  266	  2520	  8.608552	  7.445931	  0.454750  
	328	  5	  294	  326	  4.899813	  0.617253	  0.502872  
	330	  5	  272	  328	  6.130285	  -3.195704	  0.565063  
	332	  5	  274	  330	  8.069872	  -12.646283	  0.377652  
	335	  5	  599	  333	  7.164317	  3.706021	  0.432883  
	336	  5	  278	  334	  5.508471	  1.414377	  0.758980  
	338	  5	  280	  1524	  4.677422	  0.324852	  0.628733  
	343	  5	  511	  341	  4.866986	  2.014338	  0.498595  
	350	  5	  292	  347	  8.611251	  -7.445931	  0.454750  
	351	  5	  994	  348	  5.084195	  -0.380504	  0.775896  
	354	  5	  296	  350	  3.563813	  0.784373	  0.003449  
	373	  5	  432	  367	  6.878268	  7.457604	  0.240344  
	379	  5	  313	  373	  4.155063	  0.083209	  0.618051  
	380	  5	  314	  374	  4.419712	  0.210445	  0.648357  
	388	  5	  2520	  380	  5.730196	  2.519846	  0.422100  
	391	  5	  269	  383	  6.618689	  3.219464	  0.323324  
	392	  5	  326	  1196	  4.975939	  0.617253	  0.502872  
	394	  5	  328	  386	  6.010171	  -3.195704	  0.565063  
	396	  5	  330	  388	  8.079100	  -12.646283	  0.377652  
	399	  5	  333	  391	  7.257224	  3.706021	  0.432883  
	400	  5	  334	  392	  5.670615	  1.414377	  0.758980  
	401	  5	  896	  393	  3.170805	  0.083947	  0.241442  
	402	  5	  1524	  1129	  4.723136	  0.324852	  0.628733  
	404	  5	  226	  1360	  4.679855	  -0.468053	  0.265727  
	407	  5	  341	  708	  5.164008	  2.014338	  0.498595  
	410	  5	  289	  1238	  4.623247	  -0.654545	  0.061565  
	411	  5	  605	  547	  4.734758	  0.476501	  0.456113  
	413	  5	  347	  405	  8.664470	  -7.445931	  0.454750  
	414	  5	  348	  267	  7.805344	  -0.993896	  0.833745  
	416	  5	  350	  407	  3.594990	  0.784373	  0.003449  
	417	  5	  351	  552	  3.822108	  0.456361	  0.088301  
	419	  5	  245	  589	  4.439605	  1.237114	  0.055327  
	424	  5	  358	  481	  4.611030	  -1.313503	  0.002522  
	434	  5	  209	  489	  3.475937	  0.927724	  0.039867  
	446	  5	  367	  436	  6.873364	  7.457604	  0.240344  
	447	  5	  1196	  1928	  5.292700	  -0.775612	  0.168497  
	452	  5	  373	  1028	  5.210024	  0.525303	  0.512369  
	453	  5	  374	  1497	  3.929994	  0.149039	  0.715047  
	459	  5	  380	  448	  5.757610	  2.519846	  0.422100  
	462	  5	  383	  451	  6.588688	  3.219464	  0.323324  
	465	  5	  386	  453	  5.875279	  -3.195704	  0.565063  
	467	  5	  388	  289	  8.091940	  -12.646283	  0.377652  
	469	  5	  1223	  980	  6.407292	  0.563352	  0.562700  
	470	  5	  391	  458	  7.304380	  3.706021	  0.432883  
	471	  5	  392	  451	  5.813412	  1.414377	  0.758980  
	472	  5	  393	  1240	  3.242201	  0.083947	  0.241442  
	478	  5	  708	  465	  3.573073	  0.468053	  0.265727  
	484	  5	  405	  471	  8.707679	  -7.445931	  0.454750  
	486	  5	  407	  1357	  3.613377	  0.784373	  0.003449  
	505	  5	  580	  294	  3.226074	  0.216879	  0.309246  
	511	  5	  432	  925	  5.325628	  -3.400156	  0.178913  
	520	  5	  435	  582	  10.021980	  1.852515	  0.816475  
	532	  5	  436	  516	  6.866232	  7.457604	  0.240344  
	536	  5	  373	  519	  4.303831	  -0.442094	  0.492478  
	537	  5	  1028	  520	  5.876995	  0.810647	  0.628066  
	540	  5	  444	  2488	  9.338081	  -4.792224	  0.603582  
	543	  5	  498	  526	  3.553452	  0.914907	  0.000000  
	544	  5	  448	  527	  5.782818	  2.519846	  0.422100  
	549	  5	  453	  532	  5.729339	  -3.195704	  0.565063  
	553	  5	  980	  536	  7.150742	  0.735808	  0.554807  
	554	  5	  458	  537	  7.349283	  3.706021	  0.432883  
	561	  5	  465	  543	  3.786295	  0.468053	  0.265727  
	567	  5	  471	  549	  8.750312	  -7.445931	  0.454750  
	569	  5	  1357	  551	  5.377395	  1.133470	  0.098159  
	577	  5	  481	  559	  9.193082	  -16.583170	  0.292124  
	585	  5	  489	  567	  3.605661	  0.927724	  0.039867  
	598	  5	  1332	  578	  3.405452	  -0.061406	  0.486495  
	599	  5	  823	  2305	  5.723915	  -0.343135	  0.621389  
	603	  5	  507	  1915	  4.171236	  0.168819	  0.464850  
	607	  5	  511	  586	  4.472966	  1.262984	  0.340565  
	623	  5	  498	  481	  9.028731	  -15.269667	  0.317036  
	633	  5	  1928	  611	  3.634347	  -0.130487	  0.236246  
	635	  5	  519	  717	  4.143494	  -0.442094	  0.492478  
	636	  5	  614	  591	  10.136095	  4.249475	  0.720015  
	637	  5	  520	  614	  6.572998	  1.265555	  0.655100  
	643	  5	  526	  619	  3.776815	  0.914907	  0.000000  
	644	  5	  527	  620	  5.807530	  2.519846	  0.422100  
	647	  5	  451	  1250	  10.450177	  9.902695	  0.533656  
	648	  5	  1996	  2685	  4.562903	  0.203688	  0.609232  
	649	  5	  532	  625	  5.568501	  -3.195704	  0.565063  
	653	  5	  536	  628	  7.112111	  0.735808	  0.554807  
	654	  5	  537	  629	  7.389392	  3.706021	  0.432883  
	656	  5	  1129	  630	  6.222122	  1.046401	  0.507365  
	660	  5	  543	  634	  3.937437	  0.468053	  0.265727  
	664	  5	  547	  638	  4.295322	  0.346013	  0.539028  
	666	  5	  549	  639	  8.788680	  -7.445931	  0.454750  
	668	  5	  551	  641	  5.347100	  1.133470	  0.098159  
	669	  5	  552	  1238	  4.712661	  0.654545	  0.061565  
	676	  5	  559	  649	  9.152543	  -16.583170	  0.292124  
	684	  5	  567	  657	  3.688497	  0.927724	  0.039867  
	689	  5	  916	  2218	  4.761660	  -0.154089	  0.628450  
	691	  5	  925	  664	  4.467861	  -1.035958	  0.133089  
	695	  5	  578	  1192	  3.411902	  -0.061406	  0.486495  
	696	  5	  2305	  1871	  5.511279	  -0.241633	  0.736030  
	699	  5	  582	  671	  7.211126	  0.993896	  0.833745  
	703	  5	  586	  675	  4.750960	  1.262984	  0.340565  
	708	  5	  591	  779	  9.976636	  4.249475	  0.720015  
	711	  5	  266	  780	  9.222344	  -6.916801	  0.489451  
	714	  5	  597	  684	  7.070946	  11.707928	  0.291268  
	716	  5	  599	  686	  6.209683	  -1.458604	  0.277302  
	720	  5	  599	  689	  7.467966	  4.098317	  0.451827  
	734	  5	  348	  700	  4.776439	  0.264491	  0.842894  
	744	  5	  541	  2352	  5.059152	  0.340269	  0.736053  
	747	  5	  582	  713	  7.867904	  0.563987	  0.799553  
	750	  5	  611	  715	  3.632473	  -0.130487	  0.236246  
	755	  5	  1500	  2639	  6.643591	  -1.202164	  0.669780  
	757	  5	  619	  722	  3.858394	  0.914907	  0.000000  
	758	  5	  620	  723	  5.830514	  2.519846	  0.422100  
	763	  5	  625	  727	  5.388998	  -3.195704	  0.565063  
	766	  5	  628	  730	  3.350917	  0.056964	  0.041411  
	767	  5	  629	  780	  7.457302	  3.706021	  0.432883  
	768	  5	  630	  1500	  6.132708	  1.046401	  0.507365  
	772	  5	  634	  735	  4.057899	  0.468053	  0.265727  
	776	  5	  638	  738	  4.333497	  0.346013	  0.539028  
	779	  5	  641	  741	  5.322415	  1.133470	  0.098159  
	787	  5	  649	  748	  9.108954	  -16.583170	  0.292124  
	795	  5	  657	  756	  3.749695	  0.927724	  0.039867  
	802	  5	  664	  763	  4.485775	  -1.035958	  0.133089  
	806	  5	  1192	  767	  3.391806	  -0.061406	  0.486495  
	807	  5	  1871	  768	  4.087517	  -0.072891	  0.595001  
	809	  5	  671	  770	  7.856937	  0.993896	  0.833745  
	813	  5	  675	  774	  4.915230	  1.262984	  0.340565  
	814	  5	  995	  775	  4.780656	  0.264491	  0.842894  
	820	  5	  1809	  2061	  4.994749	  -0.817019	  0.782061  
	822	  5	  684	  748	  7.195984	  11.707928	  0.291268  
	823	  5	  685	  784	  4.502814	  -0.331552	  0.298691  
	824	  5	  686	  785	  6.182536	  -1.458604	  0.277302  
	827	  5	  689	  788	  7.516703	  4.098317	  0.451827  
	832	  5	  108	  918	  5.094227	  0.565233	  0.729369  
	834	  5	  2680	  794	  6.070567	  -1.392865	  0.316676  
	838	  5	  700	  995	  5.019317	  0.264491	  0.842894  
	846	  5	  708	  805	  5.401551	  1.546285	  0.569083  
	848	  5	  2352	  807	  6.759860	  0.607229	  0.760708  
	851	  5	  713	  810	  8.292709	  0.563987	  0.799553  
	857	  5	  1528	  815	  3.877882	  -0.060977	  0.716684  
	864	  5	  916	  23	  4.948469	  -0.370083	  0.745132  
	868	  5	  717	  826	  6.096484	  -1.439644	  0.646831  
	873	  5	  722	  830	  3.922544	  0.914907	  0.000000  
	874	  5	  723	  831	  5.851854	  2.519846	  0.422100  
	876	  5	  1250	  833	  10.376064	  9.902695	  0.533656  
	878	  5	  727	  835	  5.202311	  -3.195704	  0.565063  
	881	  5	  730	  837	  3.373099	  0.056964	  0.041411  
	886	  5	  735	  840	  4.146433	  0.468053	  0.265727  
	889	  5	  738	  21	  4.363289	  0.346013	  0.539028  
	890	  5	  639	  842	  8.149816	  -4.926085	  0.471452  
	892	  5	  741	  844	  5.292086	  1.133470	  0.098159  
	906	  5	  756	  857	  3.789843	  0.927724	  0.039867  
	911	  5	  2218	  862	  3.960032	  -0.060977	  0.716684  
	913	  5	  763	  864	  4.482949	  -1.035958	  0.133089  
	918	  5	  768	  869	  4.044269	  -0.072891	  0.595001  
	920	  5	  770	  267	  8.068521	  0.993896	  0.833745  
	924	  5	  774	  874	  5.035135	  1.262984	  0.340565  
	925	  5	  775	  875	  4.805632	  0.264491	  0.842894  
	929	  5	  779	  877	  9.864716	  4.249475	  0.720015  
	931	  5	  2061	  717	  4.844440	  -0.817019	  0.782061  
	933	  5	  748	  881	  6.943449	  -4.875243	  0.294181  
	934	  5	  784	  882	  4.492047	  -0.331552	  0.298691  
	935	  5	  785	  883	  6.150592	  -1.458604	  0.277302  
	938	  5	  788	  885	  7.568644	  4.098317	  0.451827  
	944	  5	  794	  891	  6.155014	  -1.392865	  0.316676  
	949	  5	  972	  896	  3.202371	  0.083947	  0.241442  
	954	  5	  805	  900	  5.518420	  1.546285	  0.569083  
	958	  5	  925	  904	  4.420921	  -2.364198	  0.198992  
	959	  5	  810	  905	  8.525808	  0.563987	  0.799553  
	964	  5	  815	  910	  5.310245	  -0.209728	  0.828779  
	975	  5	  374	  920	  3.178120	  0.061406	  0.486495  
	988	  5	  826	  932	  6.951289	  -1.788740	  0.581282  
	992	  5	  830	  936	  3.967758	  0.914907	  0.000000  
	993	  5	  831	  937	  5.871513	  2.519846	  0.422100  
	995	  5	  833	  939	  10.318666	  9.902695	  0.533656  
	997	  5	  835	  941	  4.784039	  -3.195704	  0.565063  
	999	  5	  837	  1090	  3.376209	  0.056964	  0.041411  
	1000	  5	  780	  944	  7.634137	  -4.098317	  0.451827  
	1002	  5	  840	  946	  4.202647	  0.468053	  0.265727  
	1003	  5	  1338	  843	  4.101298	  -0.204129	  0.402794  
	1004	  5	  842	  948	  8.234159	  -4.926085	  0.471452  
	1005	  5	  843	  365	  4.717991	  -0.345331	  0.351979  
	1006	  5	  844	  949	  5.258756	  1.133470	  0.098159  
	1014	  5	  852	  1464	  5.490551	  -1.262984	  0.340565  
	1019	  5	  857	  228	  3.809664	  0.927724	  0.039867  
	1024	  5	  862	  1528	  3.945684	  -0.060977	  0.716684  
	1026	  5	  864	  968	  4.469923	  -1.035958	  0.133089  
	1030	  5	  1019	  972	  4.331831	  -0.454909	  0.703274  
	1031	  5	  869	  973	  3.969815	  -0.072891	  0.595001  
	1036	  5	  874	  978	  5.124556	  1.262984	  0.340565  
	1039	  5	  877	  226	  9.763220	  4.249475	  0.720015  
	1042	  5	  289	  982	  7.197444	  -11.991738	  0.394905  
	1043	  5	  881	  983	  6.877659	  -4.875243	  0.294181  
	1044	  5	  882	  984	  4.463997	  -0.331552	  0.298691  
	1045	  5	  883	  985	  6.113459	  -1.458604	  0.277302  
	1047	  5	  885	  987	  7.618110	  4.098317	  0.451827  
	1053	  5	  891	  992	  6.236791	  -1.392865	  0.316676  
	1062	  5	  900	  999	  5.604680	  1.546285	  0.569083  
	1064	  5	  807	  1507	  6.662068	  0.607229	  0.760708  
	1066	  5	  904	  1003	  4.209395	  -2.364198	  0.198992  
	1067	  5	  905	  1180	  8.732182	  0.563987	  0.799553  
	1072	  5	  910	  1009	  5.250721	  -0.209728	  0.828779  
	1073	  5	  911	  1010	  7.722202	  -0.395245	  0.800664  
	1078	  5	  916	  1109	  5.221970	  -0.286611	  0.621716  
	1080	  5	  918	  1934	  4.492006	  0.354788	  0.777422  
	1084	  5	  520	  1019	  4.994414	  -0.454909	  0.703274  
	1096	  5	  348	  1026	  4.802529	  0.348901	  0.889899  
	1109	  5	  932	  1037	  6.988359	  -2.116139	  0.527583  
	1113	  5	  936	  1040	  4.004657	  0.914907	  0.000000  
	1114	  5	  937	  1041	  5.890032	  2.519846	  0.422100  
	1116	  5	  939	  1043	  10.280221	  9.902695	  0.533656  
	1120	  5	  1090	  1046	  4.939369	  0.213948	  0.325239  
	1121	  5	  944	  1047	  7.602879	  -4.098317	  0.451827  
	1123	  5	  946	  1049	  4.237390	  0.468053	  0.265727  
	1125	  5	  948	  1051	  8.278908	  -4.926085	  0.471452  
	1126	  5	  949	  1052	  5.218192	  1.133470	  0.098159  
	1145	  5	  968	  1071	  4.442540	  -1.035958	  0.133089  
	1155	  5	  978	  1079	  5.191004	  1.262984	  0.340565  
	1157	  5	  980	  1907	  4.521049	  -0.172455	  0.529021  
	1159	  5	  982	  498	  7.133444	  -11.991738	  0.394905  
	1160	  5	  983	  1083	  6.817682	  -4.875243	  0.294181  
	1161	  5	  984	  1084	  4.415448	  -0.331552	  0.298691  
	1162	  5	  985	  1085	  6.070949	  -1.458604	  0.277302  
	1164	  5	  987	  1087	  7.662548	  4.098317	  0.451827  
	1167	  5	  70	  1090	  4.384247	  0.156984	  0.428230  
	1169	  5	  992	  1092	  6.316287	  -1.392865	  0.316676  
	1176	  5	  999	  1097	  5.677052	  1.546285	  0.569083  
	1180	  5	  1003	  1202	  3.802823	  -2.364198	  0.198992  
	1181	  5	  1180	  1010	  8.360712	  0.395245	  0.800664  
	1186	  5	  1009	  2452	  5.168272	  -0.209728	  0.828779  
	1202	  5	  1026	  1118	  4.923581	  0.348901	  0.889899  
	1204	  5	  1028	  994	  4.139367	  -0.285343	  0.841058  
	1210	  5	  168	  1125	  8.135125	  1.314661	  0.711908  
	1212	  5	  429	  1672	  4.859522	  0.340269	  0.736053  
	1236	  5	  1037	  1149	  6.855763	  -2.116139	  0.527583  
	1239	  5	  1040	  1152	  4.029494	  0.914907	  0.000000  
	1240	  5	  1041	  1153	  5.906710	  2.519846	  0.422100  
	1241	  5	  1042	  1154	  5.053517	  0.349097	  0.310960  
	1242	  5	  1043	  1155	  10.231945	  9.902695	  0.533656  
	1245	  5	  1046	  1158	  4.874654	  0.213948	  0.325239  
	1246	  5	  1047	  1159	  7.571503	  -4.098317	  0.451827  
	1248	  5	  1049	  1161	  4.256966	  0.468053	  0.265727  
	1250	  5	  1051	  1162	  8.319125	  -4.926085	  0.471452  
	1251	  5	  1052	  1163	  5.176167	  1.133470	  0.098159  
	1259	  5	  1464	  1274	  5.484301	  -1.262984	  0.340565  
	1263	  5	  2607	  1173	  4.228567	  0.065004	  0.785493  
	1270	  5	  1071	  1178	  4.404624	  -1.035958	  0.133089  
	1272	  5	  1242	  1180	  4.149827	  -0.168742	  0.796949  
	1278	  5	  1079	  1183	  5.240528	  1.262984	  0.340565  
	1279	  5	  979	  2683	  4.512167	  -0.243673	  0.352799  
	1282	  5	  1083	  1187	  6.747896	  -4.875243	  0.294181  
	1284	  5	  1085	  1189	  6.022038	  -1.458604	  0.277302  
	1286	  5	  1087	  1191	  7.696859	  4.098317	  0.451827  
	1291	  5	  1092	  1196	  6.386060	  -1.392865	  0.316676  
	1296	  5	  1097	  1199	  5.734939	  1.546285	  0.569083  
	1307	  5	  96	  1208	  3.587989	  0.156984	  0.428230  
	1326	  5	  1672	  541	  4.962817	  0.340269	  0.736053  
	1328	  5	  1129	  803	  4.062243	  -0.327399	  0.234201  
	1345	  5	  110	  1237	  3.819744	  0.331552	  0.298691  
	1358	  5	  1475	  1603	  4.548018	  0.174611	  0.730637  
	1361	  5	  826	  1249	  4.361854	  0.349097	  0.310960  
	1368	  5	  934	  1908	  4.099335	  -0.239049	  0.576126  
	1372	  5	  1149	  1258	  6.700721	  -2.116139	  0.527583  
	1375	  5	  1152	  1260	  4.042576	  0.914907	  0.000000  
	1376	  5	  1153	  639	  5.919404	  2.519846	  0.422100  
	1377	  5	  1154	  1262	  5.045559	  0.349097	  0.310960  
	1378	  5	  1155	  1263	  10.178868	  9.902695	  0.533656  
	1381	  5	  1158	  1928	  4.800970	  0.213948	  0.325239  
	1382	  5	  1159	  1265	  7.539679	  -4.098317	  0.451827  
	1384	  5	  1161	  1360	  4.267114	  0.468053	  0.265727  
	1385	  5	  1162	  1267	  8.357801	  -4.926085	  0.471452  
	1386	  5	  1163	  1268	  5.127314	  1.133470	  0.098159  
	1400	  5	  1178	  1282	  4.350387	  -1.035958	  0.133089  
	1405	  5	  1183	  1274	  5.295732	  1.262984	  0.340565  
	1406	  5	  1184	  1226	  4.056123	  -0.180530	  0.412820  
	1409	  5	  1187	  1290	  6.670484	  -4.875243	  0.294181  
	1411	  5	  1189	  1291	  5.965303	  -1.458604	  0.277302  
	1421	  5	  1199	  1297	  5.779420	  1.546285	  0.569083  
	1424	  5	  1202	  1300	  6.283551	  -7.239441	  0.263095  
	1427	  5	  2452	  1302	  5.766634	  -0.294633	  0.790611  
	1430	  5	  1208	  1305	  3.747761	  0.156984	  0.428230  
	1432	  5	  1934	  1603	  4.543601	  0.354788	  0.777422  
	1435	  5	  1213	  1310	  6.053668	  -0.591944	  0.691234  
	1444	  5	  1125	  1400	  8.486978	  1.175451	  0.748754  
	1448	  5	  1226	  717	  3.665183	  -0.180530	  0.412820  
	1459	  5	  1237	  1331	  3.981438	  0.331552	  0.298691  
	1462	  5	  1240	  1332	  3.370714	  0.083947	  0.241442  
	1471	  5	  1249	  1337	  4.585526	  0.349097	  0.310960  
	1490	  5	  767	  1352	  3.511727	  -0.061406	  0.486495  
	1492	  5	  1258	  1354	  6.498527	  -2.116139	  0.527583  
	1494	  5	  1260	  1356	  4.048408	  0.914907	  0.000000  
	1496	  5	  1262	  1357	  5.030275	  0.349097	  0.310960  
	1497	  5	  1263	  1358	  10.122486	  9.902695	  0.533656  
	1498	  5	  1928	  1359	  4.003825	  -0.431176	  0.070219  
	1499	  5	  1265	  1191	  7.509570	  -4.098317	  0.451827  
	1501	  5	  1267	  1361	  8.393808	  -4.926085	  0.471452  
	1502	  5	  1268	  1362	  5.072288	  1.133470	  0.098159  
	1515	  5	  1282	  1373	  4.276538	  -1.035958	  0.133089  
	1523	  5	  1290	  1380	  6.584033	  -4.875243	  0.294181  
	1524	  5	  1291	  1381	  5.899127	  -1.458604	  0.277302  
	1526	  5	  1293	  151	  4.036110	  0.914907	  0.000000  
	1535	  5	  1302	  1387	  5.494826	  -0.294633	  0.790611  
	1538	  5	  1305	  70	  3.857982	  0.156984	  0.428230  
	1539	  5	  1209	  1390	  4.471720	  -0.148751	  0.874729  
	1543	  5	  1310	  1393	  5.995067	  -0.591944	  0.691234  
	1564	  5	  1331	  1084	  4.122009	  0.331552	  0.298691  
	1570	  5	  1337	  1415	  4.737291	  0.349097	  0.310960  
	1571	  5	  1338	  1416	  4.519872	  0.204129	  0.402794  
	1576	  5	  552	  1421	  3.728485	  -0.198184	  0.000000  
	1579	  5	  979	  1676	  6.918322	  1.289245	  0.527688  
	1597	  5	  1223	  1815	  3.958362	  -0.337617	  0.362436  
	1605	  5	  1352	  920	  3.413949	  -0.061406	  0.486495  
	1607	  5	  1354	  8	  6.222621	  -2.116139	  0.527583  
	1609	  5	  1356	  1444	  4.048840	  0.914907	  0.000000  
	1611	  5	  1358	  1445	  10.059154	  9.902695	  0.533656  
	1612	  5	  1359	  1446	  4.051661	  -0.431176	  0.070219  
	1614	  5	  1361	  2428	  8.435803	  -4.926085	  0.471452  
	1615	  5	  1362	  1449	  5.009818	  1.133470	  0.098159  
	1616	  5	  1363	  1450	  5.214518	  -0.740735	  0.647028  
	1626	  5	  1373	  1459	  4.174736	  -1.035958	  0.133089  
	1628	  5	  1815	  1549	  6.633902	  -1.325738	  0.525409  
	1633	  5	  1380	  1465	  6.487299	  -4.875243	  0.294181  
	1634	  5	  1381	  1466	  5.822196	  -1.458604	  0.277302  
	1637	  5	  1300	  941	  10.217724	  35.201714	  0.507609  
	1639	  5	  1387	  1470	  5.263586	  -0.294633	  0.790611  
	1642	  5	  1390	  815	  4.442107	  -0.148751	  0.874729  
	1645	  5	  1393	  1623	  5.823782	  -0.591944	  0.691234  
	1646	  5	  1995	  1475	  4.233797	  0.174611	  0.730637  
	1652	  5	  1400	  1480	  8.187709	  0.907727	  0.770506  
	1666	  5	  1415	  1493	  4.841668	  0.349097	  0.310960  
	1667	  5	  1416	  1494	  4.600491	  0.204129	  0.402794  
	1672	  5	  1421	  1499	  3.788012	  -0.198184	  0.000000  
	1673	  5	  1676	  1500	  7.666330	  2.057692	  0.593596  
	1679	  5	  42	  1506	  6.079242	  -0.591944	  0.691234  
	1721	  5	  1444	  1535	  4.044387	  0.914907	  0.000000  
	1722	  5	  1445	  1536	  9.987344	  9.902695	  0.533656  
	1723	  5	  1446	  1537	  4.084008	  -0.431176	  0.070219  
	1725	  5	  2428	  1539	  6.789129	  -2.378865	  0.486982  
	1726	  5	  1449	  274	  4.937589	  1.133470	  0.098159  
	1727	  5	  1450	  1540	  5.152838	  -0.740735	  0.647028  
	1730	  5	  2361	  1400	  4.056553	  -0.174611	  0.730637  
	1736	  5	  1459	  1547	  4.038857	  -1.035958	  0.133089  
	1738	  5	  1549	  46	  7.008839	  1.407613	  0.521116  
	1743	  5	  1465	  1553	  6.379643	  -4.875243	  0.294181  
	1744	  5	  1466	  1554	  5.732763	  -1.458604	  0.277302  
	1747	  5	  1470	  582	  4.936175	  -0.294633	  0.790611  
	1750	  5	  1473	  1558	  4.771791	  -0.172455	  0.529021  
	1757	  5	  1480	  2223	  8.363429	  0.907727	  0.770506  
	1760	  5	  1908	  1497	  4.471262	  -0.149039	  0.715047  
	1770	  5	  1493	  1574	  4.916547	  0.349097	  0.310960  
	1771	  5	  1494	  1575	  4.649961	  0.204129	  0.402794  
	1776	  5	  1499	  1577	  3.836514	  -0.198184	  0.000000  
	1782	  5	  1506	  1213	  6.025548	  -0.591944	  0.691234  
	1798	  5	  1122	  1908	  4.864948	  -0.523321	  0.763039  
	1809	  5	  271	  1996	  4.533250	  0.203688	  0.609232  
	1826	  5	  1535	  1841	  4.024235	  0.914907	  0.000000  
	1827	  5	  1536	  1608	  9.910499	  9.902695	  0.533656  
	1828	  5	  1537	  1609	  4.111749	  -0.431176	  0.070219  
	1830	  5	  1539	  1610	  6.802676	  -2.378865	  0.486982  
	1831	  5	  1540	  1611	  5.056852	  -0.740735	  0.647028  
	1833	  5	  1400	  1612	  3.540894	  0.093113	  0.570669  
	1838	  5	  1547	  1616	  3.863968	  -1.035958	  0.133089  
	1843	  5	  1553	  1618	  6.253360	  -4.875243	  0.294181  
	1844	  5	  1554	  1619	  5.627480	  -1.458604	  0.277302  
	1848	  5	  1558	  1622	  4.739509	  -0.172455	  0.529021  
	1864	  5	  1574	  1635	  4.970575	  0.349097	  0.310960  
	1867	  5	  1577	  1637	  3.887739	  -0.198184	  0.000000  
	1874	  5	  2004	  1640	  6.655112	  0.781081	  0.475513  
	1929	  5	  1608	  1686	  9.823480	  9.902695	  0.533656  
	1930	  5	  1609	  1687	  4.132831	  -0.431176	  0.070219  
	1931	  5	  1610	  1688	  6.814806	  -2.378865	  0.486982  
	1932	  5	  1611	  1689	  4.918083	  -0.740735	  0.647028  
	1937	  5	  1692	  8	  10.533689	  15.830943	  0.622233  
	1938	  5	  1616	  1692	  3.550418	  -1.035958	  0.133089  
	1940	  5	  1618	  1694	  6.101689	  -4.875243	  0.294181  
	1941	  5	  1619	  1695	  5.502332	  -1.458604	  0.277302  
	1944	  5	  1622	  1698	  4.677213	  -0.172455	  0.529021  
	1945	  5	  1623	  1815	  6.133430	  -0.694863	  0.626463  
	1948	  5	  2223	  2243	  7.639755	  0.613926	  0.783618  
	1956	  5	  269	  852	  5.299030	  -1.262984	  0.340565  
	1957	  5	  1635	  1770	  5.025071	  0.349097	  0.310960  
	1959	  5	  1637	  1771	  3.956233	  -0.198184	  0.000000  
	1962	  5	  1640	  1709	  6.560171	  0.781081	  0.475513  
	1982	  5	  351	  1837	  3.887866	  -0.456361	  0.088301  
	1985	  5	  444	  451	  9.381771	  5.268854	  0.601691  
	1988	  5	  1103	  2615	  4.178919	  0.036010	  0.635628  
	2000	  5	  1676	  934	  5.799700	  -0.768447	  0.704172  
	2019	  5	  2435	  1745	  5.529595	  0.121379	  0.772640  
	2022	  5	  979	  875	  4.884453	  -0.264491	  0.842894  
	2030	  5	  1686	  1754	  9.733277	  9.902695	  0.533656  
	2031	  5	  1687	  1755	  4.147237	  -0.431176	  0.070219  
	2032	  5	  1688	  1756	  6.823679	  -2.378865	  0.486982  
	2033	  5	  1689	  1757	  4.743239	  -0.740735	  0.647028  
	2037	  5	  1694	  1202	  5.876620	  -4.875243	  0.294181  
	2038	  5	  1695	  1762	  5.344834	  -1.458604	  0.277302  
	2040	  5	  1698	  1764	  4.579074	  -0.172455	  0.529021  
	2050	  5	  1708	  1773	  4.394705	  0.036010	  0.635628  
	2051	  5	  1709	  1774	  6.464703	  0.781081	  0.475513  
	2089	  5	  803	  1798	  3.464583	  -0.327399	  0.234201  
	2101	  5	  2607	  2096	  6.095455	  -0.133499	  0.741094  
	2103	  5	  1118	  1809	  4.507939	  0.348901	  0.889899  
	2119	  5	  1755	  1820	  4.149873	  -0.431176	  0.070219  
	2120	  5	  1756	  1821	  6.829160	  -2.378865	  0.486982  
	2126	  5	  1762	  1825	  5.142145	  -1.458604	  0.277302  
	2128	  5	  1764	  1941	  4.447102	  -0.172455	  0.529021  
	2134	  5	  1770	  1830	  5.053851	  0.349097	  0.310960  
	2135	  5	  1771	  1831	  4.008117	  -0.198184	  0.000000  
	2138	  5	  1774	  979	  6.337391	  0.781081	  0.475513  
	2175	  5	  1812	  2049	  3.380489	  0.101502	  0.348478  
	2181	  5	  1818	  1941	  5.543144	  0.328555	  0.566206  
	2204	  5	  1820	  1883	  4.143001	  -0.431176	  0.070219  
	2205	  5	  1821	  1884	  6.831744	  -2.378865	  0.486982  
	2209	  5	  1825	  1887	  4.896067	  -1.458604	  0.277302  
	2211	  5	  1941	  973	  3.542252	  0.072891	  0.595001  
	2212	  5	  1815	  1889	  4.048078	  0.191756	  0.539818  
	2214	  5	  1830	  1042	  5.060631	  0.349097	  0.310960  
	2215	  5	  1831	  1891	  4.034417	  -0.198184	  0.000000  
	2220	  5	  1837	  1895	  5.060593	  -0.887537	  0.079517  
	2224	  5	  1841	  1293	  4.165664	  0.914907	  0.000000  
	2230	  5	  2435	  1957	  4.369133	  -0.065004	  0.785493  
	2231	  5	  1798	  932	  3.235606	  -0.327399	  0.234201  
	2238	  5	  2096	  911	  8.291113	  -0.395245	  0.800664  
	2244	  5	  1941	  2085	  3.763496	  0.083209	  0.618051  
	2249	  5	  2340	  1915	  4.459198	  -0.168819	  0.464850  
	2251	  5	  2511	  1917	  4.485094	  -0.191756	  0.539818  
	2254	  5	  1871	  2097	  4.465070	  -0.168742	  0.796949  
	2294	  5	  1883	  1837	  4.109931	  -0.431176	  0.070219  
	2295	  5	  1884	  1947	  6.830554	  -2.378865	  0.486982  
	2298	  5	  1887	  941	  4.532962	  -1.458604	  0.277302  
	2300	  5	  1889	  1917	  4.318147	  0.191756	  0.539818  
	2302	  5	  1891	  1951	  4.056042	  -0.198184	  0.000000  
	2304	  5	  1773	  1103	  4.374399	  0.036010	  0.635628  
	2306	  5	  1895	  1954	  5.037981	  -0.887537	  0.079517  
	2315	  5	  1854	  1960	  8.021359	  -0.261746	  0.831047  
	2317	  5	  1907	  1473	  4.725395	  -0.172455	  0.529021  
	2318	  5	  1908	  1962	  4.969477	  -0.613331	  0.701851  
	2335	  5	  715	  1972	  3.754272	  -0.130487	  0.236246  
	2363	  5	  2004	  2474	  6.490354	  -0.641871	  0.491718  
	2383	  5	  1947	  2011	  6.825385	  -2.378865	  0.486982  
	2386	  5	  1951	  2013	  4.066287	  -0.198184	  0.000000  
	2389	  5	  1954	  2016	  5.007472	  -0.887537	  0.079517  
	2392	  5	  1957	  2019	  4.398820	  -0.065004	  0.785493  
	2397	  5	  1962	  2023	  4.831289	  -0.613331	  0.701851  
	2405	  5	  1854	  2027	  4.005991	  0.036010	  0.635628  
	2407	  5	  1972	  2029	  3.694956	  -0.130487	  0.236246  
	2438	  5	  2004	  2050	  3.968004	  -0.139210	  0.400791  
	2451	  5	  2011	  2058	  6.817909	  -2.378865	  0.486982  
	2453	  5	  2013	  2060	  4.069745	  -0.198184	  0.000000  
	2456	  5	  2016	  2063	  4.967886	  -0.887537	  0.079517  
	2459	  5	  2019	  2015	  4.388077	  -0.065004	  0.785493  
	2467	  5	  2027	  2072	  4.182282	  0.036010	  0.635628  
	2469	  5	  2029	  547	  3.583846	  -0.130487	  0.236246  
	2482	  5	  1995	  2361	  4.227286	  -0.174611	  0.730637  
	2490	  5	  2050	  2091	  3.976090	  -0.139210	  0.400791  
	2511	  5	  2058	  2103	  6.807329	  -2.378865	  0.486982  
	2513	  5	  2060	  2105	  4.066693	  -0.198184	  0.000000  
	2516	  5	  2063	  2108	  4.918069	  -0.887537	  0.079517  
	2525	  5	  2072	  2115	  4.219819	  0.036010	  0.635628  
	2544	  5	  2091	  2128	  3.971728	  -0.139210	  0.400791  
	2547	  5	  2094	  2130	  4.194036	  -0.204129	  0.402794  
	2549	  5	  2096	  2132	  6.910552	  0.261746	  0.831047  
	2550	  5	  2097	  2133	  4.382368	  -0.168742	  0.796949  
	2568	  5	  2103	  2494	  6.795871	  -2.378865	  0.486982  
	2570	  5	  2105	  2148	  4.055584	  -0.198184	  0.000000  
	2573	  5	  2108	  2150	  4.861574	  -0.887537	  0.079517  
	2580	  5	  2115	  2154	  4.242013	  0.036010	  0.635628  
	2590	  5	  2265	  2158	  4.011079	  0.083209	  0.618051  
	2591	  5	  2128	  2159	  3.948328	  -0.139210	  0.400791  
	2593	  5	  2130	  2161	  4.191713	  -0.204129	  0.402794  
	2595	  5	  2132	  2163	  7.038998	  0.261746	  0.831047  
	2596	  5	  2133	  2164	  4.342040	  -0.168742	  0.796949  
	2612	  5	  2494	  2176	  7.752637	  2.547220	  0.456948  
	2614	  5	  2148	  2178	  4.035913	  -0.198184	  0.000000  
	2616	  5	  2150	  780	  4.764830	  -0.887537	  0.079517  
	2619	  5	  2154	  2182	  4.252711	  0.036010	  0.635628  
	2623	  5	  2158	  2185	  4.049432	  0.083209	  0.618051  
	2624	  5	  2159	  2186	  3.898688	  -0.139210	  0.400791  
	2625	  5	  2161	  1575	  4.172481	  -0.204129	  0.402794  
	2627	  5	  2163	  1960	  7.172570	  0.261746	  0.831047  
	2628	  5	  2164	  1242	  4.271105	  -0.168742	  0.796949  
	2636	  5	  23	  2194	  4.679802	  0.221861	  0.601329  
	2639	  5	  2243	  2196	  3.317441	  0.061783	  0.468797  
	2646	  5	  2176	  2203	  7.795016	  2.547220	  0.456948  
	2648	  5	  2178	  2205	  4.005529	  -0.198184	  0.000000  
	2652	  5	  2182	  1708	  4.251275	  0.036010	  0.635628  
	2655	  5	  2186	  2209	  3.816527	  -0.139210	  0.400791  
	2662	  5	  2194	  2215	  4.773998	  0.221861	  0.601329  
	2664	  5	  2196	  2217	  3.534418	  0.061783	  0.468797  
	2669	  5	  1173	  2220	  4.281793	  0.065004	  0.785493  
	2677	  5	  2205	  2226	  3.962273	  -0.198184	  0.000000  
	2682	  5	  2209	  2229	  3.694726	  -0.139210	  0.400791  
	2688	  5	  2215	  2234	  4.818779	  0.221861	  0.601329  
	2690	  5	  2217	  2235	  3.616229	  0.061783	  0.468797  
	2691	  5	  2218	  2236	  3.855870	  -0.093113	  0.570669  
	2693	  5	  2220	  2237	  4.332696	  0.065004	  0.785493  
	2698	  5	  1109	  1209	  4.313352	  -0.148751	  0.874729  
	2710	  5	  2226	  2252	  3.905757	  -0.198184	  0.000000  
	2712	  5	  2229	  1125	  3.412442	  -0.139210	  0.400791  
	2716	  5	  2234	  2256	  4.845072	  0.221861	  0.601329  
	2717	  5	  2235	  1109	  3.655910	  0.061783	  0.468797  
	2718	  5	  2236	  2258	  3.800524	  -0.093113	  0.570669  
	2719	  5	  2237	  2015	  4.372911	  0.065004	  0.785493  
	2738	  5	  2203	  2273	  4.497397	  0.281459	  0.070569  
	2740	  5	  2252	  2275	  3.831706	  -0.198184	  0.000000  
	2744	  5	  2256	  2278	  4.855241	  0.221861	  0.601329  
	2746	  5	  2258	  1612	  3.720569	  -0.093113	  0.570669  
	2750	  5	  2223	  2282	  5.083051	  0.293801	  0.743108  
	2753	  5	  2265	  2284	  4.025797	  -0.083209	  0.618051  
	2766	  5	  2273	  2296	  4.691149	  0.281459	  0.070569  
	2768	  5	  2275	  2298	  3.732288	  -0.198184	  0.000000  
	2770	  5	  2278	  2299	  4.852705	  0.221861	  0.601329  
	2774	  5	  2282	  2301	  5.239367	  0.293801	  0.743108  
	2775	  5	  2284	  2085	  3.933681	  -0.083209	  0.618051  
	2780	  5	  2049	  2305	  3.770983	  0.101502	  0.348478  
	2793	  5	  2296	  2316	  4.749239	  0.281459	  0.070569  
	2794	  5	  2298	  2317	  3.606707	  -0.198184	  0.000000  
	2795	  5	  2299	  2318	  4.839421	  0.221861	  0.601329  
	2797	  5	  2301	  2320	  5.317582	  0.293801	  0.743108  
	2811	  5	  1223	  2438	  6.200258	  -0.225735	  0.862221  
	2815	  5	  2316	  2333	  4.794588	  0.281459	  0.070569  
	2816	  5	  2317	  245	  3.382707	  -0.198184	  0.000000  
	2817	  5	  2318	  2335	  4.814781	  0.221861	  0.601329  
	2819	  5	  2320	  2574	  5.372247	  0.293801	  0.743108  
	2826	  5	  1409	  2343	  4.194696	  -0.141202	  0.278520  
	2832	  5	  2333	  2349	  4.828498	  0.281459	  0.070569  
	2834	  5	  2335	  2350	  4.703969	  -0.254768	  0.566420  
	2836	  5	  2574	  2352	  5.517519	  0.266960	  0.792132  
	2842	  5	  2343	  2357	  4.166139	  -0.141202	  0.278520  
	2843	  5	  2438	  2440	  6.311935	  -0.225735	  0.862221  
	2846	  5	  2576	  2462	  6.011550	  -0.478977	  0.687885  
	2850	  5	  2349	  2364	  4.854756	  0.281459	  0.070569  
	2851	  5	  2350	  2365	  4.657587	  -0.254768	  0.566420  
	2858	  5	  2357	  2369	  4.110555	  -0.141202	  0.278520  
	2863	  5	  1812	  1815	  3.456402	  -0.101502	  0.348478  
	2865	  5	  2364	  2374	  4.875506	  0.281459	  0.070569  
	2866	  5	  2365	  1363	  5.332403	  -0.740735	  0.647028  
	2869	  5	  2369	  2377	  4.048123	  -0.141202	  0.278520  
	2875	  5	  2374	  2383	  4.889640	  0.281459	  0.070569  
	2878	  5	  2377	  843	  3.861927	  -0.141202	  0.278520  
	2879	  5	  2378	  2391	  6.340713	  -0.225735	  0.862221  
	2880	  5	  2462	  186	  5.979468	  -0.478977	  0.687885  
	2887	  5	  2383	  2390	  4.898516	  0.281459	  0.070569  
	2893	  5	  2390	  2393	  4.902828	  0.281459	  0.070569  
	2894	  5	  2391	  1854	  6.315575	  -0.225735	  0.862221  
	2898	  5	  2393	  2396	  4.902565	  0.281459	  0.070569  
	2901	  5	  2396	  2398	  4.897944	  0.281459	  0.070569  
	2903	  5	  2398	  2400	  4.887426	  0.281459	  0.070569  
	2906	  5	  2400	  2402	  4.873754	  0.281459	  0.070569  
	2908	  5	  2402	  2404	  4.854262	  0.281459	  0.070569  
	2910	  5	  2404	  2406	  4.830570	  0.281459	  0.070569  
	2912	  5	  2406	  2407	  4.801914	  0.281459	  0.070569  
	2913	  5	  2407	  2408	  4.769173	  0.281459	  0.070569  
	2914	  5	  2408	  2409	  4.729810	  0.281459	  0.070569  
	2915	  5	  2409	  2410	  4.684898	  0.281459	  0.070569  
	2918	  5	  2410	  2432	  4.562767	  0.281459	  0.070569  
	2924	  5	  2432	  2417	  6.481835	  -2.265761	  0.504945  
	2925	  5	  2417	  2418	  6.489712	  -2.265761	  0.504945  
	2926	  5	  2418	  2419	  6.490634	  -2.265761	  0.504945  
	2927	  5	  2419	  2203	  6.490501	  -2.265761	  0.504945  
	2939	  5	  2428	  2429	  6.809614	  -2.547220	  0.456948  
	2940	  5	  2429	  2430	  6.851037	  -2.547220	  0.456948  
	2941	  5	  2430	  2431	  6.884888	  -2.547220	  0.456948  
	2942	  5	  2431	  2432	  6.914173	  -2.547220	  0.456948  
	2948	  5	  2435	  2437	  4.910912	  -0.056375	  0.757821  
	2950	  5	  2437	  2439	  5.015815	  -0.056375	  0.757821  
	2951	  5	  2440	  2378	  6.341874	  -0.225735	  0.862221  
	2953	  5	  2439	  2441	  5.098763	  -0.056375	  0.757821  
	2955	  5	  2441	  2442	  5.157116	  -0.056375	  0.757821  
	2957	  5	  2442	  2444	  5.223134	  -0.056375	  0.757821  
	2958	  5	  2443	  2445	  4.031156	  -0.084905	  0.696331  
	2959	  5	  2444	  2446	  5.286422	  -0.056375	  0.757821  
	2960	  5	  2445	  2447	  3.982970	  -0.084905	  0.696331  
	2962	  5	  2446	  2449	  5.342489	  -0.056375	  0.757821  
	2963	  5	  2447	  2450	  3.897170	  -0.084905	  0.696331  
	2965	  5	  2449	  2451	  5.394542	  -0.056375	  0.757821  
	2966	  5	  2450	  2452	  3.761793	  -0.084905	  0.696331  
	2968	  5	  2451	  2454	  5.442119	  -0.056375	  0.757821  
	2971	  5	  2454	  2456	  5.484737	  -0.056375	  0.757821  
	2973	  5	  2456	  2458	  5.524281	  -0.056375	  0.757821  
	2975	  5	  2458	  2460	  5.561022	  -0.056375	  0.757821  
	2978	  5	  2460	  2463	  5.592713	  -0.056375	  0.757821  
	2982	  5	  2463	  2467	  5.621304	  -0.056375	  0.757821  
	2987	  5	  2467	  2471	  5.646429	  -0.056375	  0.757821  
	2991	  5	  2471	  2475	  5.668699	  -0.056375	  0.757821  
	2994	  5	  2474	  2477	  4.529719	  -0.204129	  0.402794  
	2995	  5	  2475	  2478	  5.687175	  -0.056375	  0.757821  
	2997	  5	  2477	  2094	  4.559475	  -0.204129	  0.402794  
	2999	  5	  2478	  2481	  5.702699	  -0.056375	  0.757821  
	3003	  5	  2481	  2485	  5.715590	  -0.056375	  0.757821  
	3006	  5	  2488	  1500	  8.863896	  -4.306257	  0.593911  
	3007	  5	  2365	  2488	  5.906464	  0.485967	  0.689286  
	3008	  5	  2485	  2605	  5.728065	  -0.056375	  0.757821  
	3012	  5	  2605	  2492	  6.481932	  -0.068495	  0.698958  
	3015	  5	  2492	  2495	  6.473203	  -0.068495	  0.698958  
	3021	  5	  2495	  2498	  6.461601	  -0.068495	  0.698958  
	3023	  5	  2474	  2500	  4.577202	  -0.191756	  0.539818  
	3024	  5	  2498	  2501	  6.452027	  -0.068495	  0.698958  
	3025	  5	  2496	  2502	  8.840525	  -4.926085	  0.471452  
	3026	  5	  2500	  2503	  4.590655	  -0.191756	  0.539818  
	3027	  5	  2501	  2504	  6.440844	  -0.068495	  0.698958  
	3028	  5	  2502	  2505	  8.803379	  -4.926085	  0.471452  
	3029	  5	  2503	  2511	  4.585907	  -0.191756	  0.539818  
	3032	  5	  2504	  2509	  6.428062	  -0.068495	  0.698958  
	3033	  5	  2505	  2510	  8.776010	  -4.926085	  0.471452  
	3037	  5	  2509	  2514	  6.413357	  -0.068495	  0.698958  
	3038	  5	  2510	  2515	  8.747617	  -4.926085	  0.471452  
	3043	  5	  2514	  2519	  6.396552	  -0.068495	  0.698958  
	3044	  5	  2515	  2520	  8.718963	  -4.926085	  0.471452  
	3046	  5	  2517	  2522	  3.222723	  -0.026475	  0.378407  
	3047	  5	  2496	  2494	  8.607395	  4.926085	  0.471452  
	3048	  5	  2519	  2523	  6.378432	  -0.068495	  0.698958  
	3051	  5	  2522	  2577	  4.611567	  -0.111261	  0.619051  
	3052	  5	  2523	  2526	  6.358413	  -0.068495	  0.698958  
	3054	  5	  2577	  2528	  6.564076	  -0.552143	  0.818845  
	3055	  5	  2526	  2529	  6.336807	  -0.068495	  0.698958  
	3057	  5	  2528	  2531	  6.494591	  -0.552143	  0.818845  
	3058	  5	  1745	  2532	  3.688992	  -0.097765	  0.299123  
	3059	  5	  2529	  2533	  6.312838	  -0.068495	  0.698958  
	3061	  5	  2531	  2243	  6.464427	  -0.552143	  0.818845  
	3063	  5	  2532	  2536	  3.687059	  -0.097765	  0.299123  
	3065	  5	  2517	  2562	  3.707332	  0.026475	  0.378407  
	3066	  5	  2533	  2539	  6.286834	  -0.068495	  0.698958  
	3068	  5	  2536	  2541	  3.663339	  -0.097765	  0.299123  
	3071	  5	  2539	  2549	  6.241895	  -0.068495	  0.698958  
	3073	  5	  2541	  2546	  3.612788	  -0.097765	  0.299123  
	3078	  5	  2546	  2551	  3.526508	  -0.097765	  0.299123  
	3081	  5	  2549	  2559	  6.173393	  -0.068495	  0.698958  
	3083	  5	  2551	  2556	  3.377051	  -0.097765	  0.299123  
	3084	  5	  2553	  2557	  5.544024	  0.394150	  0.634238  
	3085	  5	  1745	  2474	  5.628444	  0.245986	  0.528017  
	3088	  5	  2556	  1818	  3.133637	  -0.097765	  0.299123  
	3089	  5	  2557	  1129	  5.467358	  0.394150	  0.634238  
	3092	  5	  2559	  2563	  6.113426	  -0.068495	  0.698958  
	3094	  5	  1745	  2565	  3.240403	  -0.026841	  0.255512  
	3095	  5	  2562	  2566	  3.783892	  0.026475	  0.378407  
	3096	  5	  2563	  2567	  6.068899	  -0.068495	  0.698958  
	3098	  5	  2565	  2574	  3.212162	  -0.026841	  0.255512  
	3099	  5	  2566	  2570	  3.840770	  0.026475	  0.378407  
	3100	  5	  2576	  2443	  4.220553	  -0.084905	  0.696331  
	3101	  5	  2567	  2572	  6.020221	  -0.068495	  0.698958  
	3104	  5	  2570	  2575	  3.877393	  0.026475	  0.378407  
	3107	  5	  2572	  2582	  5.936352	  -0.068495	  0.698958  
	3110	  5	  2575	  2579	  3.898947	  0.026475	  0.378407  
	3111	  5	  2576	  2613	  6.429148	  0.666800	  0.621980  
	3112	  5	  2577	  2613	  5.407733	  0.440882	  0.869265  
	3114	  5	  2579	  2583	  3.907882	  0.026475	  0.378407  
	3116	  5	  2613	  2585	  5.473973	  -0.189332	  0.355828  
	3117	  5	  2582	  2586	  5.837904	  -0.068495	  0.698958  
	3118	  5	  2583	  2587	  3.907086	  0.026475	  0.378407  
	3120	  5	  2585	  2589	  5.575356	  -0.189332	  0.355828  
	3121	  5	  2586	  2590	  5.760292	  -0.068495	  0.698958  
	3122	  5	  2587	  2591	  3.896776	  0.026475	  0.378407  
	3124	  5	  2589	  2593	  5.647499	  -0.189332	  0.355828  
	3126	  5	  2590	  2595	  5.667836	  -0.068495	  0.698958  
	3127	  5	  2591	  2596	  3.879017	  0.026475	  0.378407  
	3129	  5	  2593	  2598	  5.714479	  -0.189332	  0.355828  
	3131	  5	  2595	  2600	  5.556074	  -0.068495	  0.698958  
	3132	  5	  2596	  2601	  3.854797	  0.026475	  0.378407  
	3134	  5	  2598	  2603	  5.774288	  -0.189332	  0.355828  
	3135	  5	  2685	  2604	  6.021273	  0.394150	  0.634238  
	3138	  5	  2600	  2607	  5.410532	  -0.068495	  0.698958  
	3139	  5	  2601	  2608	  3.821278	  0.026475	  0.378407  
	3141	  5	  2603	  2610	  5.827058	  -0.189332	  0.355828  
	3142	  5	  2604	  2553	  5.947101	  0.394150	  0.634238  
	3143	  5	  2605	  2611	  3.797982	  0.012120	  0.425162  
	3147	  5	  2608	  2614	  3.774696	  0.026475	  0.378407  
	3148	  5	  2610	  2615	  5.881481	  -0.189332	  0.355828  
	3149	  5	  2611	  2616	  3.825440	  0.012120	  0.425162  
	3150	  5	  2612	  2617	  5.332816	  -0.529399	  0.761991  
	3151	  5	  2613	  2618	  9.068327	  1.297015	  0.667186  
	3152	  5	  934	  2612	  5.423107	  -0.529399	  0.761991  
	3153	  5	  2614	  2620	  3.716445	  0.026475	  0.378407  
	3155	  5	  2616	  2622	  3.843433	  0.012120	  0.425162  
	3156	  5	  2617	  1603	  5.345670	  -0.529399	  0.761991  
	3157	  5	  2618	  2623	  9.033201	  1.297015	  0.667186  
	3160	  5	  2620	  1332	  3.650372	  0.026475	  0.378407  
	3161	  5	  2615	  1409	  4.411982	  -0.141202	  0.278520  
	3163	  5	  2622	  2626	  3.854875	  0.012120	  0.425162  
	3164	  5	  2623	  2627	  8.988815	  1.297015	  0.667186  
	3167	  5	  2576	  2629	  4.099879	  -0.102919	  0.253927  
	3168	  5	  2626	  2630	  3.860078	  0.012120	  0.425162  
	3169	  5	  2627	  2631	  8.942449	  1.297015	  0.667186  
	3171	  5	  2629	  2638	  4.167326	  -0.102919	  0.253927  
	3172	  5	  2639	  1122	  5.081181	  -0.523321	  0.763039  
	3173	  5	  2630	  2635	  3.858908	  0.012120	  0.425162  
	3174	  5	  2631	  2636	  8.891294	  1.297015	  0.667186  
	3178	  5	  2635	  2640	  3.853676	  0.012120	  0.425162  
	3179	  5	  2636	  2641	  8.833837	  1.297015	  0.667186  
	3181	  5	  2638	  2643	  4.222719	  -0.102919	  0.253927  
	3182	  5	  2639	  2644	  6.269641	  -0.678844	  0.597887  
	3183	  5	  2640	  2645	  3.843465	  0.012120	  0.425162  
	3184	  5	  2641	  2646	  8.771688	  1.297015	  0.667186  
	3186	  5	  2643	  2648	  4.246998	  -0.102919	  0.253927  
	3187	  5	  2644	  2649	  6.373209	  -0.678844	  0.597887  
	3188	  5	  2645	  2650	  3.828465	  0.012120	  0.425162  
	3189	  5	  2646	  2651	  8.704454	  1.297015	  0.667186  
	3191	  5	  2648	  2653	  4.260575	  -0.102919	  0.253927  
	3192	  5	  2649	  2654	  6.465856	  -0.678844	  0.597887  
	3193	  5	  2650	  2655	  3.807243	  0.012120	  0.425162  
	3194	  5	  2651	  2656	  8.631065	  1.297015	  0.667186  
	3196	  5	  2653	  2657	  4.264132	  -0.102919	  0.253927  
	3197	  5	  2654	  2658	  6.549131	  -0.678844	  0.597887  
	3198	  5	  2655	  2659	  3.779608	  0.012120	  0.425162  
	3199	  5	  2656	  2664	  8.507391	  1.297015	  0.667186  
	3200	  5	  2657	  2661	  4.258708	  -0.102919	  0.253927  
	3201	  5	  2658	  2662	  6.626033	  -0.678844	  0.597887  
	3202	  5	  2659	  2663	  3.745795	  0.012120	  0.425162  
	3204	  5	  2661	  2665	  4.241012	  -0.102919	  0.253927  
	3205	  5	  2662	  628	  6.685995	  -0.678844	  0.597887  
	3206	  5	  2663	  2666	  3.708337	  0.012120	  0.425162  
	3207	  5	  2664	  2667	  8.366645	  1.297015	  0.667186  
	3208	  5	  2665	  2668	  4.209327	  -0.102919	  0.253927  
	3210	  5	  2666	  2670	  3.664601	  0.012120	  0.425162  
	3211	  5	  2667	  2671	  8.260934	  1.297015	  0.667186  
	3212	  5	  2668	  2672	  4.160411	  -0.102919	  0.253927  
	3214	  5	  2670	  2615	  3.621998	  0.012120	  0.425162  
	3215	  5	  2671	  2674	  8.145527	  1.297015	  0.667186  
	3216	  5	  2672	  2675	  4.089320	  -0.102919	  0.253927  
	3218	  5	  2674	  2677	  8.012665	  1.297015	  0.667186  
	3219	  5	  2675	  2678	  3.979149	  -0.102919	  0.253927  
	3221	  5	  2677	  2680	  7.863969	  1.297015	  0.667186  
	3222	  5	  2678	  2681	  3.816821	  -0.102919	  0.253927  
	3225	  5	  2681	  1623	  3.576471	  -0.102919	  0.253927  
	3227	  5	  2683	  1184	  4.071482	  -0.180530	  0.412820  
	3229	  5	  2685	  2340	  4.409461	  -0.168819	  0.464850  
	3231	  5	  2685	  2686	  4.264635	  -0.084786	  0.694194  
	3232	  5	  2686	  2522	  4.206307	  -0.084786	  0.694194  
	3233	  5	  2335	  2687	  7.679967	  0.476629	  0.582670  
	3234	  5	  2687	  2688	  7.672210	  0.476629	  0.582670  
	3235	  1	  1770	  2689	  8.000000	  0.000000	  0.000000  
	3236	  5	  2688	  444	  7.660697	  0.476629	  0.582670  
	3237	  1	  2689	  2690	  8.000000	  0.000000	  0.000000  
	3238	  0	  2690	  2691	  8.000000	  0.000000	  0.000000  
 754       total number of nodes
  name    x       y       z
	1	  25.000000	  77.900002	  500.000000  
	2	  55.000000	  95.199997	  500.000000  
	3	  60.898949	  101.688828	  478.730255  
	6	  86.166626	  116.500092	  349.894653  
	8	  78.490318	  117.706924	  252.420929  
	13	  162.120377	  152.862305	  486.606018  
	14	  275.000000	  222.100006	  500.000000  
	15	  245.000000	  204.800003	  500.000000  
	18	  217.260803	  182.944595	  397.797302  
	21	  216.616211	  180.766052	  247.207214  
	23	  227.131516	  164.653275	  152.953812  
	27	  217.249863	  188.100098	  191.105133  
	42	  243.051590	  162.816193	  141.149826  
	46	  79.264549	  126.158653	  119.662018  
	48	  233.000427	  176.245285	  297.325500  
	49	  236.379944	  175.334457	  272.149109  
	50	  88.376572	  120.159264	  337.938507  
	51	  84.252945	  115.773178	  366.323639  
	54	  40.243721	  86.871452	  398.605316  
	58	  50.756123	  104.219040	  433.285889  
	62	  247.385117	  176.938660	  298.856537  
	68	  29.713577	  83.441483	  397.370605  
	70	  278.750183	  140.868576	  146.711807  
	72	  40.309830	  102.028412	  430.617889  
	88	  93.152168	  111.645691	  213.685928  
	90	  277.036224	  82.168114	  397.454865  
	94	  25.333782	  99.982597	  426.042694  
	96	  46.878216	  169.166840	  114.369194  
	98	  278.262421	  175.093826	  295.629761  
	101	  135.926819	  106.460670	  381.082977  
	108	  122.797287	  86.948601	  197.259827  
	110	  74.366165	  113.456284	  168.386734  
	111	  88.866661	  130.206268	  148.849167  
	112	  205.139038	  165.767731	  451.536804  
	116	  262.503571	  83.550705	  399.229645  
	120	  270.087830	  97.411491	  423.045685  
	124	  32.688457	  171.225540	  293.528503  
	125	  25.331686	  159.189148	  233.214874  
	127	  150.275070	  105.154976	  384.673767  
	134	  124.944077	  76.700066	  189.016083  
	137	  93.421791	  144.003235	  143.503799  
	140	  224.404495	  203.808578	  349.561676  
	150	  251.885559	  86.571808	  401.537079  
	151	  152.355530	  255.589798	  247.341782  
	154	  254.867828	  93.230812	  420.922852  
	159	  37.309696	  149.831680	  230.228760  
	168	  128.590439	  66.868156	  179.843018  
	171	  100.833572	  156.382782	  140.114548  
	172	  178.595276	  151.069382	  457.319855  
	174	  232.840363	  215.364380	  346.884827  
	177	  93.611992	  129.223831	  325.680847  
	180	  113.272232	  120.290100	  200.771973  
	182	  217.266235	  203.472580	  320.417786  
	186	  48.120502	  198.863297	  116.545937  
	191	  90.181366	  111.705353	  190.861374  
	195	  239.305603	  92.341843	  404.614960  
	204	  48.031120	  139.932144	  226.386337  
	209	  149.323746	  101.091553	  339.168121  
	216	  169.664612	  143.374817	  462.011810  
	218	  240.914627	  228.353333	  342.572815  
	224	  110.205269	  134.199921	  201.459595  
	226	  213.482880	  212.115097	  312.838745  
	228	  213.857407	  152.310760	  314.673065  
	234	  109.555588	  121.411949	  220.490723  
	236	  216.206696	  171.333450	  475.149445  
	239	  52.928532	  105.192741	  224.986633  
	242	  90.337555	  68.733826	  370.539764  
	245	  101.372307	  113.503006	  325.616547  
	260	  56.897591	  129.386475	  222.781082  
	262	  189.329559	  104.079559	  395.862457  
	266	  141.730988	  27.871407	  391.967590  
	267	  216.455841	  258.387665	  173.987930  
	269	  154.455566	  273.715179	  260.284882  
	271	  101.627518	  194.860016	  134.099014  
	272	  158.878067	  134.574997	  464.706604  
	274	  250.638199	  241.845917	  336.326080  
	278	  44.787937	  67.878540	  257.486572  
	280	  105.953300	  153.780807	  202.879959  
	289	  144.522995	  54.382412	  309.394379  
	292	  221.070038	  157.139832	  479.971863  
	294	  43.651489	  99.054977	  230.725479  
	296	  76.767982	  67.367523	  368.862030  
	306	  219.852463	  202.658371	  334.113312  
	313	  250.796402	  202.593018	  159.540161  
	314	  135.987915	  59.722309	  196.399628  
	316	  65.234825	  116.535393	  219.990448  
	326	  29.550545	  101.743004	  232.456619  
	328	  147.755280	  125.894318	  464.604095  
	330	  124.568512	  25.613842	  327.070099  
	333	  81.329170	  170.528748	  356.736816  
	334	  165.605667	  278.329407	  263.841949  
	341	  68.107040	  144.480423	  350.919434  
	347	  227.449738	  144.574814	  483.251221  
	348	  216.375305	  241.824600	  177.017105  
	350	  62.823708	  63.669899	  365.588959  
	351	  119.026825	  29.574942	  266.571594  
	358	  136.938889	  63.400772	  374.939880  
	365	  89.587578	  121.840408	  108.240540  
	367	  217.300049	  128.204697	  421.166931  
	373	  243.635651	  201.389908	  178.020554  
	374	  141.603958	  46.594490	  199.777328  
	380	  260.567291	  230.130066	  410.297943  
	383	  148.312439	  261.856323	  263.694000  
	386	  136.235336	  117.179565	  461.606232  
	388	  130.966644	  36.288578	  318.455048  
	391	  73.018913	  182.237427	  362.289948  
	392	  155.954971	  266.341919	  267.245026  
	393	  263.006073	  187.239548	  210.484665  
	405	  235.235001	  134.010468	  485.152069  
	407	  51.517986	  59.532478	  360.937561  
	419	  39.210995	  158.394104	  272.723267  
	429	  109.730568	  166.046387	  139.505295  
	432	  216.272720	  100.613060	  404.527954  
	435	  85.111519	  107.801712	  157.854446  
	436	  216.212799	  142.556320	  426.791962  
	444	  125.911736	  248.407578	  256.767456  
	448	  258.862335	  216.476593	  414.714386  
	451	  140.290131	  250.411133	  269.033386  
	453	  125.140015	  109.075935	  455.924988  
	458	  65.798492	  195.400726	  367.662231  
	465	  38.466061	  159.228394	  340.041016  
	471	  244.143158	  125.523209	  485.790222  
	481	  164.938141	  73.306129	  369.571014  
	489	  160.287079	  115.401146	  337.049469  
	498	  165.982697	  74.521057	  344.046844  
	507	  192.334915	  99.127785	  181.983826  
	508	  164.905350	  105.431282	  388.549377  
	511	  80.238701	  142.948425	  358.143127  
	516	  213.437393	  159.802307	  430.932343  
	519	  255.320496	  196.443497	  186.199020  
	520	  229.577423	  206.779312	  195.253235  
	526	  202.763458	  55.437283	  343.488190  
	527	  260.846954	  201.989014	  420.887878  
	532	  114.873886	  102.268173	  448.159271  
	536	  152.654739	  295.985931	  123.874802  
	537	  58.280445	  209.143585	  371.490051  
	541	  145.388336	  163.598007	  155.266083  
	543	  31.779961	  170.548584	  343.414032  
	547	  179.828629	  154.299393	  237.018524  
	549	  254.566223	  118.632599	  485.235596  
	551	  142.288284	  276.770782	  363.925232  
	552	  131.026886	  49.186066	  258.815918  
	559	  172.316940	  72.081375	  382.182770  
	567	  169.968857	  125.117149	  334.428833  
	578	  269.922028	  188.084305	  228.151993  
	580	  52.467194	  86.543991	  247.790222  
	582	  86.898972	  92.070549	  154.129822  
	586	  90.624001	  161.051025	  359.385437  
	589	  45.991188	  168.369049	  303.086700  
	591	  212.877747	  208.145889	  248.016754  
	597	  228.682587	  82.560158	  417.427551  
	599	  106.918015	  142.122238	  344.214020  
	605	  118.691597	  126.026672	  223.354111  
	611	  236.017029	  126.872665	  225.108688  
	614	  220.216232	  197.661453	  209.947647  
	619	  212.111221	  48.809162	  342.220612  
	620	  265.376251	  188.083374	  428.001282  
	625	  104.895454	  97.266060	  438.810913  
	628	  276.788879	  78.482681	  141.965683  
	629	  50.109570	  220.479156	  374.584106  
	630	  101.632751	  233.846268	  217.591217  
	634	  23.340940	  182.440491	  346.177551  
	638	  186.893707	  162.747238	  241.489120  
	639	  267.633087	  113.018768	  483.113037  
	641	  127.067780	  275.283234	  366.576385  
	649	  180.994217	  69.047836	  393.548370  
	657	  181.997391	  134.165207	  331.350067  
	664	  215.485580	  51.794170	  384.325562  
	671	  86.875420	  63.394524	  165.430801  
	675	  97.329216	  176.059662	  360.496887  
	684	  215.441238	  76.000397	  414.065308  
	685	  42.870399	  152.642532	  257.863861  
	686	  121.179787	  142.635559	  341.422943  
	689	  111.700516	  136.884781	  353.230530  
	700	  206.394196	  247.705627	  179.249451  
	708	  43.889221	  149.311340	  335.810974  
	713	  99.487160	  87.983139	  142.321075  
	715	  226.636658	  132.738159	  225.229935  
	717	  279.635803	  190.639801	  207.333496  
	722	  94.923996	  262.224182	  338.274445  
	723	  271.148529	  175.288345	  436.284790  
	727	  94.985474	  94.757698	  429.219513  
	730	  275.963379	  89.651558	  150.107635  
	735	  272.618530	  194.488007	  349.470520  
	738	  197.854263	  171.200363	  244.743790  
	741	  111.086166	  274.129578	  367.226196  
	748	  192.219772	  64.350990	  404.510834  
	756	  195.246597	  141.770889	  327.424622  
	763	  214.030640	  37.916286	  378.252106  
	767	  266.259705	  225.550568	  216.781387  
	768	  253.399887	  204.478973	  99.536919  
	770	  86.494156	  43.772060	  171.595840  
	774	  102.589912	  191.592163	  360.908539  
	775	  146.858353	  258.873596	  190.155060  
	779	  209.133423	  216.030640	  278.477997  
	780	  149.154114	  28.159090	  385.187103  
	784	  44.321835	  148.483109	  246.887909  
	785	  136.578125	  141.495758	  340.511292  
	788	  119.294899	  130.006561	  364.199951  
	794	  235.422180	  153.244919	  287.718872  
	803	  83.463478	  208.183640	  211.681961  
	805	  34.142906	  146.248764	  323.446167  
	807	  167.174438	  174.266876	  177.679398  
	810	  108.557831	  85.112015	  131.922546  
	815	  244.531784	  113.095345	  105.957687  
	823	  220.691360	  207.976669	  144.623627  
	826	  29.771103	  188.756012	  220.852158  
	830	  103.154556	  253.033447	  334.174500  
	831	  275.894318	  162.909332	  445.884369  
	833	  128.832321	  206.497543	  316.951477  
	835	  86.462456	  94.767601	  421.824402  
	837	  272.739471	  101.574341	  158.716705  
	840	  261.246857	  206.299667	  350.836823  
	842	  35.386837	  87.141281	  485.763702  
	843	  96.909821	  117.092293	  100.702881  
	844	  224.768127	  48.417725	  365.998383  
	852	  148.230515	  283.070709	  283.232758  
	857	  206.830139	  148.165787	  321.467285  
	862	  204.137604	  136.178986	  98.863083  
	864	  84.232506	  248.151276	  371.133514  
	869	  262.186493	  194.465820	  94.461586  
	874	  107.238731	  207.133560	  359.581055  
	875	  133.202240	  253.517776	  191.434647  
	877	  209.305145	  216.483475	  290.175720  
	881	  194.335556	  43.621387	  411.595978  
	882	  45.826454	  141.682785	  233.740433  
	883	  151.887634	  138.586136	  341.265808  
	885	  127.829895	  121.662636	  374.851501  
	891	  243.342285	  143.911911	  279.579895  
	896	  257.358795	  214.704941	  191.067322  
	900	  25.901047	  146.070175	  313.554504  
	904	  251.459702	  95.104828	  403.187988  
	905	  116.134727	  81.387604	  120.790749  
	910	  257.796143	  107.331581	  109.756310  
	911	  145.284729	  70.009209	  72.428886  
	916	  216.674622	  172.218292	  156.191269  
	918	  139.047791	  71.863197	  191.361954  
	920	  136.445618	  27.753880	  207.241745  
	925	  223.857101	  88.541855	  399.526428  
	932	  42.895504	  183.722504	  226.099304  
	934	  213.538605	  40.643017	  192.583801  
	936	  111.745705	  240.836136	  328.788239  
	937	  278.858521	  149.927307	  455.600067  
	939	  128.579514	  198.509674	  327.941772  
	941	  61.650261	  100.087181	  404.197723  
	944	  152.315308	  42.268238	  390.732178  
	946	  249.496674	  216.069977	  349.836365  
	948	  45.378849	  75.583282	  486.627655  
	949	  208.797440	  46.374790	  364.030334  
	968	  84.937164	  233.986755	  362.539368  
	972	  248.639450	  234.309952	  186.636658  
	973	  272.529633	  183.377090	  89.838333  
	978	  111.764473	  221.599670	  356.346100  
	979	  119.571533	  244.391418	  192.265594  
	980	  156.898804	  292.276886	  111.406937  
	982	  157.969376	  68.082558	  326.643616  
	983	  193.891342	  29.850756	  414.472473  
	984	  48.822361	  133.840866	  220.637314  
	985	  166.950302	  133.939880	  343.468903  
	987	  135.421738	  111.621452	  384.627747  
	992	  248.773270	  133.695786	  268.119080  
	994	  222.384888	  218.312012	  171.095200  
	995	  173.341507	  260.044434	  186.412460  
	999	  277.291016	  148.178970	  303.770630  
	1003	  265.363708	  100.362984	  405.483582  
	1009	  268.641266	  100.420288	  115.944229  
	1010	  134.144257	  74.800301	  91.333473  
	1019	  235.163162	  215.691391	  193.466309  
	1026	  222.442261	  227.593231	  185.708954  
	1028	  232.316574	  206.270370	  184.597351  
	1037	  51.197392	  171.418427	  234.677673  
	1040	  121.244217	  229.695557	  322.531189  
	1041	  279.539978	  136.459686	  464.740173  
	1042	  195.450302	  270.366119	  317.094696  
	1043	  129.975861	  190.859924	  340.841827  
	1046	  262.713043	  112.593788	  192.263916  
	1047	  153.019073	  54.926086	  395.088654  
	1049	  238.032257	  222.699768	  346.032928  
	1051	  53.902782	  63.492847	  486.883087  
	1052	  193.121368	  42.938107	  362.845734  
	1071	  84.755653	  220.683487	  352.839783  
	1079	  116.519798	  234.931732	  351.153870  
	1083	  61.299404	  239.342712	  415.848175  
	1084	  53.248512	  127.061241	  206.783035  
	1085	  181.360672	  127.980560	  347.149231  
	1087	  141.663910	  100.550430	  392.182373  
	1090	  269.060852	  115.134628	  165.354385  
	1092	  253.110626	  123.747330	  256.153412  
	1097	  268.192413	  152.861023	  293.277405  
	1103	  131.898117	  138.656265	  -0.204436  
	1109	  212.696487	  133.304077	  141.425873  
	1118	  227.322037	  216.830811	  193.222733  
	1122	  197.793594	  46.465508	  198.540497  
	1125	  134.762863	  62.944347	  162.405121  
	1129	  96.957718	  212.352234	  207.892532  
	1149	  57.942387	  159.412735	  241.218414  
	1152	  129.907898	  219.760208	  314.653046  
	1153	  276.564728	  124.484657	  473.230347  
	1154	  187.410629	  275.292114	  328.390503  
	1155	  133.323441	  184.043137	  355.075073  
	1158	  257.817291	  113.496544	  205.337967  
	1159	  151.662598	  68.507523	  397.834167  
	1161	  229.276932	  224.930893	  340.295715  
	1162	  191.525040	  274.727448	  487.207642  
	1163	  178.183258	  38.343483	  360.792145  
	1173	  75.563148	  256.833649	  -0.468292  
	1178	  82.994576	  207.399963	  343.391571  
	1180	  123.886818	  67.449852	  104.056511  
	1183	  121.430061	  246.419403	  344.263641  
	1184	  94.592903	  227.211029	  188.389099  
	1187	  56.848083	  223.795013	  415.356567  
	1189	  195.121155	  121.406593	  352.522156  
	1191	  145.456696	  91.680405	  395.911621  
	1192	  269.584503	  199.824188	  223.730743  
	1196	  257.149750	  116.447014	  243.172516  
	1199	  259.068298	  160.018738	  282.351776  
	1202	  42.733757	  117.281708	  410.422852  
	1208	  35.361618	  161.376602	  127.175713  
	1209	  219.769714	  127.941360	  133.596069  
	1213	  273.656799	  149.934692	  128.959778  
	1223	  180.368088	  277.418335	  96.955200  
	1226	  71.414429	  211.845444	  191.404282  
	1237	  68.077667	  116.198616	  176.333054  
	1238	  142.258499	  51.362190	  271.178253  
	1240	  266.067139	  178.334732	  223.281845  
	1242	  121.785110	  49.896954	  102.162514  
	1249	  20.758972	  196.245514	  230.654816  
	1250	  132.522659	  225.970505	  294.665375  
	1258	  64.597115	  146.065552	  246.549210  
	1260	  136.923859	  211.757187	  305.503174  
	1262	  179.169189	  278.618835	  341.312134  
	1263	  138.455963	  178.564270	  369.023712  
	1265	  148.946548	  80.801338	  398.000427  
	1267	  198.161392	  259.540710	  487.192627  
	1268	  163.387283	  33.292236	  357.187866  
	1274	  133.296021	  269.093262	  323.927429  
	1282	  82.391953	  193.557541	  334.974884  
	1290	  51.976803	  208.911743	  412.921082  
	1291	  208.534897	  115.142410	  359.634949  
	1293	  150.586304	  240.165451	  243.602478  
	1297	  250.711166	  169.100922	  270.376007  
	1300	  54.342087	  106.106033	  416.527924  
	1302	  49.395828	  93.083076	  141.659760  
	1305	  29.339657	  155.647629	  133.872162  
	1310	  22.944782	  143.103668	  127.720116  
	1331	  60.525936	  120.390785	  189.531052  
	1332	  271.295410	  172.773911	  236.553940  
	1337	  270.557678	  203.768753	  241.407227  
	1338	  96.872734	  96.338219	  105.199173  
	1352	  135.460205	  16.297390	  211.564117  
	1354	  71.490059	  131.860718	  250.323257  
	1356	  142.121170	  206.173019	  295.408600  
	1357	  171.195648	  280.197937	  354.653137  
	1358	  145.329544	  174.086777	  382.472626  
	1359	  232.225296	  128.411865	  234.245911  
	1360	  221.050766	  222.983139	  330.801880  
	1361	  203.727707	  244.163239	  486.510773  
	1362	  148.775757	  28.620874	  351.978668  
	1363	  190.679337	  38.055908	  233.654846  
	1373	  83.393288	  179.780121	  326.439728  
	1380	  47.663044	  193.962158	  408.795258  
	1381	  222.203247	  110.301132	  367.642609  
	1387	  62.723370	  92.780823	  147.738419  
	1390	  232.753067	  118.704498	  117.860741  
	1393	  33.412380	  132.641998	  126.746338  
	1400	  166.224075	  81.800331	  124.662880  
	1409	  155.470367	  135.143661	  25.409330  
	1415	  259.526093	  210.113083	  251.990601  
	1416	  94.449890	  84.275581	  110.335480  
	1421	  124.362144	  63.185223	  253.696518  
	1444	  145.829971	  203.468323	  284.142120  
	1445	  154.101074	  170.233551	  395.649811  
	1446	  224.757477	  136.522537	  239.784637  
	1449	  135.237823	  23.392973	  345.492462  
	1450	  181.564728	  40.410206	  229.627838  
	1459	  85.717705	  166.337128	  317.017883  
	1464	  137.408249	  275.099792	  314.596924  
	1465	  44.960953	  179.279617	  405.571716  
	1466	  236.013870	  107.082947	  375.541290  
	1470	  75.762962	  92.156113	  151.789886  
	1473	  273.413849	  100.202423	  74.134804  
	1475	  189.453903	  70.284279	  157.710968  
	1480	  171.588776	  85.103195	  113.788765  
	1493	  249.061615	  216.894577	  263.006073  
	1494	  89.184135	  71.269524	  117.309593  
	1497	  161.754684	  46.682800	  198.288345  
	1499	  122.274475	  73.326668	  253.583237  
	1500	  103.875542	  244.958694	  219.403854  
	1506	  261.078003	  156.645096	  132.422058  
	1507	  181.353485	  183.101501	  191.482986  
	1524	  103.407715	  173.496017	  205.856293  
	1528	  219.952209	  125.283615	  86.858017  
	1535	  147.886673	  204.946838	  273.385010  
	1536	  164.502106	  167.060684	  408.253876  
	1537	  219.045746	  147.226913	  246.100479  
	1539	  223.935501	  214.347931	  483.691986  
	1540	  170.690079	  46.846981	  222.495071  
	1547	  86.978577	  153.772476	  308.737305  
	1549	  82.749954	  107.698196	  141.760803  
	1553	  42.825272	  164.636307	  404.133850  
	1554	  249.096283	  102.431602	  383.615204  
	1558	  273.606903	  110.737785	  70.398857  
	1574	  239.266022	  224.934433	  273.052490  
	1575	  84.304741	  61.794319	  121.801765  
	1577	  123.294846	  87.471794	  255.560547  
	1603	  191.465256	  61.518394	  181.200577  
	1608	  174.526230	  164.496841	  421.118988  
	1609	  215.766144	  159.602753	  252.404602  
	1610	  237.365036	  209.019241	  482.345795  
	1611	  161.259659	  56.401596	  214.791428  
	1612	  173.291443	  108.349930	  120.110199  
	1616	  87.221794	  142.246872	  302.445374  
	1618	  41.487175	  149.689041	  404.486145  
	1619	  262.527618	  97.221802	  390.107239  
	1622	  275.627472	  121.874779	  69.978203  
	1623	  61.518391	  96.336845	  124.113091  
	1635	  229.915070	  234.259476	  282.140778  
	1637	  128.049377	  102.586372	  258.355804  
	1640	  147.052231	  226.373627	  165.648148  
	1672	  127.984245	  163.763412	  147.467224  
	1676	  106.398659	  248.792709	  203.848785  
	1686	  183.008530	  162.744827	  434.300629  
	1687	  214.857895	  173.629044	  258.365051  
	1688	  250.822281	  202.531555	  479.825806  
	1689	  153.304138	  67.996994	  208.015594  
	1692	  86.721840	  126.389366	  295.249603  
	1694	  41.337086	  135.547272	  406.363831  
	1695	  276.438232	  93.284172	  395.005402  
	1698	  20.959639	  139.793503	  73.241272  
	1708	  107.845215	  134.120834	  -0.488869  
	1709	  140.097610	  229.632843	  173.519760  
	1745	  152.476852	  200.283051	  93.728958  
	1754	  191.120514	  162.272491	  447.006134  
	1755	  216.226379	  188.627014	  263.299225  
	1756	  264.392609	  197.808319	  477.540039  
	1757	  148.744995	  77.449432	  202.898560  
	1762	  30.389555	  91.507805	  398.500519  
	1764	  24.982344	  151.789749	  77.594040  
	1770	  211.410965	  256.549438	  299.328766  
	1771	  142.563446	  131.408096	  262.907349  
	1773	  121.179268	  134.647507	  -0.439741  
	1774	  130.228790	  236.464691	  183.603470  
	1798	  68.800026	  201.742737	  215.443939  
	1809	  231.812775	  200.753540	  204.714432  
	1812	  89.081696	  45.401550	  126.057053  
	1815	  74.970139	  76.958191	  128.675171  
	1818	  54.473137	  157.626511	  103.919868  
	1820	  219.898544	  203.451401	  267.062958  
	1821	  279.121887	  194.645874	  475.642639  
	1825	  43.304436	  92.312920	  400.940491  
	1830	  203.255249	  264.012573	  307.508942  
	1831	  150.028198	  143.748627	  264.493011  
	1837	  244.171967	  240.135895	  279.780365  
	1841	  149.880295	  227.344193	  245.831985  
	1854	  274.466919	  216.762390	  -0.103162  
	1871	  241.038223	  220.243683	  108.596001  
	1883	  225.664078	  215.796387	  270.520172  
	1884	  35.176132	  193.329025	  474.363647  
	1887	  52.851982	  95.123703	  402.513580  
	1889	  93.088219	  41.429310	  140.796875  
	1891	  158.044525	  160.601196	  266.955170  
	1895	  122.800407	  15.990066	  291.848877  
	1907	  276.396149	  84.918243	  86.248611  
	1908	  180.300873	  51.703735	  197.621475  
	1915	  210.238190	  76.778290	  176.145157  
	1917	  222.499954	  249.930389	  144.467072  
	1928	  246.192551	  119.500328	  226.952316  
	1934	  168.422470	  61.218418	  187.286438  
	1941	  29.780231	  165.719833	  85.330437  
	1947	  51.370831	  194.256836	  473.778442  
	1951	  165.776108	  174.882477	  268.979431  
	1954	  132.503113	  15.225317	  304.458130  
	1957	  131.500793	  232.682922	  0.132528  
	1960	  151.230621	  0.896665	  -0.132280  
	1962	  173.521072	  64.067436	  199.726456  
	1972	  208.308197	  140.819931	  226.997070  
	1995	  186.396790	  73.121582	  148.069016  
	1996	  98.683060	  223.106155	  139.058792  
	2004	  158.859497	  224.715820	  153.039505  
	2011	  66.945816	  198.024582	  473.208130  
	2013	  174.880768	  188.340790	  270.963165  
	2015	  112.064499	  246.872345	  -0.263300  
	2016	  140.654190	  15.129251	  318.032837  
	2019	  122.965439	  238.881332	  -0.133147  
	2023	  166.248611	  77.299278	  199.646973  
	2027	  40.073963	  171.094574	  -0.322337  
	2029	  194.461121	  145.824875	  230.141632  
	2049	  225.200439	  238.593445	  124.553520  
	2050	  167.558853	  231.242981	  153.992416  
	2058	  79.417168	  204.686615	  472.101837  
	2060	  183.165192	  201.967117	  271.582977  
	2061	  266.979553	  191.139145	  205.849701  
	2063	  146.993622	  16.157852	  332.732391  
	2072	  49.991978	  159.024429	  -0.363757  
	2085	  24.618000	  184.071136	  85.839142  
	2091	  177.771423	  240.259918	  154.541290  
	2094	  186.697647	  246.497025	  131.132202  
	2096	  169.942810	  36.305420	  17.812658  
	2097	  244.423569	  232.910828	  103.326294  
	2103	  86.482941	  212.341492	  470.706360  
	2105	  189.930450	  216.198120	  272.110779  
	2108	  150.733078	  18.366755	  347.599152  
	2115	  60.825821	  149.848862	  -0.392144  
	2128	  189.682968	  251.306259	  154.497223  
	2130	  198.131088	  261.039917	  129.865967  
	2132	  166.397385	  29.053482	  11.065121  
	2133	  117.699203	  21.353025	  101.650070  
	2148	  195.294342	  230.906082	  273.442474  
	2150	  151.630386	  21.289398	  360.713318  
	2154	  74.337395	  142.088394	  -0.413063  
	2158	  265.694550	  206.440582	  122.446693  
	2159	  202.494751	  261.470764	  154.207825  
	2161	  76.259552	  47.999195	  127.022377  
	2163	  159.867523	  15.854503	  2.906249  
	2164	  119.916077	  34.871792	  101.350624  
	2176	  118.761147	  227.451584	  464.005585  
	2178	  199.568878	  246.342300	  275.992004  
	2182	  87.129303	  137.553131	  -0.434435  
	2185	  261.398407	  206.507629	  135.695526  
	2186	  86.205818	  45.250313	  153.917053  
	2194	  229.579834	  145.488571	  166.445358  
	2196	  205.685242	  105.764557	  108.432137  
	2203	  130.366989	  230.175858	  460.949036  
	2205	  203.293167	  261.859772	  280.224518  
	2209	  100.269127	  52.323288	  153.769119  
	2215	  232.198135	  131.600983	  174.473618  
	2217	  206.634674	  116.376678	  119.960335  
	2218	  197.225266	  141.251938	  117.184998  
	2220	  86.435074	  257.048309	  -0.155329  
	2223	  186.125214	  94.831810	  97.776360  
	2226	  76.798470	  51.689289	  284.995941  
	2229	  113.422264	  56.931801	  155.239899  
	2234	  235.575470	  118.863007	  183.549881  
	2235	  208.774826	  125.253036	  130.866837  
	2236	  186.640869	  130.300858	  118.060204  
	2237	  99.547424	  253.390259	  -0.228927  
	2243	  201.061844	  88.711731	  95.134171  
	2252	  79.158035	  65.773491	  290.979706  
	2256	  237.746140	  107.342613	  193.887772  
	2258	  178.057602	  118.245529	  119.022552  
	2265	  274.642212	  200.830811	  99.834244  
	2273	  138.418243	  281.367218	  457.952667  
	2275	  80.915695	  79.473022	  298.587616  
	2278	  238.023575	  96.355324	  204.784958  
	2282	  179.977570	  116.883659	  103.239075  
	2284	  279.572052	  194.368881	  91.208641  
	2296	  268.401154	  71.773834	  457.162140  
	2298	  84.033958	  91.859917	  307.286652  
	2299	  236.209885	  85.439827	  215.448593  
	2301	  175.752609	  130.668167	  113.357277  
	2305	  227.192703	  219.355103	  124.972702  
	2316	  266.563568	  87.909149	  455.649445  
	2317	  89.146759	  101.206818	  314.795258  
	2318	  232.499222	  74.285675	  225.057175  
	2320	  172.119324	  141.699356	  121.412048  
	2333	  265.308258	  103.915039	  452.637695  
	2335	  228.459457	  61.491898	  233.351242  
	2340	  223.274155	  45.382267	  158.755249  
	2343	  150.893219	  132.794327	  37.717930  
	2349	  264.325958	  120.133514	  451.208069  
	2350	  222.353287	  49.553921	  237.988922  
	2352	  159.817764	  161.626877	  150.492325  
	2357	  138.717087	  131.055191	  52.816795  
	2361	  180.143051	  76.140884	  138.066116  
	2364	  261.845673	  136.066910	  450.354523  
	2365	  88.899048	  262.998444	  239.952118  
	2369	  127.416374	  128.828766	  65.142479  
	2374	  259.647827	  151.981308	  448.817505  
	2377	  120.753654	  126.845009	  72.501556  
	2378	  238.620209	  220.332489	  6.328806  
	2383	  258.867371	  167.438293	  448.363647  
	2390	  259.276703	  182.334869	  449.153595  
	2391	  260.187164	  215.672623	  -0.020639  
	2393	  260.850098	  197.931259	  451.338043  
	2396	  263.954834	  213.594864	  454.403381  
	2398	  266.609772	  229.467239	  456.179474  
	2400	  137.779343	  20.786013	  458.190796  
	2402	  137.630768	  37.243423	  459.105988  
	2404	  138.663483	  53.483784	  458.877045  
	2406	  141.262024	  69.187248	  458.535431  
	2407	  144.727905	  84.649910	  456.874603  
	2408	  146.876266	  100.024132	  454.307251  
	2409	  147.801056	  115.752029	  452.640625  
	2410	  150.271606	  131.307190	  453.012207  
	2417	  155.890259	  198.865143	  456.055725  
	2418	  149.034470	  211.280502	  455.540344  
	2419	  141.983887	  220.687408	  457.299438  
	2428	  210.521591	  218.547806	  483.927124  
	2429	  199.726883	  204.143082	  479.381653  
	2430	  189.601669	  193.617325	  473.832550  
	2431	  178.431122	  186.136688	  467.359131  
	2432	  168.089523	  182.875229	  461.603882  
	2435	  170.093170	  209.371674	  61.133369  
	2437	  183.692734	  212.737930	  56.719082  
	2438	  211.398514	  237.792328	  38.004208  
	2439	  201.816452	  221.830536	  49.656937  
	2440	  218.173325	  231.938980	  27.942783  
	2441	  208.865326	  227.854507	  45.618778  
	2442	  216.552231	  238.139862	  39.027287  
	2443	  234.457413	  51.059704	  111.178841  
	2444	  222.572510	  250.623062	  31.188343  
	2445	  244.116226	  60.757458	  112.248802  
	2446	  96.481628	  38.972992	  23.749886  
	2447	  257.033600	  70.474945	  114.794113  
	2449	  98.398735	  53.052105	  17.795782  
	2450	  268.448700	  79.990074	  118.384995  
	2451	  98.878441	  68.497360	  13.828164  
	2452	  278.226440	  90.993294	  122.725708  
	2454	  98.355743	  83.895294	  12.399014  
	2456	  97.340157	  99.579544	  13.034544  
	2458	  96.278725	  115.877815	  14.981857  
	2460	  95.580185	  132.185532	  17.220116  
	2462	  54.519135	  220.330292	  116.534599  
	2463	  95.363243	  148.154495	  19.046869  
	2467	  95.398933	  164.359512	  20.336855  
	2471	  95.177040	  180.795013	  21.167187  
	2474	  167.718750	  223.556396	  130.079910  
	2475	  94.230507	  196.484711	  21.641769  
	2477	  178.033920	  236.557404	  130.858490  
	2478	  92.581871	  212.078384	  21.821045  
	2481	  91.031746	  228.028778	  21.669291  
	2485	  91.071144	  243.175766	  21.387321  
	2488	  109.666840	  248.399796	  240.987488  
	2492	  217.824951	  54.188099	  22.256521  
	2494	  91.643951	  223.804367	  468.095917  
	2495	  206.939529	  82.956306	  23.469536  
	2496	  83.093925	  229.138046	  465.860840  
	2498	  202.016434	  97.619293	  23.933901  
	2500	  180.229385	  219.244522	  140.421021  
	2501	  196.871811	  112.454491	  24.624826  
	2502	  59.092987	  239.503036	  455.281952  
	2503	  193.765045	  221.838516	  142.928085  
	2504	  191.749710	  127.547356	  25.812223  
	2505	  176.020935	  18.246342	  447.059052  
	2509	  187.433121	  142.827332	  27.516535  
	2510	  163.627014	  20.467867	  436.983154  
	2511	  213.295425	  234.579224	  145.398544  
	2514	  184.316528	  158.823898	  29.479620  
	2515	  151.371246	  20.972300	  426.630188  
	2517	  126.813866	  237.403152	  134.864853  
	2519	  182.742386	  174.958603	  31.135241  
	2520	  141.402039	  20.402575	  414.764404  
	2522	  120.634727	  245.776596	  123.678284  
	2523	  182.740128	  190.936172	  32.118855  
	2526	  184.055527	  206.739899	  32.366146  
	2528	  106.834976	  265.866913	  97.708549  
	2529	  186.084732	  222.700012	  32.054241  
	2531	  229.971985	  51.721565	  96.735779  
	2532	  134.883133	  194.492432	  88.414665  
	2533	  187.911179	  238.417648	  31.565172  
	2536	  121.082848	  187.723282	  86.208244  
	2539	  189.094666	  254.386459	  31.177532  
	2541	  107.235497	  179.007248	  86.474236  
	2546	  93.597168	  171.380356	  88.705406  
	2549	  60.780209	  62.179550	  30.328724  
	2551	  79.408798	  165.109268	  92.679237  
	2553	  102.393867	  220.427185	  177.828094  
	2556	  65.191101	  160.423386	  98.143181  
	2557	  100.972176	  214.557526	  193.627274  
	2559	  63.157246	  94.729889	  28.914967  
	2562	  126.828094	  222.382065	  154.754700  
	2563	  63.930954	  111.106544	  28.607098  
	2565	  163.884033	  181.218948	  111.796844  
	2566	  125.448120	  212.429382	  165.526810  
	2567	  63.689777	  126.928185	  28.862911  
	2570	  122.254074	  201.434555	  176.977188  
	2572	  62.144005	  142.882492	  29.269384  
	2574	  166.379395	  158.590225	  131.947922  
	2575	  119.003799	  193.213211	  188.944122  
	2576	  84.021393	  248.357391	  105.485504  
	2577	  111.530403	  253.532806	  99.395226  
	2579	  116.055504	  186.952530	  202.422928  
	2582	  56.805470	  174.105591	  28.851835  
	2583	  112.361816	  182.398209	  216.984512  
	2585	  112.454506	  230.642609	  70.871704  
	2586	  54.120792	  188.790604	  26.435747  
	2587	  106.304787	  177.975693	  229.549179  
	2589	  116.604477	  220.768387	  56.646034  
	2590	  52.130562	  204.022858	  21.848768  
	2591	  97.502907	  173.977631	  239.437393  
	2593	  121.645866	  210.179504	  43.445499  
	2595	  51.821568	  218.608017	  16.336033  
	2596	  86.279137	  171.146347	  246.157318  
	2598	  127.505531	  198.300827	  30.260864  
	2600	  52.896069	  233.648941	  10.939539  
	2601	  72.973351	  169.771378	  249.648926  
	2603	  132.659149	  185.912781	  18.676079  
	2604	  101.094612	  227.902130	  166.560211  
	2605	  224.360229	  43.209354	  21.312725  
	2607	  183.888870	  24.168362	  7.570371  
	2608	  57.601955	  169.555328	  249.819473  
	2610	  136.391022	  172.555084	  9.143534  
	2611	  112.055489	  271.413391	  21.369526  
	2612	  207.935349	  49.811733	  188.059662  
	2613	  102.567619	  239.336868	  100.282974  
	2614	  41.751793	  169.738022	  246.840286  
	2615	  139.068924	  150.051773	  0.222431  
	2616	  127.305641	  273.677124	  23.961592  
	2617	  200.269760	  56.899273	  184.824188  
	2618	  107.203377	  232.445679	  106.282951  
	2620	  26.237282	  170.388138	  241.593460  
	2622	  142.998474	  274.682617	  27.914660  
	2623	  116.475868	  223.310989	  116.347549  
	2626	  159.297943	  274.836670	  32.202370  
	2627	  124.797287	  216.850922	  127.521843  
	2629	  73.616356	  250.721527	  99.570534  
	2630	  175.162766	  275.460968	  35.291882  
	2631	  131.211395	  211.456161	  140.750427  
	2635	  59.811337	  52.651520	  36.040592  
	2636	  135.445267	  206.289719	  155.950378  
	2638	  176.299393	  28.714994	  81.314743  
	2639	  96.960739	  266.331512	  204.877380  
	2640	  73.522018	  56.932091	  34.166096  
	2641	  137.775681	  200.197083	  171.002380  
	2643	  161.333923	  30.101616	  72.560158  
	2644	  238.162155	  50.986309	  197.753708  
	2645	  87.081169	  63.772511	  29.504887  
	2646	  140.510361	  192.447769	  185.239197  
	2648	  146.407272	  30.653606	  65.423424  
	2649	  248.721420	  59.708603	  188.690201  
	2650	  99.324196	  72.767982	  22.836327  
	2651	  144.409164	  183.650681	  198.525879  
	2653	  131.240494	  31.560877	  59.821953  
	2654	  257.600708	  67.174889	  177.758636  
	2655	  109.688637	  83.608315	  15.258960  
	2656	  149.859818	  176.208511	  211.995651  
	2657	  116.983284	  34.562435	  56.716831  
	2658	  265.121460	  73.010757	  165.052948  
	2659	  118.102356	  96.157715	  7.406809  
	2661	  103.159492	  40.330513	  56.602543  
	2662	  272.066772	  76.998497	  151.124374  
	2663	  124.783203	  110.254929	  0.293990  
	2664	  164.949921	  163.564255	  238.074295  
	2665	  90.615082	  48.342972	  59.812878  
	2666	  130.010834	  124.568535	  -0.142191  
	2667	  174.861984	  158.217514	  249.252151  
	2668	  79.655167	  58.118195	  66.287048  
	2670	  134.753693	  139.102814	  -0.541921  
	2671	  186.848236	  154.511002	  258.964325  
	2672	  71.673088	  68.170601	  75.300171  
	2674	  199.862411	  153.500793	  268.446503  
	2675	  66.005508	  78.917931	  86.633423  
	2677	  212.446762	  155.257034	  278.487732  
	2678	  62.138241	  89.736748	  99.228806  
	2680	  224.394547	  159.427994	  289.318634  
	2681	  60.425465	  96.419556	  111.822472  
	2683	  106.585770	  239.255325	  187.075485  
	2685	  101.693016	  241.966904	  149.203171  
	2686	  112.824547	  245.030869	  135.495712  
	2687	  238.462051	  51.878895	  239.393204  
	2688	  118.627213	  266.660522	  247.730499  
	2689	  79.011673	  44.249428	  307.795502  
	2690	  73.507294	  58.817123	  313.556885  
	2691	  72.172607	  75.138229	  316.458496  
   2  total number of boundary nodes
node bctyp press/flow   HD    PO2
	1	  0	  100.000000	  0.400000	  100.000000
	14	  0	  20.000000	  0.400000	  18.000000

