315559 200 10.000020 Current network file generated by angioadapt
  300.000000  300.000000  500.000000	box dimensions in microns
  15    15    25 	number of tissue points in x,y,z directions
  0.000000			outer bound distance (100. in test case)
  75.000000				max. segment length.  (5. in test case)
   40				nodsegm, max. number of segments per node
  942				total number of segments 
  name type from  to  diam       flow
	1	  4	  1	  2	  7.000000	  60.660378	  0.400000  
	2	  3	  2	  3	  9.908828	  60.660378	  0.400000  
	4	  5	  288	  45	  10.203956	  30.240665	  0.547923  
	6	  5	  161	  7	  9.523486	  12.087894	  0.555499  
	8	  5	  8	  27	  9.264611	  7.138937	  0.555073  
	9	  5	  9	  541	  8.133287	  2.141818	  0.622189  
	10	  5	  10	  71	  8.518447	  2.154085	  0.599752  
	12	  5	  3	  13	  4.086560	  5.199606	  0.061391  
	13	  5	  13	  227	  4.722564	  5.199606	  0.061391  
	14	  4	  14	  15	  16.000000	  -60.660378	  0.400000  
	15	  3	  15	  16	  12.325611	  -60.660378	  0.400000  
	16	  5	  16	  17	  12.338652	  -55.460770	  0.431746  
	17	  5	  17	  101	  12.407951	  -55.460770	  0.431746  
	22	  5	  273	  946	  4.562725	  0.254885	  0.461990  
	23	  5	  2045	  1680	  6.673586	  -0.648117	  0.555680  
	24	  5	  24	  74	  5.698147	  -0.233259	  0.509233  
	26	  5	  27	  106	  8.776385	  4.374880	  0.566901  
	27	  5	  77	  633	  11.462718	  -36.552540	  0.468817  
	32	  5	  27	  163	  6.756392	  2.764057	  0.536351  
	37	  5	  2045	  1330	  5.456347	  -0.310807	  0.731465  
	38	  5	  3	  336	  10.174632	  49.536285	  0.467147  
	39	  5	  1077	  8	  9.091697	  7.138937	  0.555073  
	46	  5	  77	  47	  7.916256	  -13.129307	  0.297270  
	47	  5	  19	  48	  6.358932	  -3.434437	  0.452943  
	48	  5	  36	  49	  4.895118	  -0.807374	  0.248880  
	49	  5	  29	  50	  4.151763	  -0.423238	  0.359783  
	51	  5	  3	  69	  4.711769	  5.924483	  0.135747  
	52	  5	  1077	  658	  6.862237	  2.556137	  0.553707  
	55	  5	  36	  229	  5.442120	  -0.855234	  0.491209  
	57	  5	  45	  161	  9.416904	  16.330460	  0.517434  
	58	  5	  29	  273	  4.878697	  -0.239433	  0.653478  
	61	  5	  45	  62	  6.743237	  6.486337	  0.587195  
	63	  5	  47	  64	  6.786663	  -9.250152	  0.260419  
	64	  5	  48	  65	  6.381918	  -3.434437	  0.452943  
	65	  5	  49	  442	  4.973684	  -0.807374	  0.248880  
	66	  5	  50	  67	  4.091132	  -0.423238	  0.359783  
	67	  5	  1330	  1958	  4.918301	  -0.203256	  0.748223  
	72	  5	  36	  94	  6.364020	  -1.392758	  0.502199  
	79	  5	  7	  1077	  9.729249	  12.087894	  0.555499  
	80	  5	  101	  77	  12.048443	  -53.071751	  0.417489  
	81	  5	  55	  179	  8.001369	  -8.364374	  0.425041  
	83	  5	  62	  108	  7.188840	  6.486337	  0.587195  
	84	  5	  720	  84	  3.792570	  -0.148121	  0.366060  
	85	  5	  64	  85	  6.770809	  -9.250152	  0.260419  
	86	  5	  65	  86	  6.397006	  -3.434437	  0.452943  
	87	  5	  442	  1086	  4.568789	  -0.598152	  0.215565  
	88	  5	  67	  88	  3.492507	  0.188762	  0.142273  
	90	  5	  69	  429	  5.087418	  5.924483	  0.135747  
	91	  5	  658	  91	  5.859090	  1.180892	  0.484695  
	95	  5	  74	  1969	  6.166481	  -0.233259	  0.509233  
	97	  5	  1705	  97	  3.934429	  0.077316	  0.150260  
	98	  5	  77	  98	  5.791558	  -3.389903	  0.329647  
	99	  5	  658	  136	  5.014249	  0.676578	  0.581363  
	109	  5	  84	  947	  5.877409	  -0.744689	  0.654441  
	110	  5	  85	  110	  5.399052	  -5.604497	  0.167386  
	111	  5	  86	  111	  4.990187	  -1.431136	  0.620298  
	116	  5	  91	  626	  6.062098	  1.180892	  0.484695  
	119	  5	  94	  292	  6.481396	  -1.392758	  0.502199  
	120	  5	  1969	  120	  4.834212	  -0.107309	  0.605280  
	121	  5	  273	  1352	  6.640122	  -0.812171	  0.664468  
	123	  5	  98	  123	  5.795806	  -3.389903	  0.329647  
	124	  5	  136	  124	  4.578035	  0.509924	  0.660874  
	127	  5	  101	  126	  6.754322	  -2.389019	  0.748455  
	133	  5	  106	  163	  4.813371	  0.415720	  0.161144  
	140	  5	  138	  55	  10.555341	  -22.561077	  0.469004  
	143	  5	  108	  180	  4.471018	  1.413334	  0.357716  
	144	  5	  947	  142	  8.404931	  -2.096136	  0.676497  
	145	  5	  110	  143	  5.343016	  -5.604497	  0.167386  
	146	  5	  111	  290	  4.818282	  -1.431136	  0.620298  
	147	  5	  1086	  145	  3.180259	  -0.209960	  0.010088  
	148	  5	  729	  1188	  3.436038	  -0.199308	  0.080068  
	153	  5	  223	  607	  5.011995	  -1.860656	  0.255112  
	155	  5	  120	  192	  4.882744	  -0.107309	  0.605280  
	157	  5	  97	  155	  3.558245	  -0.040877	  0.137639  
	158	  5	  123	  933	  4.755906	  -0.823534	  0.587229  
	159	  5	  124	  157	  4.723744	  0.509924	  0.660874  
	160	  5	  126	  158	  6.668466	  -2.389019	  0.748455  
	161	  5	  127	  159	  5.756341	  -0.844202	  0.598418  
	164	  5	  130	  162	  9.018877	  3.557292	  0.546182  
	166	  5	  163	  164	  3.872977	  0.368956	  0.085559  
	169	  5	  55	  127	  9.413125	  -14.196702	  0.494906  
	170	  5	  136	  168	  3.635754	  0.166654	  0.338080  
	171	  5	  45	  513	  7.579070	  7.423869	  0.580676  
	172	  5	  138	  19	  10.212846	  22.561077	  0.469004  
	173	  5	  633	  209	  8.068232	  -8.601460	  0.438749  
	176	  5	  84	  173	  5.196517	  0.425199	  0.777995  
	180	  5	  97	  2126	  4.848971	  0.118193	  0.145895  
	181	  5	  336	  288	  10.011540	  34.773968	  0.508914  
	182	  5	  179	  1212	  7.578080	  -5.485915	  0.426954  
	184	  5	  142	  1611	  8.912406	  -3.310235	  0.663000  
	185	  5	  143	  182	  5.294116	  -5.604497	  0.167386  
	186	  5	  290	  183	  5.999876	  -2.772024	  0.569989  
	187	  5	  145	  184	  3.097629	  -0.209960	  0.010088  
	188	  5	  1188	  1794	  3.534877	  0.149915	  0.202511  
	190	  5	  429	  187	  4.195618	  1.678721	  0.025639  
	191	  5	  626	  188	  4.250310	  0.345375	  0.321059  
	194	  5	  292	  534	  5.904611	  -0.606790	  0.509291  
	197	  5	  155	  1347	  5.680523	  -0.198229	  0.498787  
	199	  5	  157	  196	  4.813378	  0.509924	  0.660874  
	200	  5	  158	  197	  6.559999	  -2.389019	  0.748455  
	201	  5	  159	  198	  5.827840	  -0.844202	  0.598418  
	203	  5	  161	  827	  6.354246	  4.242565	  0.408979  
	204	  5	  162	  628	  8.839750	  3.557292	  0.546182  
	205	  5	  163	  254	  7.993614	  2.810821	  0.540030  
	206	  5	  164	  173	  4.066054	  0.368956	  0.085559  
	208	  5	  442	  257	  3.788669	  -0.209222	  0.344123  
	209	  5	  127	  351	  4.062850	  -0.656692	  0.109677  
	210	  5	  168	  207	  3.879470	  0.166654	  0.338080  
	211	  5	  513	  208	  4.054747	  1.547997	  0.424181  
	213	  5	  273	  210	  5.298048	  0.358239	  0.752433  
	215	  5	  173	  212	  5.118001	  0.387807	  0.413845  
	222	  5	  179	  219	  5.650287	  -2.878460	  0.421396  
	223	  5	  86	  339	  5.713968	  -2.003300	  0.333386  
	229	  5	  130	  226	  5.889561	  -0.718365	  0.577603  
	230	  5	  227	  16	  4.980589	  5.199606	  0.061391  
	232	  5	  229	  29	  5.671713	  -0.951490	  0.438053  
	236	  5	  1611	  301	  4.699170	  1.451117	  0.646008  
	237	  5	  182	  507	  5.250339	  -5.604497	  0.167386  
	238	  5	  183	  235	  5.862461	  -2.772024	  0.569989  
	243	  5	  188	  184	  5.883709	  1.702276	  0.353609  
	244	  5	  2183	  241	  4.495973	  -0.316273	  0.226637  
	246	  5	  534	  1474	  6.087929	  -0.606790	  0.509291  
	247	  5	  192	  1218	  4.925667	  -0.107309	  0.605280  
	248	  5	  1352	  312	  5.650741	  -0.688805	  0.744356  
	251	  5	  196	  248	  4.883756	  0.509924	  0.660874  
	252	  5	  197	  249	  6.445961	  -2.389019	  0.748455  
	253	  5	  198	  317	  5.921512	  -0.844202	  0.598418  
	256	  5	  628	  253	  9.343352	  6.555643	  0.505965  
	258	  5	  173	  255	  4.565994	  0.406348	  0.496811  
	261	  5	  351	  1049	  4.645747	  -1.114520	  0.468462  
	262	  5	  207	  259	  4.034184	  0.166654	  0.338080  
	263	  5	  208	  623	  4.459273	  1.547997	  0.424181  
	264	  5	  209	  727	  7.470635	  -4.395338	  0.535844  
	265	  5	  210	  1066	  5.263496	  0.358239	  0.752433  
	267	  5	  212	  264	  4.936486	  0.304709	  0.484165  
	269	  5	  628	  266	  5.054322	  -0.785430	  0.386063  
	270	  5	  108	  448	  6.024475	  3.614665	  0.695741  
	271	  5	  2126	  268	  4.444563	  0.074521	  0.174805  
	273	  5	  47	  477	  6.865928	  -3.879155	  0.385142  
	274	  5	  219	  271	  5.641034	  -2.878460	  0.421396  
	278	  5	  223	  209	  6.084641	  4.206123	  0.337285  
	281	  5	  226	  278	  5.962875	  -0.718365	  0.577603  
	286	  5	  229	  283	  4.683114	  -0.444666	  0.444003  
	292	  5	  2045	  289	  4.875514	  -0.337201	  0.366316  
	300	  5	  71	  1814	  6.619226	  0.658614	  0.384228  
	302	  5	  2045	  449	  7.813257	  1.382562	  0.562846  
	305	  5	  507	  302	  4.383729	  -1.358736	  0.130213  
	306	  5	  235	  303	  5.724904	  -2.772024	  0.569989  
	310	  5	  187	  306	  4.436737	  1.678721	  0.025639  
	314	  5	  1474	  936	  4.748249	  -0.249131	  0.459053  
	318	  5	  607	  827	  3.644446	  -1.343303	  0.198009  
	319	  5	  248	  489	  4.939147	  0.509924	  0.660874  
	320	  5	  249	  316	  6.328665	  -2.389019	  0.748455  
	324	  5	  253	  320	  9.458720	  7.096565	  0.494755  
	325	  5	  254	  321	  7.860342	  2.210380	  0.587017  
	326	  5	  255	  322	  4.664074	  0.406348	  0.496811  
	328	  5	  257	  538	  4.816654	  -0.538296	  0.486460  
	330	  5	  259	  326	  4.126001	  0.166654	  0.338080  
	333	  5	  1066	  950	  7.356724	  1.366017	  0.572491  
	334	  5	  263	  330	  4.437640	  -0.102470	  0.666910  
	337	  5	  266	  333	  5.110705	  -0.785430	  0.386063  
	339	  5	  268	  1552	  4.476844	  0.074521	  0.174805  
	341	  5	  477	  337	  6.673154	  -3.204721	  0.385591  
	342	  5	  271	  301	  5.630733	  -2.878460	  0.421396  
	344	  5	  273	  340	  3.452655	  -0.040386	  0.101717  
	350	  5	  24	  953	  4.188761	  -0.050917	  0.533349  
	351	  5	  1705	  346	  4.172183	  0.095288	  0.412142  
	352	  5	  29	  347	  4.342113	  -0.288820	  0.374163  
	353	  5	  283	  348	  4.664255	  -0.444666	  0.444003  
	354	  5	  85	  349	  5.969185	  -2.772092	  0.386889  
	358	  5	  288	  352	  5.120181	  4.533302	  0.248696  
	359	  5	  289	  353	  4.967108	  -0.337201	  0.366316  
	360	  5	  290	  354	  5.559471	  1.340887	  0.516295  
	361	  5	  729	  355	  4.652246	  0.375620	  0.221954  
	362	  5	  292	  427	  3.746367	  -0.280501	  0.103874  
	378	  5	  370	  1705	  5.937090	  0.276827	  0.373863  
	381	  5	  302	  452	  4.337357	  -1.358736	  0.130213  
	382	  5	  303	  546	  5.294953	  2.391868	  0.553339  
	383	  5	  1082	  375	  3.711479	  -0.070515	  0.185479  
	385	  5	  306	  377	  4.511382	  1.678721	  0.025639  
	391	  5	  312	  383	  4.615118	  0.176846	  0.599979  
	393	  5	  827	  385	  3.305048	  0.469648	  0.170170  
	394	  5	  489	  386	  4.213106	  -0.663625	  0.099613  
	395	  5	  316	  387	  6.213259	  -2.389019	  0.748455  
	396	  5	  317	  1215	  5.998590	  -0.844202	  0.598418  
	398	  5	  827	  390	  6.400225	  2.429615	  0.571784  
	399	  5	  320	  391	  9.349126	  7.096565	  0.494755  
	401	  5	  322	  393	  4.705246	  0.406348	  0.496811  
	405	  5	  326	  397	  4.178144	  0.166654	  0.338080  
	406	  5	  623	  398	  3.949644	  0.674434	  0.383009  
	408	  5	  950	  629	  6.998338	  -1.082980	  0.608249  
	411	  5	  332	  403	  5.263415	  -0.350902	  0.730751  
	412	  5	  333	  404	  3.978563	  -0.109089	  0.442062  
	415	  5	  336	  407	  8.128496	  14.762320	  0.368760  
	416	  5	  337	  408	  6.732183	  -3.204721	  0.385591  
	417	  5	  301	  409	  3.357139	  -0.186744	  0.028479  
	418	  5	  339	  489	  5.121425	  -1.173549	  0.343489  
	419	  5	  340	  1070	  3.392527	  -0.040386	  0.101717  
	423	  5	  278	  1977	  5.274017	  -0.348817	  0.528082  
	424	  5	  953	  263	  4.215406	  -0.050917	  0.533349  
	425	  5	  346	  417	  4.253045	  0.095288	  0.412142  
	426	  5	  347	  1216	  4.234523	  -0.288820	  0.374163  
	427	  5	  348	  419	  4.625125	  -0.444666	  0.444003  
	431	  5	  352	  423	  5.379428	  4.533302	  0.248696  
	432	  5	  353	  893	  4.911056	  -0.307899	  0.297062  
	433	  5	  354	  425	  5.687273	  1.340887	  0.516295  
	434	  5	  355	  426	  4.643916	  0.375620	  0.221954  
	436	  5	  1352	  88	  3.851618	  -0.188762	  0.142273  
	440	  5	  71	  1817	  4.746033	  0.402822	  0.447216  
	443	  5	  108	  434	  3.972395	  0.570823	  0.451951  
	445	  5	  108	  436	  4.292771	  0.887515	  0.597528  
	446	  5	  339	  515	  4.946063	  -0.829751	  0.319099  
	447	  5	  2045	  438	  4.278827	  -0.086438	  0.776945  
	450	  5	  180	  678	  3.630098	  -0.871204	  0.026254  
	459	  5	  449	  130	  8.589664	  2.838928	  0.538231  
	460	  5	  678	  450	  4.535903	  1.546446	  0.223539  
	464	  5	  375	  1930	  3.625477	  -0.070515	  0.185479  
	466	  5	  377	  456	  4.561920	  1.678721	  0.025639  
	472	  5	  383	  462	  4.829282	  0.176846	  0.599979  
	474	  5	  385	  464	  3.531463	  0.469648	  0.170170  
	475	  5	  386	  465	  4.178625	  -0.663625	  0.099613  
	476	  5	  387	  466	  6.086498	  -2.389019	  0.748455  
	477	  5	  1215	  560	  5.638996	  -0.458958	  0.582833  
	478	  5	  389	  468	  4.169517	  -0.150643	  0.307008  
	479	  5	  390	  469	  6.687530	  2.429615	  0.571784  
	480	  5	  391	  127	  9.220703	  7.096565	  0.494755  
	482	  5	  393	  472	  4.725844	  0.406348	  0.496811  
	484	  5	  538	  474	  4.526778	  0.388907	  0.649879  
	485	  5	  396	  589	  4.133677	  -0.626449	  0.069243  
	486	  5	  397	  476	  4.203971	  0.166654	  0.338080  
	487	  5	  398	  477	  4.102239	  0.674434	  0.383009  
	489	  5	  629	  479	  5.448000	  -0.485720	  0.805779  
	493	  5	  404	  403	  3.917200	  -0.109089	  0.442062  
	496	  5	  407	  486	  8.321549	  14.762320	  0.368760  
	497	  5	  408	  487	  6.773645	  -3.204721	  0.385591  
	498	  5	  409	  1205	  3.284245	  -0.186744	  0.028479  
	504	  5	  1977	  494	  3.709521	  -0.085867	  0.340228  
	505	  5	  263	  495	  4.727445	  -0.065126	  0.731827  
	506	  5	  417	  1218	  4.301562	  0.095288	  0.412142  
	508	  5	  419	  587	  4.519877	  -0.444666	  0.444003  
	510	  5	  1268	  499	  4.569303	  -0.051503	  0.561043  
	511	  5	  351	  500	  5.633427	  -1.750941	  0.256608  
	512	  5	  423	  501	  5.594709	  4.533302	  0.248696  
	514	  5	  425	  503	  5.782016	  1.340887	  0.516295  
	515	  5	  426	  1221	  4.612358	  0.375620	  0.221954  
	516	  5	  427	  505	  5.527441	  -1.543417	  0.436683  
	518	  5	  429	  507	  3.996315	  4.245761	  0.179282  
	519	  5	  71	  1790	  4.538284	  0.266639	  0.601386  
	523	  5	  434	  512	  4.254784	  0.570823	  0.451951  
	525	  5	  436	  514	  4.600930	  0.887515	  0.597528  
	527	  5	  438	  1443	  4.245361	  -0.086438	  0.776945  
	528	  5	  370	  517	  4.051078	  0.068278	  0.329995  
	529	  5	  67	  605	  4.849506	  -0.612000	  0.292695  
	530	  5	  678	  519	  4.390150	  2.115652	  0.358685  
	551	  5	  321	  538	  6.608546	  1.539534	  0.638123  
	555	  5	  541	  10	  8.305635	  2.154085	  0.599752  
	556	  5	  1212	  36	  7.012017	  -3.055367	  0.432184  
	557	  5	  450	  543	  4.724729	  1.546446	  0.223539  
	558	  5	  301	  544	  4.352840	  -1.240599	  0.217813  
	559	  5	  452	  1236	  4.196893	  -1.358736	  0.130213  
	562	  5	  455	  959	  4.091783	  -0.084399	  0.184616  
	563	  5	  456	  549	  4.607493	  1.678721	  0.025639  
	564	  5	  457	  550	  4.471756	  0.375043	  0.550838  
	569	  5	  462	  555	  4.947681	  0.176846	  0.599979  
	570	  5	  463	  790	  3.543519	  0.101788	  0.331536  
	571	  5	  464	  943	  3.685374	  0.469648	  0.170170  
	572	  5	  465	  960	  4.101289	  -0.663625	  0.099613  
	575	  5	  468	  561	  4.098863	  -0.150643	  0.307008  
	576	  5	  469	  562	  6.792005	  2.429615	  0.571784  
	577	  5	  127	  563	  5.482990	  -0.383061	  0.731149  
	578	  5	  1216	  564	  3.874307	  0.115229	  0.362411  
	579	  5	  472	  565	  4.729411	  0.406348	  0.496811  
	581	  5	  474	  1921	  4.715059	  0.388907	  0.649879  
	583	  5	  476	  1400	  4.211612	  0.166654	  0.338080  
	586	  5	  479	  571	  5.456587	  -0.485720	  0.805779  
	588	  5	  481	  71	  5.291549	  -0.225992	  0.657190  
	593	  5	  486	  577	  8.484275	  14.762320	  0.368760  
	594	  5	  487	  578	  6.812957	  -3.204721	  0.385591  
	597	  5	  1070	  580	  4.548979	  -0.148373	  0.467452  
	601	  5	  494	  257	  3.478669	  -0.085867	  0.340228  
	606	  5	  499	  1195	  4.442822	  -0.051503	  0.561043  
	607	  5	  500	  589	  5.691077	  -1.750941	  0.256608  
	608	  5	  501	  590	  5.769221	  4.533302	  0.248696  
	610	  5	  503	  609	  5.931438	  1.340887	  0.516295  
	611	  5	  1221	  593	  4.748187	  -0.766949	  0.274710  
	612	  5	  505	  594	  5.494840	  -1.543417	  0.436683  
	615	  5	  1790	  982	  4.725339	  0.266639	  0.601386  
	617	  5	  1077	  597	  6.454787	  2.392820	  0.558687  
	618	  5	  846	  2194	  4.791205	  0.318088	  0.421660  
	619	  5	  512	  599	  4.369629	  0.570823	  0.451951  
	620	  5	  513	  600	  8.183143	  5.875871	  0.621904  
	621	  5	  514	  601	  4.835172	  1.071388	  0.423413  
	622	  5	  515	  602	  4.950858	  -0.829751	  0.319099  
	626	  5	  519	  606	  4.551050	  2.115652	  0.358685  
	629	  5	  933	  609	  4.887108	  -0.823534	  0.587229  
	632	  5	  448	  612	  5.981251	  2.389019	  0.748455  
	634	  5	  223	  614	  6.553337	  -2.345466	  0.402473  
	640	  5	  257	  1830	  4.112823	  0.243206	  0.660537  
	643	  5	  449	  620	  5.415908	  -0.407997	  0.590591  
	644	  5	  241	  621	  4.593818	  -0.316273	  0.226637  
	646	  5	  85	  623	  4.266631	  -0.873563	  0.455968  
	648	  5	  541	  624	  6.874317	  1.262639	  0.683327  
	650	  5	  1212	  625	  4.774529	  -0.221780	  0.551723  
	656	  5	  278	  630	  5.555638	  -0.369547	  0.624346  
	658	  5	  481	  718	  5.599070	  0.225992	  0.657190  
	659	  5	  633	  19	  10.701338	  -25.995514	  0.466882  
	660	  5	  543	  634	  4.782323	  1.546446	  0.223539  
	661	  5	  544	  635	  4.252031	  -1.240599	  0.217813  
	663	  5	  546	  637	  3.658556	  0.436300	  0.224126  
	664	  5	  1930	  638	  3.368713	  0.048755	  0.351057  
	666	  5	  549	  640	  4.645971	  1.678721	  0.025639  
	667	  5	  550	  1198	  4.545148	  0.375043	  0.550838  
	672	  5	  555	  646	  5.029475	  0.176846	  0.599979  
	675	  5	  960	  649	  5.325979	  1.620913	  0.285234  
	677	  5	  560	  651	  4.941648	  -0.219699	  0.584355  
	678	  5	  561	  652	  3.989371	  -0.150643	  0.307008  
	679	  5	  562	  605	  6.891042	  2.429615	  0.571784  
	680	  5	  563	  654	  5.526006	  -0.383061	  0.731149  
	681	  5	  564	  655	  4.077908	  0.115229	  0.362411  
	682	  5	  565	  449	  4.721059	  0.406348	  0.496811  
	685	  5	  589	  658	  4.563434	  -0.698668	  0.643568  
	686	  5	  1400	  659	  4.921999	  0.314775	  0.351246  
	688	  5	  571	  661	  5.459647	  -0.485720	  0.805779  
	694	  5	  577	  667	  8.617641	  14.762320	  0.368760  
	695	  5	  578	  668	  6.849454	  -3.204721	  0.385591  
	696	  5	  1205	  669	  4.325951	  -0.707872	  0.239353  
	703	  5	  1216	  321	  5.353176	  -0.670846	  0.469732  
	704	  5	  587	  822	  4.344070	  -0.444666	  0.444003  
	705	  5	  1195	  676	  3.176834	  0.016323	  0.250534  
	707	  5	  590	  678	  5.901049	  4.533302	  0.248696  
	710	  5	  593	  1205	  4.739839	  -0.766949	  0.274710  
	711	  5	  594	  682	  5.447073	  -1.543417	  0.436683  
	714	  5	  597	  685	  6.729161	  2.392820	  0.558687  
	716	  5	  599	  687	  4.454556	  0.570823	  0.451951  
	717	  5	  600	  688	  8.380170	  5.875871	  0.621904  
	718	  5	  601	  689	  4.881966	  1.071388	  0.423413  
	719	  5	  602	  789	  4.936936	  -0.829751	  0.319099  
	723	  5	  606	  694	  4.651078	  2.115652	  0.358685  
	725	  5	  1284	  893	  4.049007	  0.110608	  0.341417  
	729	  5	  612	  699	  6.152107	  2.389019	  0.748455  
	731	  5	  614	  743	  6.633131	  -2.345466	  0.402473  
	734	  5	  617	  704	  3.845990	  -0.030166	  0.561500  
	735	  5	  1830	  705	  5.238887	  -0.549917	  0.790664  
	737	  5	  620	  803	  5.573482	  -0.407997	  0.590591  
	738	  5	  621	  708	  4.564527	  -0.316273	  0.226637  
	739	  5	  538	  705	  4.893014	  0.612331	  0.763982  
	741	  5	  624	  1473	  7.151095	  1.262639	  0.683327  
	742	  5	  625	  711	  4.800539	  -0.221780	  0.551723  
	743	  5	  626	  712	  5.637953	  0.835517	  0.552337  
	745	  5	  628	  714	  6.536152	  -2.212921	  0.483871  
	746	  5	  629	  715	  6.043215	  -0.597259	  0.447609  
	747	  5	  630	  716	  5.609735	  -0.369547	  0.624346  
	748	  5	  631	  717	  3.721445	  -0.015840	  0.367776  
	752	  5	  292	  721	  5.015679	  -0.505467	  0.714729  
	754	  5	  142	  767	  6.238750	  1.214098	  0.639697  
	769	  5	  457	  1129	  4.272595	  -0.375043	  0.550838  
	770	  5	  2196	  738	  3.758694	  -0.048030	  0.377690  
	772	  5	  1707	  833	  4.362600	  -0.108437	  0.273661  
	773	  5	  634	  740	  4.834869	  1.546446	  0.223539  
	774	  5	  635	  741	  7.046464	  -4.029324	  0.287952  
	775	  5	  1236	  742	  7.255111	  -5.388060	  0.248174  
	776	  5	  637	  743	  3.819281	  0.436300	  0.224126  
	777	  5	  638	  744	  3.510741	  0.048755	  0.351057  
	778	  5	  959	  1193	  3.366267	  -0.054961	  0.140740  
	779	  5	  640	  746	  4.674697	  1.678721	  0.025639  
	780	  5	  1198	  1215	  3.304147	  -0.086973	  0.034306  
	787	  5	  943	  788	  4.467278	  0.641016	  0.284316  
	788	  5	  649	  755	  5.363978	  1.620913	  0.285234  
	790	  5	  651	  757	  4.966728	  -0.219699	  0.584355  
	791	  5	  652	  1894	  4.046431	  0.164228	  0.557535  
	792	  5	  605	  759	  4.400982	  0.472217	  0.509666  
	793	  5	  654	  760	  5.552057	  -0.383061	  0.731149  
	794	  5	  655	  761	  4.176656	  0.115229	  0.362411  
	796	  5	  1921	  870	  4.860721	  -0.306640	  0.592490  
	798	  5	  659	  764	  4.878959	  0.314775	  0.351246  
	800	  5	  661	  1193	  5.450885	  -0.485720	  0.805779  
	802	  5	  312	  767	  6.517271	  -1.040008	  0.701341  
	803	  5	  403	  312	  4.271635	  -0.174357	  0.634218  
	804	  5	  665	  769	  5.982488	  2.566369	  0.246990  
	806	  5	  667	  771	  8.725623	  14.762320	  0.368760  
	807	  5	  668	  772	  6.881690	  -3.204721	  0.385591  
	808	  5	  669	  773	  4.268287	  -0.707872	  0.239353  
	809	  5	  580	  846	  4.445094	  0.158642	  0.508102  
	811	  5	  1661	  776	  4.065315	  -0.041317	  0.396058  
	812	  5	  1707	  777	  4.817084	  -0.077997	  0.500003  
	813	  5	  822	  778	  3.555657	  0.155775	  0.147423  
	814	  5	  676	  779	  3.325103	  0.016323	  0.250534  
	820	  5	  682	  783	  5.385990	  -1.543417	  0.436683  
	824	  5	  2194	  1912	  3.559935	  -0.061684	  0.143046  
	825	  5	  687	  786	  4.513877	  0.570823	  0.451951  
	826	  5	  688	  787	  8.556900	  5.875871	  0.621904  
	827	  5	  689	  788	  4.916493	  1.071388	  0.423413  
	832	  5	  694	  823	  4.767333	  2.115652	  0.358685  
	836	  5	  699	  466	  6.300837	  2.389019	  0.748455  
	837	  5	  1086	  903	  4.237175	  -0.388192	  0.326701  
	838	  5	  743	  1133	  5.510036	  -0.476314	  0.788761  
	841	  5	  704	  800	  3.830699	  -0.030166	  0.561500  
	845	  5	  708	  903	  4.460237	  -0.316273	  0.226637  
	846	  5	  705	  752	  4.821604	  -0.176846	  0.599979  
	847	  5	  1473	  806	  4.647244	  0.315356	  0.552608  
	848	  5	  711	  807	  4.812171	  -0.221780	  0.551723  
	850	  5	  1794	  809	  3.707461	  -0.086569	  0.369206  
	851	  5	  714	  1062	  5.874863	  -0.746858	  0.494400  
	852	  5	  715	  811	  6.131199	  -0.597259	  0.447609  
	853	  5	  716	  812	  5.655680	  -0.369547	  0.624346  
	854	  5	  717	  813	  3.737130	  -0.015840	  0.367776  
	855	  5	  718	  517	  5.792872	  0.225992	  0.657190  
	856	  5	  71	  815	  4.100071	  0.131217	  0.835636  
	857	  5	  720	  816	  4.081458	  0.148121	  0.366060  
	858	  5	  721	  817	  5.002882	  -0.505467	  0.714729  
	859	  5	  633	  818	  5.702531	  -1.955567	  0.626789  
	860	  5	  767	  819	  3.881997	  0.174091	  0.271442  
	862	  5	  127	  1536	  8.911701	  -5.216182	  0.509510  
	863	  5	  254	  822	  4.617046	  0.600441	  0.367060  
	864	  5	  727	  823	  7.099205	  -3.699790	  0.519163  
	866	  5	  729	  1168	  4.053615	  -0.176312	  0.382344  
	870	  5	  727	  828	  5.649994	  -0.695548	  0.624579  
	874	  5	  1129	  831	  6.503085	  1.149658	  0.723881  
	875	  5	  738	  832	  3.736382	  -0.048030	  0.377690  
	878	  5	  188	  1270	  5.092480	  -1.356901	  0.361893  
	883	  5	  1352	  838	  3.721626	  -0.014717	  0.429891  
	888	  5	  514	  842	  4.650020	  -1.013624	  0.185568  
	898	  5	  740	  852	  4.874144	  1.546446	  0.223539  
	899	  5	  741	  853	  6.987010	  -4.029324	  0.287952  
	900	  5	  742	  969	  7.171481	  -5.388060	  0.248174  
	902	  5	  744	  1032	  3.638894	  0.048755	  0.351057  
	904	  5	  746	  856	  4.696638	  1.678721	  0.025639  
	906	  5	  790	  1461	  3.684825	  -0.093177	  0.556785  
	911	  5	  788	  862	  5.281654	  1.712404	  0.371344  
	912	  5	  755	  665	  5.389654	  1.620913	  0.285234  
	914	  5	  757	  864	  4.977559	  -0.219699	  0.584355  
	916	  5	  759	  866	  4.572568	  0.472217	  0.509666  
	917	  5	  760	  867	  5.567715	  -0.383061	  0.731149  
	918	  5	  761	  868	  4.236824	  0.115229	  0.362411  
	921	  5	  764	  871	  4.839441	  0.314775	  0.351246  
	925	  5	  769	  874	  5.975426	  2.566369	  0.246990  
	927	  5	  771	  876	  8.822019	  14.762320	  0.368760  
	929	  5	  773	  878	  4.186684	  -0.707872	  0.239353  
	930	  5	  846	  1817	  4.111061	  -0.159446	  0.335652  
	932	  5	  776	  881	  4.053676	  -0.041317	  0.396058  
	933	  5	  777	  1588	  4.904797	  -0.077997	  0.500003  
	934	  5	  778	  883	  3.733371	  0.155775	  0.147423  
	935	  5	  779	  884	  3.357442	  0.016323	  0.250534  
	939	  5	  783	  887	  5.297678	  -1.543417	  0.436683  
	941	  5	  685	  889	  6.631973	  1.799578	  0.608365  
	942	  5	  786	  871	  4.554619	  0.570823	  0.451951  
	943	  5	  787	  891	  8.704236	  5.875871	  0.621904  
	945	  5	  789	  892	  4.894719	  -0.829751	  0.319099  
	950	  5	  784	  1193	  3.864141	  -0.068907	  0.553104  
	953	  5	  1671	  1004	  3.837680	  0.024909	  0.501341  
	958	  5	  803	  902	  4.458858	  -0.197599	  0.535746  
	961	  5	  806	  982	  4.841064	  0.315356	  0.552608  
	962	  5	  807	  906	  4.812859	  -0.221780	  0.551723  
	963	  5	  712	  1344	  4.074333	  0.175798	  0.229319  
	964	  5	  809	  908	  3.559714	  -0.086569	  0.369206  
	966	  5	  811	  910	  6.210064	  -0.597259	  0.447609  
	967	  5	  812	  911	  5.693060	  -0.369547	  0.624346  
	968	  5	  813	  912	  3.742302	  -0.015840	  0.367776  
	969	  5	  517	  913	  5.311189	  0.171789	  0.635358  
	970	  5	  815	  914	  4.326171	  0.131217	  0.835636  
	971	  5	  816	  915	  4.187774	  0.148121	  0.366060  
	972	  5	  817	  916	  4.964838	  -0.505467	  0.714729  
	973	  5	  818	  917	  5.603961	  -1.955567	  0.626789  
	974	  5	  819	  918	  4.081488	  0.174091	  0.271442  
	976	  5	  1536	  920	  6.333025	  -0.793123	  0.750761  
	978	  5	  823	  921	  7.198956	  -1.584139	  0.733484  
	980	  5	  1474	  923	  5.193184	  -0.257672	  0.444280  
	983	  5	  828	  926	  5.705298	  -0.695548	  0.624579  
	986	  5	  831	  929	  6.600198	  1.149658	  0.723881  
	987	  5	  832	  930	  3.680763	  -0.048030	  0.377690  
	988	  5	  833	  1033	  3.610978	  -0.025278	  0.160128  
	993	  5	  838	  935	  3.739302	  -0.014717	  0.429891  
	997	  5	  842	  939	  4.604438	  -1.013624	  0.185568  
	1000	  5	  665	  942	  4.485302	  -0.945456	  0.181425  
	1004	  5	  714	  945	  3.947078	  -0.203146	  0.278990  
	1013	  5	  396	  1054	  4.308801	  0.626449	  0.069243  
	1027	  5	  106	  9	  7.995398	  2.141818	  0.622189  
	1028	  5	  852	  967	  4.901689	  1.546446	  0.223539  
	1029	  5	  853	  968	  6.925389	  -4.029324	  0.287952  
	1031	  5	  1032	  970	  4.450962	  -0.202532	  0.755960  
	1032	  5	  856	  971	  4.713397	  1.678721	  0.025639  
	1038	  5	  862	  772	  5.267561	  1.712404	  0.371344  
	1040	  5	  864	  433	  4.975828	  -0.219699	  0.584355  
	1041	  5	  1894	  1799	  3.787690	  -0.055851	  0.486794  
	1042	  5	  866	  1113	  4.668025	  0.472217	  0.509666  
	1043	  5	  867	  980	  5.571837	  -0.383061	  0.731149  
	1044	  5	  868	  2196	  4.266584	  0.115229	  0.362411  
	1046	  5	  870	  982	  4.762880	  -0.306640	  0.592490  
	1050	  5	  874	  984	  5.967715	  2.566369	  0.246990  
	1052	  5	  876	  986	  8.913180	  14.762320	  0.368760  
	1053	  5	  772	  987	  5.808950	  -1.492316	  0.401940  
	1054	  5	  878	  887	  4.069389	  -0.707872	  0.239353  
	1056	  5	  881	  989	  4.034218	  -0.041317	  0.396058  
	1058	  5	  883	  991	  3.780356	  0.155775	  0.147423  
	1059	  5	  884	  992	  4.803685	  0.123862	  0.708059  
	1061	  5	  609	  607	  4.749711	  0.517354	  0.403380  
	1062	  5	  887	  995	  5.821960	  -2.251289	  0.374636  
	1064	  5	  889	  997	  7.550114	  1.727848	  0.634014  
	1065	  5	  871	  998	  5.513141	  0.885598	  0.416156  
	1066	  5	  891	  999	  8.821225	  5.875871	  0.621904  
	1067	  5	  892	  1000	  4.846440	  -0.829751	  0.319099  
	1069	  5	  605	  1001	  6.530665	  1.169086	  0.771543  
	1075	  5	  900	  2006	  4.543707	  -0.102470	  0.666910  
	1077	  5	  902	  1007	  4.467828	  -0.197599	  0.535746  
	1078	  5	  903	  1008	  5.213850	  -0.704465	  0.281777  
	1079	  5	  752	  646	  4.786246	  -0.176846	  0.599979  
	1080	  5	  982	  684	  4.710482	  0.275355	  0.555428  
	1081	  5	  906	  1010	  4.799886	  -0.221780	  0.551723  
	1085	  5	  910	  1894	  6.277672	  -0.597259	  0.447609  
	1086	  5	  911	  1770	  5.732886	  -0.369547	  0.624346  
	1088	  5	  913	  1017	  5.389676	  0.171789	  0.635358  
	1089	  5	  914	  580	  4.418490	  0.131217	  0.835636  
	1090	  5	  915	  1019	  4.257529	  0.148121	  0.366060  
	1091	  5	  916	  1020	  4.900804	  -0.505467	  0.714729  
	1092	  5	  917	  1021	  5.519867	  -1.955567	  0.626789  
	1093	  5	  918	  889	  4.217494	  0.174091	  0.271442  
	1095	  5	  920	  1023	  6.398148	  -0.793123	  0.750761  
	1096	  5	  921	  1024	  7.314781	  -1.584139	  0.733484  
	1097	  5	  1168	  1206	  3.957015	  -0.176312	  0.382344  
	1098	  5	  923	  1026	  5.280830	  -0.257672	  0.444280  
	1101	  5	  926	  1028	  5.752138	  -0.695548	  0.624579  
	1104	  5	  929	  1031	  4.316233	  0.290284	  0.607831  
	1105	  5	  930	  1032	  3.585226	  -0.048030	  0.377690  
	1107	  5	  1270	  1161	  6.899209	  -2.788725	  0.319154  
	1109	  5	  935	  2103	  3.738365	  -0.014717	  0.429891  
	1110	  5	  936	  1036	  3.838566	  -0.054166	  0.530563  
	1111	  5	  937	  1037	  3.719091	  -0.035958	  0.165159  
	1113	  5	  939	  1039	  4.539319	  -1.013624	  0.185568  
	1116	  5	  942	  1169	  4.461585	  -0.945456	  0.181425  
	1117	  5	  943	  1043	  4.335146	  -0.171369	  0.597139  
	1119	  5	  945	  1045	  3.929452	  -0.203146	  0.278990  
	1120	  5	  946	  1046	  5.420895	  -0.387135	  0.488814  
	1121	  5	  947	  1047	  8.374738	  1.351447	  0.688651  
	1124	  5	  950	  1050	  8.233147	  2.448996	  0.588304  
	1133	  5	  959	  1057	  3.550515	  -0.029438	  0.266535  
	1134	  5	  960	  1183	  5.563423	  -2.284538	  0.231314  
	1140	  5	  92	  2145	  4.379497	  0.101973	  0.915236  
	1141	  5	  106	  541	  7.592433	  1.817342	  0.594561  
	1145	  5	  330	  900	  4.663085	  -0.102470	  0.666910  
	1149	  5	  495	  617	  4.067433	  -0.030166	  0.561500  
	1151	  5	  433	  1072	  5.058908	  -0.219699	  0.584355  
	1153	  5	  463	  1569	  3.475519	  -0.101788	  0.331536  
	1160	  5	  517	  1535	  5.222146	  0.122481	  0.505413  
	1161	  5	  1794	  1082	  3.938724	  -0.070515	  0.185479  
	1162	  5	  652	  1083	  3.414820	  0.063266	  0.258395  
	1168	  5	  705	  1089	  4.606800	  0.239260	  0.581436  
	1170	  5	  455	  1091	  3.725127	  -0.015840	  0.367776  
	1171	  5	  889	  1092	  3.616731	  0.245821	  0.189469  
	1177	  5	  1680	  24	  5.847508	  -0.284176	  0.513554  
	1180	  5	  967	  1101	  4.916167	  1.546446	  0.223539  
	1181	  5	  968	  1102	  6.856171	  -4.029324	  0.287952  
	1184	  5	  971	  1105	  4.726551	  1.678721	  0.025639  
	1185	  5	  1215	  1113	  4.889672	  -0.472217	  0.509666  
	1193	  5	  980	  1114	  5.566063	  -0.383061	  0.731149  
	1197	  5	  984	  1116	  5.957356	  2.566369	  0.246990  
	1199	  5	  986	  1118	  8.994748	  14.762320	  0.368760  
	1200	  5	  987	  1119	  5.825460	  -1.492316	  0.401940  
	1202	  5	  989	  1121	  4.003559	  -0.041317	  0.396058  
	1203	  5	  1588	  1122	  4.095971	  -0.040320	  0.331572  
	1204	  5	  991	  893	  3.814446	  0.155775	  0.147423  
	1208	  5	  995	  1127	  5.736672	  -2.251289	  0.374636  
	1210	  5	  997	  1129	  7.469287	  1.524701	  0.681316  
	1211	  5	  998	  1130	  5.433259	  0.885598	  0.416156  
	1212	  5	  999	  1131	  8.831965	  4.761351	  0.657821  
	1213	  5	  1000	  514	  4.788795	  -0.829751	  0.319099  
	1214	  5	  1001	  1132	  6.779221	  1.169086	  0.771543  
	1217	  5	  1004	  1392	  3.846529	  0.024909	  0.501341  
	1220	  5	  1007	  1284	  4.468110	  -0.197599	  0.535746  
	1223	  5	  1010	  1139	  4.768035	  -0.221780	  0.551723  
	1226	  5	  1062	  1274	  4.848329	  -0.306998	  0.245604  
	1228	  5	  1770	  1275	  5.068138	  -0.242515	  0.716143  
	1230	  5	  1017	  1146	  5.432146	  0.171789	  0.635358  
	1232	  5	  1019	  1147	  4.297744	  0.148121	  0.366060  
	1233	  5	  1020	  712	  4.773272	  -0.505467	  0.714729  
	1234	  5	  1021	  546	  5.428521	  -1.955567	  0.626789  
	1236	  5	  1023	  1151	  6.453521	  -0.793123	  0.750761  
	1237	  5	  1024	  1152	  7.410188	  -1.584139	  0.733484  
	1239	  5	  1026	  1282	  3.464692	  -0.021590	  0.185485  
	1241	  5	  1028	  1156	  5.793358	  -0.695548	  0.624579  
	1244	  5	  1031	  1159	  4.404092	  0.290284	  0.607831  
	1246	  5	  1033	  1160	  3.657306	  -0.025278	  0.160128  
	1249	  5	  1036	  1766	  3.730009	  -0.054166	  0.530563  
	1252	  5	  1039	  1166	  4.444611	  -1.013624	  0.185568  
	1256	  5	  1043	  1170	  4.324564	  -0.171369	  0.597139  
	1258	  5	  1045	  1172	  3.889260	  -0.203146	  0.278990  
	1259	  5	  1046	  1698	  5.497029	  -0.387135	  0.488814  
	1260	  5	  1047	  1174	  8.514593	  1.351447	  0.688651  
	1262	  5	  1049	  1300	  4.766701	  -1.114520	  0.468462  
	1263	  5	  1050	  1176	  8.106027	  2.448996	  0.588304  
	1264	  5	  332	  1062	  5.174497	  0.439860	  0.668045  
	1265	  5	  1218	  1177	  4.178950	  -0.046269	  0.783175  
	1267	  5	  1054	  1179	  4.299284	  0.626449	  0.069243  
	1270	  5	  1057	  1306	  3.528212	  -0.029438	  0.266535  
	1272	  5	  1284	  1616	  3.972446	  -0.130532	  0.407164  
	1279	  5	  1066	  1189	  7.432249	  -1.007778	  0.508526  
	1282	  5	  333	  1191	  4.825939	  -0.676341	  0.377031  
	1283	  5	  1070	  684	  3.653756	  -0.063115	  0.269849  
	1285	  5	  1072	  1817	  5.031141	  -0.219699	  0.584355  
	1297	  5	  1083	  1200	  3.589339	  0.063266	  0.258395  
	1302	  5	  1089	  560	  4.649486	  0.239260	  0.581436  
	1303	  5	  803	  1204	  5.366698	  -0.210398	  0.642101  
	1304	  5	  1091	  631	  3.757817	  -0.015840	  0.367776  
	1305	  5	  1092	  1205	  3.756945	  0.245821	  0.189469  
	1308	  5	  1032	  1958	  4.785353	  0.203256	  0.748223  
	1314	  5	  212	  1213	  3.254335	  0.083098	  0.155995  
	1321	  5	  370	  1220	  5.701108	  0.186110	  0.583813  
	1327	  5	  1894	  1226	  4.161784	  -0.154252	  0.388332  
	1333	  5	  908	  1530	  5.104870	  -0.372203	  0.607270  
	1334	  5	  1026	  2196	  5.782824	  -0.279811	  0.399939  
	1336	  5	  1037	  1234	  3.800938	  -0.035958	  0.165159  
	1338	  5	  1101	  349	  4.922951	  1.546446	  0.223539  
	1339	  5	  1102	  1236	  6.780772	  -4.029324	  0.287952  
	1341	  5	  970	  1347	  5.246019	  -0.353617	  0.710721  
	1342	  5	  1105	  1239	  4.734876	  1.678721	  0.025639  
	1351	  5	  1114	  1605	  5.503236	  -0.383061	  0.731149  
	1353	  5	  1116	  1250	  5.944705	  2.566369	  0.246990  
	1355	  5	  1118	  1252	  9.061692	  14.762320	  0.368760  
	1356	  5	  1119	  1253	  5.829176	  -1.492316	  0.401940  
	1358	  5	  1121	  1255	  3.943784	  -0.041317	  0.396058  
	1359	  5	  1122	  1493	  3.584821	  -0.019451	  0.224166  
	1361	  5	  992	  1595	  4.772123	  0.123862	  0.708059  
	1364	  5	  1127	  1292	  5.606630	  -2.251289	  0.374636  
	1367	  5	  1130	  1198	  5.372576	  0.885598	  0.416156  
	1368	  5	  1131	  1263	  8.948948	  4.761351	  0.657821  
	1369	  5	  1132	  1264	  6.866448	  1.169086	  0.771543  
	1375	  5	  1008	  1270	  6.534695	  -1.431823	  0.278650  
	1376	  5	  1139	  1271	  4.711915	  -0.221780	  0.551723  
	1378	  5	  1530	  1523	  7.156466	  -0.995845	  0.651670  
	1383	  5	  1146	  1449	  5.494539	  0.171789	  0.635358  
	1384	  5	  1147	  1278	  4.317773	  0.148121	  0.366060  
	1388	  5	  1151	  1280	  6.510178	  -0.793123	  0.750761  
	1389	  5	  1152	  1281	  7.495819	  -1.584139	  0.733484  
	1390	  5	  1206	  605	  3.712762	  -0.176312	  0.382344  
	1392	  5	  1646	  1780	  3.346009	  0.023265	  0.585600  
	1393	  5	  1156	  1283	  5.829550	  -0.695548	  0.624579  
	1396	  5	  1159	  1286	  5.561716	  1.432853	  0.328367  
	1397	  5	  1160	  1287	  3.674642	  -0.025278	  0.160128  
	1398	  5	  1161	  635	  6.748744	  -2.788725	  0.319154  
	1399	  5	  2103	  1289	  3.707811	  -0.014717	  0.429891  
	1400	  5	  1766	  970	  4.529265	  -0.151085	  0.650078  
	1402	  5	  1166	  1292	  4.261263	  -1.013624	  0.185568  
	1405	  5	  1169	  1294	  4.416152	  -0.945456	  0.181425  
	1406	  5	  1170	  1295	  4.299027	  -0.171369	  0.597139  
	1408	  5	  1172	  1297	  3.815458	  -0.203146	  0.278990  
	1409	  5	  1698	  1070	  4.622899	  -0.171102	  0.480887  
	1410	  5	  1174	  1596	  8.652195	  1.351447	  0.688651  
	1412	  5	  1176	  1301	  7.985785	  2.448996	  0.588304  
	1413	  5	  1177	  1302	  4.121744	  -0.046269	  0.783175  
	1415	  5	  1179	  1303	  4.282650	  0.626449	  0.069243  
	1417	  5	  1930	  1305	  5.871731	  0.226923	  0.703963  
	1419	  5	  1183	  1307	  5.483161	  -2.284538	  0.231314  
	1424	  5	  1188	  1311	  5.524580	  -0.727359	  0.275622  
	1425	  5	  1189	  1425	  7.614483	  -1.007778	  0.508526  
	1427	  5	  1191	  1640	  4.827117	  -0.676341	  0.377031  
	1429	  5	  1193	  1316	  4.142716	  -0.127399	  0.144252  
	1431	  5	  1195	  1220	  4.669353	  -0.067826	  0.486314  
	1433	  5	  1198	  1319	  6.211567	  1.347614	  0.428994  
	1435	  5	  1200	  1433	  3.708391	  0.063266	  0.258395  
	1439	  5	  1204	  1325	  5.438058	  -0.210398	  0.642101  
	1447	  5	  1212	  351	  5.631065	  -2.208769	  0.407191  
	1448	  5	  1213	  1333	  3.427905	  0.083098	  0.155995  
	1451	  5	  1216	  1335	  4.581679	  0.266797	  0.619542  
	1455	  5	  1220	  1808	  5.391428	  0.118284	  0.639721  
	1456	  5	  1221	  1339	  5.153945	  1.142569	  0.257366  
	1461	  5	  1226	  1447	  4.100264	  -0.154252	  0.388332  
	1468	  5	  1234	  1552	  3.784543	  -0.035958	  0.165159  
	1473	  5	  264	  1349	  4.524519	  0.177676	  0.509235  
	1487	  5	  1122	  1563	  3.279665	  -0.020869	  0.431675  
	1494	  5	  1894	  455	  4.814419	  -0.163504	  0.230908  
	1498	  5	  349	  448	  4.949896	  -1.225646	  0.592993  
	1501	  5	  969	  1923	  7.055213	  -5.388060	  0.248174  
	1503	  5	  1239	  1489	  4.743292	  1.678721	  0.025639  
	1505	  5	  1461	  1443	  4.834785	  0.186425	  0.790383  
	1512	  5	  1250	  1494	  5.926027	  2.566369	  0.246990  
	1514	  5	  1252	  1923	  9.172129	  14.762320	  0.368760  
	1515	  5	  1253	  1382	  5.827393	  -1.492316	  0.401940  
	1517	  5	  1255	  1705	  3.784372	  -0.041317	  0.396058  
	1524	  5	  1263	  1389	  9.042829	  4.761351	  0.657821  
	1525	  5	  1264	  1502	  6.961676	  1.169086	  0.771543  
	1526	  5	  1133	  1391	  5.516175	  -0.476314	  0.788761  
	1531	  5	  1271	  1502	  4.578877	  -0.221780	  0.551723  
	1535	  5	  1275	  1398	  5.013110	  -0.242515	  0.716143  
	1538	  5	  1278	  1400	  4.321452	  0.148121	  0.366060  
	1540	  5	  1280	  1402	  6.562697	  -0.793123	  0.750761  
	1541	  5	  1281	  1403	  7.565372	  -1.584139	  0.733484  
	1542	  5	  1282	  1404	  3.447159	  -0.021590	  0.185485  
	1543	  5	  1283	  1405	  5.859391	  -0.695548	  0.624579  
	1546	  5	  1286	  743	  5.495820	  1.432853	  0.328367  
	1547	  5	  1287	  1408	  3.682464	  -0.025278	  0.160128  
	1549	  5	  1289	  1904	  3.642249	  -0.014717	  0.429891  
	1552	  5	  1292	  1923	  5.859052	  -3.264913	  0.315938  
	1554	  5	  1294	  1413	  4.367074	  -0.945456	  0.181425  
	1555	  5	  1295	  1414	  4.250295	  -0.171369	  0.597139  
	1556	  5	  1392	  1864	  4.159823	  -0.025476	  0.566120  
	1557	  5	  1297	  997	  3.664788	  -0.203146	  0.278990  
	1559	  5	  1596	  1416	  9.163489	  1.893883	  0.627863  
	1561	  5	  1301	  1418	  7.844975	  2.448996	  0.588304  
	1562	  5	  1302	  1419	  4.029148	  -0.046269	  0.783175  
	1563	  5	  1303	  1319	  4.244915	  0.626449	  0.069243  
	1565	  5	  1305	  2006	  5.137142	  0.156702	  0.768235  
	1566	  5	  1306	  155	  3.373959	  -0.029438	  0.266535  
	1567	  5	  1307	  180	  5.423338	  -2.284538	  0.231314  
	1570	  5	  1311	  1008	  5.439560	  -0.727359	  0.275622  
	1573	  5	  1640	  685	  3.984803	  -0.593243	  0.407993  
	1574	  5	  1817	  1535	  4.318027	  -0.059482	  0.460298  
	1575	  5	  1316	  1429	  4.050785	  -0.127399	  0.144252  
	1578	  5	  1319	  1418	  6.288191	  1.974063	  0.314831  
	1579	  5	  1535	  1432	  3.851646	  0.027895	  0.487858  
	1581	  5	  2164	  1707	  5.005532	  -0.186434	  0.368353  
	1584	  5	  1325	  1435	  5.485326	  -0.210398	  0.642101  
	1589	  5	  1330	  1438	  4.365370	  -0.107551	  0.699794  
	1590	  5	  1331	  1905	  4.035838	  -0.029166	  0.547800  
	1592	  5	  1333	  1440	  3.525839	  0.083098	  0.155995  
	1594	  5	  1335	  1441	  4.723160	  0.266797	  0.619542  
	1598	  5	  1339	  1445	  5.118265	  1.142569	  0.257366  
	1603	  5	  1344	  1450	  4.236214	  0.175798	  0.229319  
	1605	  5	  114	  2164	  5.039570	  0.112652	  0.675599  
	1606	  5	  1347	  1650	  7.100580	  -0.551846	  0.634592  
	1608	  5	  1349	  1455	  4.627813	  0.177676	  0.509235  
	1609	  5	  264	  1456	  3.839029	  0.127033	  0.449099  
	1610	  5	  427	  714	  4.957551	  1.262916	  0.510601  
	1611	  5	  1352	  1457	  3.289800	  0.080114	  0.077856  
	1622	  5	  1969	  1564	  3.708655	  -0.034248	  0.308249  
	1623	  5	  253	  229	  4.781425	  -0.540922	  0.358902  
	1624	  5	  1993	  1565	  3.847740	  0.020695	  0.651210  
	1629	  5	  644	  1446	  4.076820	  -0.045959	  0.479594  
	1633	  5	  644	  1475	  4.722817	  -0.070592	  0.424475  
	1636	  5	  1145	  1742	  3.625962	  -0.015840	  0.367776  
	1639	  5	  2145	  2049	  4.640653	  0.101973	  0.915236  
	1642	  5	  1218	  1564	  3.436231	  0.034248	  0.308249  
	1645	  5	  2076	  1485	  4.126292	  0.035105	  0.595803  
	1651	  5	  1443	  1712	  4.181640	  0.099987	  0.801999  
	1659	  5	  1382	  184	  5.822902	  -1.492316	  0.401940  
	1665	  5	  1389	  1611	  9.143289	  4.761351	  0.657821  
	1667	  5	  1391	  1503	  5.497723	  -0.476314	  0.788761  
	1672	  5	  1274	  1918	  4.950244	  -0.306998	  0.245604  
	1673	  5	  1398	  1507	  4.941398	  -0.242515	  0.716143  
	1677	  5	  1402	  1510	  6.603722	  -0.793123	  0.750761  
	1678	  5	  1403	  1511	  7.618581	  -1.584139	  0.733484  
	1679	  5	  1404	  1512	  3.400193	  -0.021590	  0.185485  
	1680	  5	  1405	  1513	  5.884350	  -0.695548	  0.624579  
	1683	  5	  1408	  1623	  3.673484	  -0.025278	  0.160128  
	1688	  5	  1413	  1520	  4.300407	  -0.945456	  0.181425  
	1689	  5	  1414	  1521	  4.163126	  -0.171369	  0.597139  
	1691	  5	  1416	  1523	  9.208457	  1.893883	  0.627863  
	1692	  5	  1300	  2001	  4.573359	  -1.114520	  0.468462  
	1694	  5	  1419	  1526	  3.877125	  -0.046269	  0.783175  
	1695	  5	  1568	  2043	  4.082827	  -0.045959	  0.479594  
	1696	  5	  2006	  800	  3.719074	  0.030166	  0.561500  
	1697	  5	  155	  1646	  4.703939	  0.080899	  0.731398  
	1698	  5	  1616	  1530	  6.367353	  -0.623642	  0.678168  
	1700	  5	  1425	  2194	  7.768369	  -1.007778	  0.508526  
	1704	  5	  1429	  1814	  3.884791	  -0.127399	  0.144252  
	1705	  5	  1418	  1536	  8.296621	  4.423059	  0.466250  
	1706	  5	  1432	  1537	  3.987823	  0.027895	  0.487858  
	1712	  5	  1438	  1541	  4.388543	  -0.107551	  0.699794  
	1714	  5	  1440	  1543	  3.575508	  0.083098	  0.155995  
	1715	  5	  1441	  2124	  4.829204	  0.266797	  0.619542  
	1719	  5	  1445	  1159	  5.080125	  1.142569	  0.257366  
	1721	  5	  1447	  1548	  3.974412	  -0.154252	  0.388332  
	1723	  5	  1449	  1550	  5.511286	  0.171789	  0.635358  
	1724	  5	  1450	  1551	  4.275737	  0.175798	  0.229319  
	1728	  5	  2126	  1651	  3.529839	  0.025278	  0.160128  
	1729	  5	  1455	  1555	  4.674448	  0.177676	  0.509235  
	1730	  5	  1456	  1770	  3.977664	  0.127033	  0.449099  
	1731	  5	  1457	  1781	  3.376477	  0.080114	  0.077856  
	1735	  5	  1461	  1559	  3.305931	  0.027852	  0.341548  
	1744	  5	  71	  92	  5.654613	  0.422532	  0.956024  
	1745	  5	  1446	  1568	  4.096306	  -0.045959	  0.479594  
	1746	  5	  1473	  1569	  7.098097	  0.947283	  0.726845  
	1747	  5	  1474	  1570	  4.352953	  -0.099987	  0.801999  
	1748	  5	  1475	  1571	  4.776339	  -0.070592	  0.424475  
	1759	  5	  155	  2126	  4.485161	  0.047015	  0.557958  
	1760	  5	  1705	  1671	  3.779789	  0.024909	  0.501341  
	1778	  5	  1305	  1917	  4.477512	  0.070221	  0.560537  
	1788	  5	  1494	  1995	  5.895455	  2.566369	  0.246990  
	1794	  5	  2143	  1826	  3.790728	  0.035660	  0.596182  
	1796	  5	  1502	  1612	  5.902731	  0.947306	  0.823007  
	1797	  5	  1503	  1605	  5.452627	  -0.476314	  0.788761  
	1799	  5	  1523	  1650	  7.705914	  0.898038	  0.601463  
	1801	  5	  1507	  1616	  4.835794	  -0.242515	  0.716143  
	1804	  5	  1510	  1619	  6.634657	  -0.793123	  0.750761  
	1806	  5	  1512	  1744	  3.308463	  -0.021590	  0.185485  
	1807	  5	  1513	  1622	  5.903003	  -0.695548	  0.624579  
	1811	  5	  1923	  303	  6.853727	  5.163891	  0.562277  
	1813	  5	  1520	  1626	  4.214748	  -0.945456	  0.181425  
	1814	  5	  1521	  84	  3.960870	  -0.171369	  0.597139  
	1815	  5	  1864	  1627	  3.468714	  -0.008174	  0.507145  
	1819	  5	  1526	  71	  3.578404	  -0.046269	  0.783175  
	1830	  5	  1537	  2095	  4.056875	  0.027895	  0.487858  
	1833	  5	  1541	  1638	  4.398359	  -0.107551	  0.699794  
	1835	  5	  1543	  1640	  3.600203	  0.083098	  0.155995  
	1839	  5	  1808	  1742	  4.503113	  0.050945	  0.562324  
	1840	  5	  1548	  712	  3.781041	  -0.154252	  0.388332  
	1842	  5	  1550	  1744	  5.514884	  0.171789	  0.635358  
	1843	  5	  1551	  1648	  4.303469	  0.175798	  0.229319  
	1847	  5	  1555	  1284	  4.708379	  0.177676	  0.509235  
	1849	  5	  1781	  1653	  3.987633	  -0.068907	  0.553104  
	1851	  5	  1559	  1655	  3.525258	  0.027852	  0.341548  
	1862	  5	  1570	  1757	  4.338577	  -0.099987	  0.801999  
	1863	  5	  1571	  1665	  4.811230	  -0.070592	  0.424475  
	1868	  5	  2049	  1668	  4.843686	  0.101973	  0.915236  
	1870	  5	  2196	  644	  4.951406	  -0.116552	  0.446210  
	1886	  5	  114	  2219	  4.992514	  -0.112652	  0.675599  
	1888	  5	  1596	  1683	  6.055355	  -0.542435	  0.476413  
	1889	  5	  1917	  1684	  3.136146	  0.020869	  0.431675  
	1890	  5	  2183	  92	  5.567002	  -0.320559	  0.969000  
	1891	  5	  389	  332	  4.330359	  0.150643	  0.307008  
	1897	  5	  1808	  1689	  4.250288	  0.041516	  0.740362  
	1898	  5	  937	  1690	  3.913655	  -0.034634	  0.693702  
	1900	  5	  1461	  1569	  5.294234	  -0.307454	  0.678930  
	1901	  5	  1799	  1692	  3.848504	  -0.055851	  0.486794  
	1909	  5	  1188	  652	  5.199923	  0.378136	  0.407680  
	1912	  5	  1646	  1702	  4.071619	  0.047002	  0.845927  
	1924	  5	  1605	  929	  6.904897	  -0.859374	  0.763081  
	1928	  5	  2095	  1767	  3.185261	  0.008471	  0.295184  
	1931	  5	  1612	  1511	  5.921939	  0.947306	  0.823007  
	1936	  5	  1619	  1723	  6.654871	  -0.793123	  0.750761  
	1937	  5	  1511	  1724	  6.023735	  -0.636832	  0.600317  
	1939	  5	  1622	  1726	  5.915588	  -0.695548	  0.624579  
	1942	  5	  1626	  1836	  4.079553	  -0.945456	  0.181425  
	1946	  5	  2043	  1493	  3.381921	  0.019451	  0.224166  
	1957	  5	  1642	  1740	  3.134269	  0.053379	  0.011130  
	1963	  5	  1648	  1745	  4.323328	  0.175798	  0.229319  
	1965	  5	  1650	  1848	  6.171578	  0.346192	  0.548654  
	1966	  5	  1651	  1623	  3.651448	  0.025278	  0.160128  
	1970	  5	  1655	  1752	  3.622215	  0.027852	  0.341548  
	1976	  5	  1661	  1937	  4.182503	  0.041317	  0.396058  
	1980	  5	  1665	  937	  4.844661	  -0.070592	  0.424475  
	1983	  5	  1668	  1759	  4.946207	  0.101973	  0.915236  
	1993	  5	  1680	  1870	  6.133901	  -0.310562	  0.687824  
	1996	  5	  1683	  541	  5.800130	  -0.542435	  0.476413  
	2000	  5	  403	  908	  4.920574	  -0.285634	  0.679421  
	2002	  5	  1689	  893	  4.315725	  0.041516	  0.740362  
	2003	  5	  1690	  1917	  4.496183	  -0.049352	  0.615029  
	2005	  5	  1692	  1193	  3.688382	  -0.055851	  0.486794  
	2011	  5	  1698	  1781	  4.950067	  -0.216033	  0.495091  
	2016	  5	  790	  936	  4.455261	  0.194965	  0.439186  
	2018	  5	  1705	  204	  4.161399	  0.037996	  0.625152  
	2044	  5	  1569	  1193	  5.354167	  0.538041	  0.829011  
	2056	  5	  1712	  1757	  4.292679	  0.099987	  0.801999  
	2066	  5	  1616	  884	  4.216693	  0.107539	  0.777507  
	2067	  5	  1723	  1830	  6.671715	  -0.793123	  0.750761  
	2068	  5	  1724	  1831	  6.099096	  -0.636832	  0.600317  
	2070	  5	  1726	  1833	  5.920487	  -0.695548	  0.624579  
	2084	  5	  1740	  1680	  3.131039	  0.053379	  0.011130  
	2086	  5	  1742	  1758	  3.860935	  0.035105	  0.650107  
	2088	  5	  1744	  1426	  4.810895	  0.150199	  0.700024  
	2089	  5	  1745	  1846	  4.337342	  0.175798	  0.229319  
	2096	  5	  1752	  1853	  3.682741	  0.027852	  0.341548  
	2115	  5	  1595	  1944	  3.785661	  -0.038563	  0.183798  
	2116	  5	  1684	  1563	  3.252825	  0.020869	  0.431675  
	2120	  5	  1392	  1874	  4.809948	  0.050385	  0.534094  
	2124	  5	  1780	  1426	  3.526018	  0.023265	  0.585600  
	2125	  5	  1781	  1878	  4.296227	  -0.067012	  0.934247  
	2129	  5	  1702	  1426	  4.110464	  0.047002	  0.845927  
	2174	  5	  1433	  455	  3.670391	  0.063266	  0.258395  
	2177	  5	  353	  2124	  4.230316	  -0.082681	  0.394907  
	2179	  5	  1489	  1994	  4.747757	  1.678721	  0.025639  
	2185	  5	  1826	  2219	  3.829575	  0.035660	  0.596182  
	2190	  5	  1831	  1919	  6.131629	  -0.636832	  0.600317  
	2192	  5	  1833	  1921	  5.923496	  -0.695548	  0.624579  
	2195	  5	  1836	  1923	  3.847496	  -0.945456	  0.181425  
	2196	  5	  1627	  1654	  3.482004	  -0.008174	  0.507145  
	2200	  5	  1638	  1646	  3.124657	  -0.010631	  0.544109  
	2204	  5	  1846	  1928	  4.343263	  0.175798	  0.229319  
	2206	  5	  1848	  1930	  6.279554	  0.346192	  0.548654  
	2210	  5	  1654	  2006	  3.384093	  -0.008174	  0.507145  
	2211	  5	  1853	  1934	  3.726778	  0.027852	  0.341548  
	2217	  5	  1758	  1939	  4.567072	  0.060929	  0.641844  
	2218	  5	  1759	  495	  3.961591	  0.034960	  0.878795  
	2225	  5	  1766	  1638	  3.963460	  0.096919	  0.716872  
	2226	  5	  1767	  1565	  3.322516	  0.008471	  0.295184  
	2228	  5	  1870	  1426	  6.347372	  -0.310562	  0.687824  
	2232	  5	  1874	  342	  4.729669	  0.050385	  0.534094  
	2236	  5	  1878	  1949	  4.305964	  -0.067012	  0.934247  
	2251	  5	  1894	  1955	  4.203519	  -0.059425	  0.857098  
	2254	  5	  1814	  370	  6.886340	  0.531215	  0.441780  
	2255	  5	  1993	  204	  4.517275	  -0.037996	  0.625152  
	2261	  5	  1904	  1690	  3.443995	  -0.014717	  0.429891  
	2301	  5	  1919	  1997	  6.161455	  -0.636832	  0.600317  
	2310	  5	  1928	  580	  4.340084	  0.175798	  0.229319  
	2316	  5	  1934	  2007	  3.752954	  0.027852	  0.341548  
	2319	  5	  1937	  1969	  4.141870	  0.041317	  0.396058  
	2324	  5	  1864	  2072	  3.800297	  -0.017301	  0.593983  
	2328	  5	  342	  1969	  4.632722	  0.050385	  0.534094  
	2331	  5	  1949	  1851	  4.309672	  -0.067012	  0.934247  
	2346	  5	  2124	  1485	  3.855927	  -0.035105	  0.595803  
	2360	  5	  1977	  2085	  5.239718	  -0.262950	  0.589426  
	2368	  5	  2194	  2164	  6.086410	  -0.415765	  0.561913  
	2377	  5	  449	  946	  5.642545	  -0.642020	  0.478165  
	2393	  5	  1994	  2058	  4.744196	  1.678721	  0.025639  
	2394	  5	  1995	  2059	  5.853834	  2.566369	  0.246990  
	2395	  5	  1918	  1794	  5.003426	  -0.306998	  0.245604  
	2396	  5	  1997	  2061	  6.184018	  -0.636832	  0.600317  
	2400	  5	  2001	  999	  4.360168	  -1.114520	  0.468462  
	2404	  5	  1851	  1961	  4.279562	  -0.067012	  0.934247  
	2413	  5	  1944	  1552	  3.793526	  -0.038563	  0.183798  
	2418	  5	  332	  1912	  3.529695	  0.061684	  0.143046  
	2419	  5	  1535	  2076	  3.782204	  0.035105	  0.595803  
	2423	  5	  1961	  1759	  4.534852	  -0.067012	  0.934247  
	2424	  5	  1905	  2079	  4.465215	  -0.029166	  0.547800  
	2426	  5	  1758	  1808	  3.773870	  -0.025824	  0.630612  
	2445	  5	  833	  1817	  3.919933	  -0.083160	  0.308171  
	2473	  5	  2058	  2182	  4.727704	  1.678721	  0.025639  
	2474	  5	  2059	  123	  5.821498	  2.566369	  0.246990  
	2482	  5	  2006	  2116	  4.390173	  0.067395	  0.888159  
	2483	  5	  2007	  2219	  3.758779	  0.027852	  0.341548  
	2485	  5	  1939	  1331	  4.516608	  0.060929	  0.641844  
	2490	  5	  2018	  2121	  5.044174	  0.143057	  0.786394  
	2494	  5	  2079	  1565	  4.509391	  -0.029166	  0.547800  
	2500	  5	  2085	  2124	  4.804723	  -0.219221	  0.700463  
	2505	  5	  2043	  2126	  4.600305	  -0.065410	  0.403639  
	2517	  5	  1145	  2137	  3.741156	  0.015840	  0.367776  
	2520	  5	  1435	  1595	  5.491502	  -0.210398	  0.642101  
	2521	  5	  1331	  1426	  5.261612	  0.090095	  0.611400  
	2534	  5	  2018	  1616	  5.076195	  -0.143057	  0.786394  
	2536	  5	  2006	  1268	  4.534634	  -0.051503	  0.561043  
	2537	  5	  1642	  353	  3.186428	  -0.053379	  0.011130  
	2546	  5	  2072	  1993	  3.750909	  -0.017301	  0.593983  
	2547	  5	  1588	  2116	  3.617393	  -0.018254	  0.795551  
	2548	  5	  2121	  2159	  5.114270	  0.143057	  0.786394  
	2564	  5	  2137	  912	  3.790889	  0.015840	  0.367776  
	2569	  5	  1595	  2168	  3.995114	  -0.047973	  0.840204  
	2570	  5	  2143	  2159	  3.539440	  -0.035660	  0.596182  
	2571	  5	  1653	  2169	  3.940207	  -0.068907	  0.553104  
	2580	  5	  1588	  2173	  3.620569	  -0.019423	  0.571894  
	2589	  5	  2085	  2191	  3.738441	  -0.043729	  0.032780  
	2596	  5	  2061	  2183	  6.198246	  -0.636832	  0.600317  
	2611	  5	  2168	  2159	  3.908198	  -0.047973	  0.840204  
	2612	  5	  2169	  784	  3.906991	  -0.068907	  0.553104  
	2616	  5	  2173	  2218	  3.622165	  -0.019423	  0.571894  
	2622	  5	  684	  2194	  4.454618	  0.212241	  0.640351  
	2631	  5	  2182	  2201	  4.696607	  1.678721	  0.025639  
	2640	  5	  2191	  1026	  3.764886	  -0.043729	  0.032780  
	2652	  5	  263	  2164	  4.751908	  0.116679	  0.761428  
	2655	  5	  2201	  2215	  4.673307	  1.678721	  0.025639  
	2667	  5	  2219	  2116	  4.072646	  -0.049141	  0.922558  
	2670	  5	  2215	  2222	  4.650043	  1.678721	  0.025639  
	2673	  5	  2218	  2095	  3.598408	  -0.019423	  0.571894  
	2677	  5	  2222	  589	  4.624698	  1.678721	  0.025639  
	2687	  5	  1955	  2159	  4.268567	  -0.059425	  0.857098  
 768       total number of nodes
  name    x       y       z
	1	  25.000000	  77.900002	  500.000000  
	2	  55.000000	  95.199997	  500.000000  
	3	  73.169342	  96.579651	  475.651337  
	7	  87.723701	  118.530075	  298.560333  
	8	  88.203590	  109.226967	  249.124191  
	9	  79.845100	  105.609650	  196.594604  
	10	  69.242905	  105.697456	  158.434143  
	13	  158.473785	  152.654617	  488.933289  
	14	  275.000000	  222.100006	  500.000000  
	15	  245.000000	  204.800003	  500.000000  
	16	  228.951065	  192.445282	  478.575226  
	17	  226.903259	  185.358780	  450.687622  
	19	  214.326675	  180.226166	  343.860687  
	24	  215.187180	  164.260757	  91.447075  
	27	  80.725471	  99.109100	  222.123428  
	29	  220.065536	  195.691696	  220.980698  
	36	  192.801682	  189.591095	  246.107407  
	45	  60.379749	  88.655441	  388.091797  
	47	  227.542374	  219.501648	  390.390808  
	48	  192.104462	  165.065155	  343.745819  
	49	  183.125702	  197.365036	  245.995148  
	50	  245.902817	  197.417007	  220.789154  
	55	  218.561310	  175.716217	  297.017670  
	62	  48.069206	  81.283257	  388.440216  
	64	  225.688705	  230.406754	  400.283051  
	65	  178.369766	  158.086319	  343.641785  
	67	  260.426910	  196.275726	  220.101044  
	69	  102.275612	  86.012817	  464.676422  
	71	  53.928902	  101.761322	  130.005722  
	74	  228.549118	  168.704239	  74.018227  
	77	  236.267868	  187.209625	  391.677063  
	84	  90.615700	  50.073334	  225.265945  
	85	  222.099884	  243.165314	  408.662415  
	86	  166.466370	  154.323883	  343.887360  
	88	  261.053253	  205.010086	  204.923416  
	91	  94.270058	  167.893265	  267.286499  
	92	  40.996494	  97.176125	  131.440414  
	94	  179.295486	  180.491638	  234.412613  
	97	  88.863907	  152.199799	  35.196545  
	98	  249.687241	  180.315384	  393.861053  
	101	  228.853622	  181.297073	  435.858368  
	106	  79.739525	  102.103012	  205.986008  
	108	  147.107788	  290.220428	  386.919617  
	110	  98.043526	  31.443937	  418.681183  
	111	  154.869797	  132.528107	  345.244446  
	114	  205.839890	  104.615685	  101.469612  
	120	  253.739899	  157.806519	  49.457016  
	123	  264.023438	  173.344894	  398.459808  
	124	  99.225250	  167.846176	  299.182495  
	126	  234.445709	  171.258209	  438.427124  
	127	  222.467026	  152.477615	  278.648712  
	130	  200.664124	  182.426849	  191.246948  
	136	  102.577728	  162.677887	  286.207977  
	138	  214.914688	  180.186249	  333.123413  
	142	  107.450638	  35.565445	  232.320709  
	143	  101.920372	  44.066292	  425.393494  
	145	  119.605103	  226.455185	  251.688217  
	155	  103.101151	  154.112137	  58.790737  
	157	  98.984093	  171.833847	  308.520782  
	158	  242.971039	  159.009262	  443.416626  
	159	  229.037659	  141.011505	  270.118896  
	161	  67.869331	  130.388290	  331.160156  
	162	  200.919510	  174.551987	  202.154663  
	163	  76.084946	  85.980667	  217.465607  
	164	  83.452011	  67.036720	  217.980392  
	168	  109.171547	  170.245804	  285.267822  
	173	  87.726372	  57.252701	  217.271530  
	179	  215.209641	  187.828384	  284.597595  
	180	  132.246490	  288.710297	  391.031097  
	182	  105.753975	  57.817318	  430.063232  
	183	  149.309860	  95.043060	  348.723389  
	184	  110.230347	  229.263382	  262.495209  
	187	  153.289703	  46.901257	  459.507263  
	188	  85.742790	  219.346359	  262.730469  
	192	  264.865204	  146.114227	  47.557476  
	196	  101.381409	  176.520691	  319.793640  
	197	  250.678452	  146.213013	  447.078766  
	198	  233.591888	  130.160919	  261.180450  
	204	  39.318447	  140.539566	  -0.088524  
	207	  118.937622	  181.168106	  285.618011  
	208	  86.133652	  46.656448	  391.132324  
	209	  240.210968	  173.329147	  354.598389  
	210	  248.034668	  172.251389	  194.029404  
	212	  90.023178	  65.855690	  211.150864  
	219	  222.207474	  198.817169	  285.319397  
	223	  266.840424	  180.139069	  352.204559  
	226	  188.448929	  186.380539	  190.915512  
	227	  202.741837	  178.681671	  485.666931  
	229	  210.588028	  192.299652	  231.147156  
	235	  155.419022	  82.595688	  351.074554  
	241	  118.960854	  273.095154	  172.943954  
	248	  106.154861	  180.414063	  329.901733  
	249	  257.488098	  132.550125	  449.177429  
	253	  207.033249	  164.502151	  238.830994  
	254	  184.879395	  275.580719	  210.411209  
	255	  211.650864	  260.189972	  208.909607  
	257	  152.269302	  257.194611	  222.494644  
	259	  128.648682	  193.446091	  287.661163  
	263	  216.864914	  124.289917	  88.296898  
	264	  90.007301	  73.880608	  194.532761  
	266	  182.621750	  138.572601	  223.336411  
	268	  68.047012	  182.163055	  29.657337  
	271	  229.305130	  211.614731	  284.411591  
	273	  246.392899	  184.048340	  190.413727  
	278	  175.755798	  189.501877	  189.614288  
	283	  210.346786	  203.505661	  228.831329  
	288	  58.392719	  94.754402	  419.481140  
	289	  192.504242	  195.153610	  149.448273  
	290	  142.377060	  115.164207	  347.768341  
	292	  166.427429	  174.142639	  225.274628  
	301	  236.940369	  229.106400	  280.822479  
	302	  113.734566	  77.948135	  420.354889  
	303	  163.941940	  70.848427	  355.222290  
	306	  163.735641	  32.119068	  458.905853  
	312	  145.630264	  36.061680	  209.209167  
	316	  262.855652	  118.917252	  449.497467  
	317	  241.557251	  110.042549	  239.372940  
	320	  211.634705	  162.729156	  251.016403  
	321	  170.668045	  265.280426	  209.889114  
	322	  208.645218	  245.511230	  202.408279  
	326	  136.674911	  206.487244	  290.397369  
	330	  204.991333	  117.815918	  79.552116  
	332	  179.305023	  86.893425	  196.799301  
	333	  169.287399	  121.734550	  223.028900  
	336	  57.739037	  84.085014	  440.425018  
	337	  219.275650	  235.074188	  353.385742  
	339	  140.191238	  180.353943	  344.607971  
	340	  254.364304	  173.750809	  180.764359  
	342	  244.675980	  192.035431	  31.972918  
	346	  56.229870	  119.401382	  27.443979  
	347	  205.963989	  209.321701	  215.264862  
	348	  208.351807	  218.508255	  225.016403  
	349	  204.949478	  237.345352	  414.359955  
	351	  193.171616	  176.894424	  283.182251  
	352	  50.172073	  100.648537	  418.506439  
	353	  186.318756	  217.842148	  142.378342  
	354	  128.554688	  123.125931	  350.878632  
	355	  29.044056	  219.839890	  239.698532  
	370	  81.543449	  95.390045	  76.338593  
	375	  162.485855	  54.154568	  148.046188  
	377	  168.113632	  20.092312	  456.743011  
	383	  163.131622	  38.879055	  209.049133  
	385	  46.354252	  117.501198	  328.462128  
	386	  113.007019	  201.864075	  363.556854  
	387	  266.904999	  105.302231	  448.091400  
	389	  183.527557	  71.071907	  195.383270  
	390	  37.775295	  160.672699	  290.224030  
	391	  216.803101	  158.702408	  264.737000  
	393	  206.816635	  230.935043	  195.142197  
	396	  153.571167	  149.297363	  286.126617  
	397	  142.780579	  220.070572	  292.473572  
	398	  226.102325	  243.252884	  388.057770  
	403	  164.648438	  81.815483	  195.068375  
	404	  167.827606	  111.228409	  213.653427  
	407	  48.716240	  73.186897	  433.285706  
	408	  213.417328	  237.828156	  339.936127  
	409	  246.292725	  236.576843	  281.916595  
	417	  45.145283	  123.674965	  32.713108  
	419	  205.187347	  232.751236	  220.171494  
	423	  37.424927	  104.847420	  416.160004  
	425	  116.409164	  131.906326	  354.763489  
	426	  24.116606	  224.736145	  250.662247  
	427	  182.523270	  132.401245	  238.101990  
	429	  115.820282	  75.250801	  451.482544  
	433	  269.217468	  84.440224	  139.809677  
	434	  147.508301	  296.972321	  364.837372  
	436	  145.244614	  285.517212	  372.290344  
	438	  184.166840	  174.718094	  156.708710  
	442	  145.301376	  224.569580	  240.337723  
	448	  155.219604	  274.152618	  416.003998  
	449	  209.076080	  187.971359	  177.824005  
	450	  220.277390	  134.140854	  406.792938  
	452	  119.648796	  82.982246	  406.677795  
	455	  84.739273	  225.472992	  133.176315  
	456	  39.921185	  231.594681	  453.320251  
	457	  195.254959	  56.674316	  268.887756  
	462	  178.163620	  40.862011	  210.878006  
	463	  93.003433	  162.235870	  157.669296  
	464	  46.206589	  107.352585	  326.030884  
	465	  113.343674	  211.071320	  374.520782  
	466	  270.296783	  89.710609	  444.460968  
	468	  186.187408	  51.585377	  194.664673  
	469	  33.981087	  164.186523	  278.142853  
	472	  206.565262	  216.017212	  187.778793  
	474	  155.283188	  295.301575	  209.367310  
	476	  146.874435	  232.706711	  293.045410  
	477	  225.869263	  232.320297	  377.973602  
	479	  39.050488	  165.207764	  180.322433  
	481	  66.968719	  92.102890	  118.796432  
	486	  39.205490	  64.326614	  423.745880  
	487	  205.834930	  242.535034	  327.224091  
	489	  116.717560	  185.384018	  343.493500  
	494	  158.583969	  233.706726	  204.083130  
	495	  228.085815	  122.881691	  81.798447  
	499	  126.311653	  86.201805	  63.604908  
	500	  159.517120	  163.120178	  284.380920  
	501	  22.203115	  106.533775	  412.423004  
	503	  103.989655	  140.308212	  358.893677  
	505	  179.293732	  124.331406	  248.556046  
	507	  110.092667	  69.422310	  432.278534  
	512	  275.061584	  73.978645	  354.249603  
	513	  66.637611	  71.295334	  375.244843  
	514	  138.844711	  281.240601	  356.303741  
	515	  141.973709	  191.935120	  345.742462  
	517	  78.081604	  79.049248	  85.346306  
	519	  245.664474	  110.462410	  378.218689  
	534	  163.195496	  176.270279	  210.863907  
	538	  156.051437	  267.487793	  216.706635  
	541	  79.369072	  107.942749	  184.331497  
	543	  213.364807	  142.885010	  408.357208  
	544	  254.967972	  236.461838	  306.495087  
	546	  141.279282	  8.862907	  357.266052  
	549	  39.309540	  216.608444	  448.877106  
	550	  206.423462	  67.664673	  266.802185  
	555	  193.627075	  41.323769	  213.388031  
	560	  259.513031	  83.548615	  208.040619  
	561	  186.618332	  36.847252	  194.562195  
	562	  30.974422	  165.950424	  265.531189  
	563	  220.716949	  142.919769	  295.524109  
	564	  162.787476	  235.062241	  181.563461  
	565	  207.189911	  200.658813	  182.226349  
	571	  44.575161	  163.331223	  172.157944  
	577	  158.850159	  282.718475	  413.426514  
	578	  196.623322	  248.758865	  316.067200  
	580	  21.333866	  124.833092	  162.127274  
	587	  196.277496	  259.330200	  209.048523  
	589	  145.663818	  155.682068	  287.260956  
	590	  266.605255	  106.186729	  406.838837  
	593	  145.538437	  19.266018	  277.465912  
	594	  177.223526	  113.236580	  259.508148  
	597	  123.769768	  95.761307	  263.952759  
	599	  270.465576	  74.052689	  341.948822  
	600	  64.026039	  64.780228	  363.758484  
	601	  147.240250	  284.486603	  342.422852  
	602	  142.060608	  207.012543	  347.414795  
	605	  27.985628	  165.705994	  251.033859  
	606	  243.099945	  114.686714	  367.535522  
	607	  23.946766	  167.734894	  356.056946  
	609	  47.706299	  165.903992	  371.380829  
	612	  146.112091	  289.537170	  432.389801  
	614	  274.929047	  190.539871	  347.857422  
	617	  224.085510	  118.533058	  63.073952  
	620	  225.502518	  206.274246	  165.152023  
	621	  105.676712	  260.020538	  180.656815  
	623	  223.560333	  251.340591	  397.945038  
	624	  73.781433	  122.761208	  171.906006  
	625	  199.573410	  206.015915	  261.364349  
	626	  90.413292	  181.982635	  256.053680  
	628	  198.993561	  155.480347	  225.630432  
	629	  32.550335	  168.746155	  188.901184  
	630	  165.010757	  178.306198	  192.115891  
	631	  108.289276	  233.879776	  114.470543  
	633	  227.382813	  185.548492	  362.687286  
	634	  206.310516	  156.004364	  410.111938  
	635	  137.529709	  18.714493	  319.651886  
	637	  279.806152	  221.044540	  351.855377  
	638	  152.984863	  99.559326	  101.460014  
	640	  40.074383	  202.622391	  444.277100  
	644	  117.329353	  213.099472	  98.610901  
	646	  211.454391	  41.248135	  215.056793  
	649	  118.916290	  212.928757	  407.146210  
	651	  264.196411	  84.912315	  188.198196  
	652	  57.775627	  245.440689	  193.334686  
	654	  220.376251	  134.134644	  306.699829  
	655	  156.540817	  227.765411	  171.331772  
	658	  101.803009	  153.777206	  277.562103  
	659	  141.254700	  262.173584	  300.641907  
	661	  50.612854	  162.600800	  163.534988  
	665	  119.591995	  185.686340	  423.426117  
	667	  147.879501	  278.414398	  403.528412  
	668	  186.064667	  255.556976	  307.200531  
	669	  149.264557	  50.693676	  285.954712  
	676	  120.310562	  65.676834	  99.349480  
	678	  253.535370	  105.514870	  399.560059  
	682	  176.939560	  101.027962	  269.966522  
	684	  267.935394	  134.788879	  150.000214  
	685	  134.117645	  88.284523	  260.156433  
	687	  265.406128	  71.397911	  329.316223  
	688	  60.329426	  55.568375	  350.990753  
	689	  156.147415	  285.697174	  329.397491  
	694	  241.622223	  121.634010	  355.228516  
	699	  272.580261	  77.508202	  439.777435  
	704	  217.834869	  114.449097	  52.445427  
	705	  139.446808	  276.439056	  224.806061  
	708	  99.479630	  253.317886	  189.427200  
	711	  197.616364	  217.959763	  257.731018  
	712	  91.409866	  182.140915	  245.434921  
	714	  188.740387	  129.559982	  230.751328  
	715	  39.831234	  183.491470	  187.482544  
	716	  156.379196	  167.435333	  193.394547  
	717	  119.256409	  235.792297	  103.953720  
	718	  72.441261	  87.307274	  109.789925  
	720	  75.957550	  45.482090	  232.715012  
	721	  156.521149	  176.365707	  228.365158  
	727	  245.099579	  147.103714	  340.287231  
	729	  34.605698	  215.283356	  232.502502  
	738	  140.177063	  185.365540	  121.625046  
	740	  200.779022	  170.976349	  411.461334  
	741	  134.462311	  29.135962	  333.973358  
	742	  152.044815	  91.174080	  373.895935  
	743	  27.251574	  209.912857	  345.217834  
	744	  151.732330	  109.362343	  106.531532  
	746	  42.667019	  190.248062	  440.338562  
	752	  93.735657	  267.347870	  216.632050  
	755	  119.986496	  200.798187	  415.785919  
	757	  266.383911	  85.379044	  172.738556  
	759	  272.759583	  153.579117	  234.442703  
	760	  220.937698	  122.929451	  316.728546  
	761	  150.995575	  220.619888	  159.098297  
	764	  135.655533	  272.056274	  304.036194  
	767	  128.463379	  39.429974	  227.493988  
	769	  111.374413	  180.288788	  429.030579  
	771	  136.082336	  276.249725	  394.428741  
	772	  173.974365	  262.746979	  300.542328  
	773	  156.397675	  60.098663	  290.152740  
	776	  101.836533	  47.070976	  55.521297  
	777	  229.760590	  85.524338	  70.335197  
	778	  194.596848	  270.920471	  171.907516  
	779	  125.505585	  57.120129	  112.029076  
	783	  177.423569	  90.275581	  280.963898  
	784	  38.120483	  173.913788	  140.985733  
	786	  261.096405	  66.471939	  317.378693  
	787	  188.061829	  270.373840	  338.526276  
	788	  169.295410	  284.047974	  313.258270  
	789	  137.591995	  238.911224	  351.548431  
	790	  107.368103	  164.594208	  158.545105  
	800	  204.213074	  105.893524	  44.009243  
	803	  242.822067	  226.474289	  147.774323  
	806	  46.785583	  136.761414	  155.527267  
	807	  194.245636	  230.293442	  256.022644  
	809	  154.638306	  63.167683	  179.871552  
	811	  46.447914	  196.484177	  183.674286  
	812	  147.708038	  154.216324	  193.990860  
	813	  128.408371	  236.716354	  92.956841  
	815	  40.041790	  112.882889	  147.933502  
	816	  195.653885	  266.241943	  238.956635  
	817	  143.147964	  179.018631	  233.073364  
	818	  238.487747	  207.011627	  363.227631  
	819	  135.828857	  44.346581	  239.464035  
	822	  191.270187	  269.120636	  205.198792  
	823	  242.135132	  132.499023	  338.957489  
	827	  49.332108	  142.131226	  328.747620  
	828	  254.350845	  149.075714	  328.360596  
	831	  187.395081	  34.117447	  290.953674  
	832	  139.675507	  171.253693	  118.627441  
	833	  255.687149	  82.544403	  91.621094  
	838	  265.332703	  229.272141	  171.789673  
	842	  256.621765	  61.918575	  355.440521  
	846	  260.584045	  114.409996	  142.063995  
	852	  196.321045	  186.857742	  412.124695  
	853	  133.353638	  39.896526	  345.264496  
	856	  47.609936	  178.212524	  436.632874  
	862	  171.567352	  272.392914	  305.219177  
	864	  267.110962	  85.325272	  157.854202  
	866	  265.841187	  144.820953	  228.448441  
	867	  221.507172	  110.698051	  324.008057  
	868	  146.402756	  212.657196	  144.483627  
	870	  28.002125	  119.149406	  161.941025  
	871	  127.961967	  285.182617	  306.445953  
	874	  99.222092	  172.337341	  434.141418  
	876	  123.046761	  276.182404	  386.156006  
	878	  166.821411	  70.364296	  293.534668  
	881	  99.156006	  57.898075	  53.986752  
	883	  195.674713	  268.883087	  158.829575  
	884	  129.618820	  49.111748	  123.146088  
	887	  176.623520	  77.988716	  295.485016  
	889	  153.780701	  58.874039	  263.037903  
	891	  187.739700	  259.571381	  326.576843  
	892	  136.794220	  254.503540	  353.738342  
	893	  199.492798	  250.846069	  129.174728  
	900	  188.149139	  102.787689	  65.715111  
	902	  234.856995	  243.186096	  143.929947  
	903	  87.138290	  236.678787	  224.082703  
	906	  189.541183	  243.147461	  256.428223  
	908	  150.837799	  72.331696	  178.279877  
	910	  53.233917	  208.773361	  177.580063  
	911	  140.358261	  140.729614	  194.159134  
	912	  141.933929	  237.513550	  72.591568  
	913	  90.092186	  62.007427	  75.108109  
	914	  33.303669	  117.539398	  154.143234  
	915	  185.032227	  260.747620	  247.430023  
	916	  128.043564	  180.937851	  237.258530  
	917	  248.262177	  218.380325	  362.356018  
	918	  142.677109	  49.396187	  249.104126  
	920	  243.594894	  122.599411	  279.952118  
	921	  240.916245	  122.463417	  324.308594  
	923	  158.037842	  194.342697	  150.744797  
	926	  261.764221	  149.621368	  316.339264  
	929	  190.007584	  28.146524	  302.947357  
	930	  141.578156	  153.025665	  116.275017  
	933	  37.402115	  168.028000	  377.703278  
	935	  139.491989	  11.648297	  161.043655  
	936	  129.937820	  174.119232	  147.663971  
	937	  67.991577	  245.026962	  81.652954  
	939	  242.625061	  66.929115	  353.337982  
	942	  131.118866	  173.267654	  418.736633  
	943	  52.541180	  65.313957	  305.726501  
	945	  188.262863	  109.930428	  236.483932  
	946	  226.408066	  183.183685	  176.363907  
	947	  101.724915	  45.805237	  220.824905  
	950	  260.141907	  150.042328	  206.587631  
	953	  214.426804	  147.724930	  90.146080  
	959	  82.739227	  198.867111	  120.307571  
	960	  117.472908	  226.743576	  394.000336  
	967	  193.858582	  202.473694	  413.609436  
	968	  133.292847	  52.308117	  355.418365  
	969	  164.750046	  90.623756	  371.307678  
	970	  134.729874	  143.160477	  109.757652  
	971	  54.271206	  168.383942	  433.462250  
	980	  221.050064	  98.479759	  328.409119  
	982	  29.372257	  127.710587	  151.576065  
	984	  86.086838	  165.749496	  437.520172  
	986	  239.160324	  53.333080	  379.274017  
	987	  151.467316	  254.925125	  281.945801  
	989	  96.170998	  67.650200	  50.296558  
	991	  196.650970	  264.691193	  148.498489  
	992	  136.520737	  31.711510	  118.802383  
	995	  182.546051	  75.400383	  308.313232  
	997	  168.577423	  55.344582	  264.867584  
	998	  239.266495	  72.879486	  286.064270  
	999	  189.419617	  249.665405	  315.842529  
	1000	  137.603043	  270.197174	  355.775177  
	1001	  38.140354	  123.416832	  265.145813  
	1004	  108.419952	  31.086473	  -0.308773  
	1007	  229.190598	  252.378250	  142.567261  
	1008	  73.813065	  234.692001	  232.032486  
	1010	  183.743881	  256.631012	  259.144104  
	1017	  93.781212	  52.241344	  68.507393  
	1019	  175.341064	  255.307281	  257.617279  
	1020	  112.219337	  182.049561	  240.396332  
	1021	  259.194794	  226.990158	  360.360291  
	1023	  251.196182	  115.783447	  281.733612  
	1024	  241.810257	  114.026382	  310.935516  
	1026	  157.040115	  200.910950	  142.188339  
	1028	  268.414032	  148.259033	  302.890625  
	1031	  48.012413	  232.644760	  306.468353  
	1032	  143.924942	  142.412384	  114.800972  
	1033	  128.544281	  276.604370	  69.716599  
	1036	  131.278931	  169.337479	  135.017944  
	1037	  62.641891	  232.323685	  65.440025  
	1039	  228.223969	  70.447212	  350.113434  
	1043	  61.682217	  60.568226	  296.409821  
	1045	  185.518005	  95.350853	  241.274948  
	1046	  234.811386	  178.480545	  168.824341  
	1047	  104.632301	  55.423485	  205.445740  
	1049	  190.188370	  193.427338	  299.297424  
	1050	  254.951935	  139.536118	  224.389740  
	1054	  173.048691	  135.239853	  286.273132  
	1057	  85.806068	  193.301025	  111.241081  
	1062	  185.002548	  96.709427	  213.282501  
	1066	  252.556107	  152.626862	  196.761154  
	1070	  265.063904	  153.569046	  162.286118  
	1072	  271.978119	  84.483864	  126.333275  
	1077	  96.088394	  115.634361	  270.652649  
	1082	  163.603592	  45.528439	  171.849960  
	1083	  63.342117	  246.424606	  183.025146  
	1086	  126.111206	  226.126434	  243.041260  
	1089	  264.311340	  68.469604	  216.552429  
	1091	  98.920624	  231.283035	  121.999138  
	1092	  148.253906	  50.409248	  269.893768  
	1101	  194.566971	  216.012756	  414.740631  
	1102	  133.581573	  65.890327	  364.003845  
	1105	  62.451023	  160.643051	  430.196869  
	1113	  255.503082	  125.388115	  224.142014  
	1114	  219.104980	  86.434616	  330.290894  
	1116	  73.580078	  161.945847	  439.680267  
	1118	  226.011307	  57.453514	  374.361023  
	1119	  140.005798	  250.103821	  275.095337  
	1121	  92.299736	  78.215073	  43.984612  
	1122	  215.725266	  59.001904	  48.960007  
	1127	  186.852798	  73.761414	  320.796692  
	1129	  181.716064	  48.044514	  272.804749  
	1130	  231.110519	  80.655319	  276.194122  
	1131	  194.733170	  244.942017	  300.227112  
	1132	  37.823002	  111.123619	  268.323639  
	1133	  64.100700	  223.631958	  352.034943  
	1139	  177.051468	  270.587158	  264.104370  
	1145	  164.710236	  240.187576	  36.047451  
	1146	  94.515121	  40.898090	  60.986076  
	1147	  166.801773	  250.758789	  268.993134  
	1151	  260.194122	  106.337357	  280.885559  
	1152	  244.561661	  104.898651	  297.920502  
	1156	  274.010345	  144.622147	  289.173492  
	1159	  38.395004	  221.626633	  308.689240  
	1160	  128.831955	  264.826172	  60.926437  
	1161	  155.010483	  12.216469	  305.116913  
	1166	  213.653870	  72.372490	  346.038818  
	1168	  35.762070	  201.200531	  234.573776  
	1169	  144.637268	  148.693497	  408.432770  
	1170	  69.257713	  56.123615	  286.089264  
	1172	  180.961533	  81.795837	  246.852921  
	1174	  105.571205	  64.707542	  193.666107  
	1176	  249.039444	  132.592941	  237.198898  
	1177	  39.776531	  121.435577	  68.203369  
	1179	  185.441299	  127.305069	  284.504730  
	1183	  121.575508	  261.368774	  392.973755  
	1188	  54.270210	  240.358444	  208.071640  
	1189	  247.885376	  146.737289	  185.351440  
	1191	  158.132874	  114.001633	  232.695267  
	1193	  66.262360	  161.579605	  146.102463  
	1195	  106.678284	  83.194283	  71.882584  
	1198	  223.182327	  90.496239	  267.019806  
	1200	  69.684502	  245.367569	  170.246216  
	1204	  257.683594	  224.816376	  138.058411  
	1205	  142.817032	  37.779648	  279.051910  
	1206	  33.957745	  183.564804	  241.426010  
	1212	  200.825485	  187.732224	  270.105896  
	1213	  96.194199	  72.617119	  218.296356  
	1215	  246.504807	  103.816536	  229.201645  
	1216	  172.465744	  244.735443	  192.732635  
	1218	  25.806108	  132.703262	  45.520317  
	1220	  88.179718	  85.697174	  70.554939  
	1221	  149.285858	  8.944858	  276.443115  
	1226	  69.096222	  212.376022	  196.142761  
	1234	  60.513424	  224.575638	  58.069195  
	1236	  136.145844	  78.692513	  371.532074  
	1239	  71.741035	  155.034760	  426.002289  
	1250	  61.398014	  160.517258	  440.175903  
	1252	  214.749268	  62.646240	  371.333527  
	1253	  129.289200	  244.423096	  270.364807  
	1255	  86.408676	  91.558189	  34.521275  
	1263	  201.401627	  241.993607	  287.299744  
	1264	  34.131142	  97.986000	  270.483643  
	1268	  138.392456	  87.013039	  60.430946  
	1270	  67.787086	  228.197357	  260.772949  
	1271	  169.419937	  283.191223	  267.794556  
	1274	  180.067276	  63.601593	  216.000549  
	1275	  127.420967	  95.882637	  178.792419  
	1278	  158.622086	  247.678650	  281.254639  
	1280	  268.131256	  95.700172	  277.112946  
	1281	  248.553101	  94.913841	  286.357758  
	1282	  163.607437	  199.589798	  100.272430  
	1283	  278.597137	  138.857330	  276.125977  
	1284	  93.883064	  36.612621	  143.206940  
	1286	  34.352047	  212.684357	  325.719208  
	1287	  127.664696	  248.639511	  48.605145  
	1289	  158.215103	  28.013863	  120.060417  
	1292	  191.785095	  73.075211	  340.203705  
	1294	  149.543015	  134.437271	  402.416748  
	1295	  75.778358	  52.601604	  274.372559  
	1297	  175.704193	  69.650314	  253.803635  
	1300	  188.075241	  218.165924	  311.432312  
	1301	  241.984833	  127.637344	  250.146378  
	1302	  46.910591	  115.319115	  84.948860  
	1303	  196.553085	  121.092903	  281.072021  
	1305	  171.297653	  79.950386	  67.064194  
	1306	  95.238373	  173.062683	  83.517700  
	1307	  125.725838	  275.850983	  392.027618  
	1311	  65.653992	  236.474380	  223.308411  
	1316	  75.312424	  140.270035	  123.154030  
	1319	  221.064621	  109.698921	  269.649109  
	1325	  266.946686	  224.761581	  129.699829  
	1330	  183.738190	  161.974213	  130.027115  
	1331	  202.074936	  179.414108	  18.297510  
	1333	  105.919075	  81.036301	  227.622253  
	1335	  172.614151	  243.398468	  181.501816  
	1339	  154.448044	  3.200612	  286.371490  
	1344	  73.918213	  147.225143	  224.065063  
	1347	  121.021759	  131.072128	  101.400703  
	1349	  86.224808	  65.349754	  175.826569  
	1352	  259.174805	  211.382813	  190.136200  
	1382	  119.819504	  237.805527	  266.776245  
	1389	  209.666306	  241.003998	  275.819031  
	1391	  75.248871	  238.181976	  349.717438  
	1392	  252.444855	  214.831711	  -0.013627  
	1398	  127.109810	  84.311058	  169.474167  
	1400	  149.909607	  245.981125	  291.968994  
	1402	  274.102386	  84.425903	  270.871094  
	1403	  253.893158	  85.540070	  276.828217  
	1404	  169.817215	  198.206345	  78.332558  
	1405	  22.526278	  131.226959	  263.919678  
	1408	  124.524315	  234.418488	  38.403152  
	1413	  153.945953	  120.167053	  396.974213  
	1414	  81.514488	  50.275238	  260.783478  
	1416	  109.684586	  84.440865	  164.747238  
	1418	  233.308548	  124.592522	  265.925446  
	1419	  51.473694	  109.912605	  101.576797  
	1425	  241.166382	  132.657593	  156.780838  
	1426	  189.009644	  181.435806	  51.418781  
	1429	  76.854034	  130.137680	  114.221352  
	1432	  28.333265	  71.917336	  42.363609  
	1433	  78.177429	  238.609619	  150.661652  
	1435	  273.433563	  226.420364	  122.064125  
	1438	  177.975769	  160.023071	  121.297951  
	1440	  115.916695	  87.910507	  235.071655  
	1441	  172.127899	  237.673721	  167.646103  
	1443	  129.763443	  154.634476	  165.219788  
	1445	  32.525818	  223.296799	  298.945587  
	1446	  108.646362	  207.491547	  81.341995  
	1447	  79.648247	  200.818771	  222.244812  
	1449	  215.159622	  227.830856	  40.253250  
	1450	  67.588158	  138.784576	  218.759903  
	1455	  86.053238	  57.623394	  163.743988  
	1456	  101.701096	  92.843407	  194.980942  
	1457	  256.957947	  200.663895	  174.758789  
	1461	  103.435936	  149.893799	  159.164688  
	1473	  66.555344	  140.260101	  159.654236  
	1474	  155.969284	  178.354492	  168.040741  
	1475	  103.632233	  226.572311	  94.901337  
	1485	  166.393524	  268.783905	  84.683945  
	1489	  86.967995	  149.582352	  416.649353  
	1493	  88.287865	  209.426239	  15.189890  
	1494	  39.977264	  161.549850	  436.547821  
	1502	  24.551662	  79.882652	  271.263214  
	1503	  77.441994	  246.883926	  345.027863  
	1507	  126.671272	  74.408203	  159.214188  
	1510	  277.281158	  74.497002	  263.692627  
	1511	  259.550262	  79.059525	  269.864105  
	1512	  177.290726	  196.658707	  64.415947  
	1513	  25.365950	  121.768776	  252.045441  
	1520	  159.207977	  107.169678	  390.404480  
	1521	  86.040916	  49.435856	  246.259369  
	1523	  115.627052	  85.391754	  155.248764  
	1526	  53.453922	  105.656998	  115.400887  
	1530	  125.226685	  76.031487	  154.947723  
	1535	  36.825436	  66.205505	  63.865395  
	1536	  233.512680	  130.764160	  274.119995  
	1537	  278.130432	  77.934059	  27.977270  
	1541	  166.813858	  157.754471	  111.432465  
	1543	  127.179558	  93.837715	  241.504761  
	1548	  84.167503	  194.226563	  232.162781  
	1550	  210.596649	  218.617157	  39.460964  
	1551	  60.641903	  132.477356	  213.592377  
	1552	  55.339890	  194.516708	  38.645912  
	1555	  87.719925	  50.764324	  155.759048  
	1559	  110.775177	  137.068237	  154.959488  
	1563	  204.963257	  60.739960	  51.206234  
	1564	  262.042267	  154.444870	  43.349617  
	1565	  248.932434	  135.522964	  -0.198725  
	1568	  103.080528	  204.196869	  70.409050  
	1569	  75.283020	  153.139313	  153.775864  
	1570	  157.184067	  167.362686	  165.338852  
	1571	  92.858994	  234.262314	  91.732681  
	1588	  225.592010	  75.499054	  57.504810  
	1595	  150.275620	  6.385086	  112.904869  
	1596	  104.695076	  81.660400	  175.788681  
	1605	  200.447449	  35.687279	  321.196838  
	1611	  223.382492	  242.655807	  261.763550  
	1612	  271.391663	  78.377930	  271.014893  
	1616	  126.421455	  66.437614	  149.048553  
	1619	  148.445465	  290.735229	  255.730652  
	1622	  26.587173	  111.452698	  239.841614  
	1623	  116.311005	  213.760895	  26.098005  
	1626	  164.726166	  96.330856	  382.928558  
	1627	  151.081451	  16.113127	  -0.239721  
	1638	  157.792633	  156.677246	  104.689369  
	1640	  137.691025	  97.765770	  246.259293  
	1642	  186.949066	  206.148865	  129.032608  
	1646	  150.166763	  158.991974	  60.310394  
	1648	  52.851170	  127.634506	  207.291870  
	1650	  125.682129	  108.605072	  108.220108  
	1651	  105.046967	  194.715210	  19.311033  
	1653	  267.147980	  179.604767	  144.408279  
	1654	  155.676865	  27.348265	  -0.312427  
	1655	  118.840858	  128.890625	  150.934769  
	1661	  243.989441	  203.590485	  48.904846  
	1665	  81.982483	  239.882675	  87.939751  
	1668	  266.890167	  131.162109	  103.811493  
	1671	  99.416336	  75.004204	  -0.330027  
	1680	  198.147903	  178.557068	  110.030533  
	1683	  94.084396	  94.183594	  179.382111  
	1684	  194.972260	  62.570190	  55.470207  
	1689	  196.348267	  254.350342	  86.562958  
	1690	  181.186142	  38.067295	  84.963631  
	1692	  60.064350	  185.185074	  151.450363  
	1698	  247.529602	  173.898651	  159.996506  
	1702	  166.740875	  165.140335	  59.584270  
	1705	  74.964249	  112.647606	  23.347473  
	1707	  232.697342	  100.087219	  86.721153  
	1712	  142.746552	  149.310074	  162.185944  
	1723	  147.975983	  284.070831	  247.967712  
	1724	  254.800751	  61.914650	  237.725266  
	1726	  26.704695	  104.613785	  230.362915  
	1740	  190.029922	  195.650604	  120.119133  
	1742	  186.003677	  244.177139	  14.698506  
	1744	  192.118057	  193.692017	  49.159279  
	1745	  44.694786	  124.430779	  199.422897  
	1752	  127.027588	  123.328651	  146.714630  
	1757	  153.814819	  157.789719	  163.153503  
	1758	  193.644806	  229.283646	  -0.224369  
	1759	  258.137634	  138.124069	  100.842812  
	1766	  142.691513	  154.257950	  110.121880  
	1767	  253.936203	  115.788033	  -0.288145  
	1770	  127.198395	  115.994522	  191.083206  
	1780	  175.254471	  171.495804	  49.188011  
	1781	  252.667557	  178.573380	  151.440201  
	1790	  41.841904	  117.402687	  139.150742  
	1794	  165.280640	  44.398666	  187.042480  
	1799	  58.552917	  198.124863	  157.237885  
	1808	  195.449387	  259.477753	  34.485641  
	1814	  74.939598	  106.466949	  98.531311  
	1817	  276.277222	  86.203705	  111.777603  
	1826	  190.366379	  73.736725	  110.672226  
	1830	  145.793884	  276.237823	  235.754807  
	1831	  124.130898	  283.123688	  226.380920  
	1833	  26.359764	  98.715042	  220.419449  
	1836	  172.557312	  84.568924	  371.832153  
	1846	  36.507511	  122.955719	  189.606171  
	1848	  136.743179	  99.733307	  100.410675  
	1851	  251.979431	  165.578995	  121.021179  
	1853	  136.577454	  118.660439	  141.318466  
	1864	  264.683075	  213.480530	  -0.170688  
	1870	  195.394363	  178.794571	  84.169388  
	1874	  246.156952	  201.203110	  18.066462  
	1878	  251.242310	  175.861908	  141.423660  
	1894	  59.575375	  218.480515	  170.685928  
	1904	  170.592041	  33.465549	  100.407875  
	1905	  218.189606	  161.956467	  0.995008  
	1912	  212.106018	  114.485550	  161.376694  
	1917	  179.212738	  65.444084	  66.895210  
	1918	  172.018829	  49.120918	  203.548431  
	1919	  124.050735	  280.732086	  211.783798  
	1921	  25.788763	  92.160431	  208.067871  
	1923	  180.400131	  76.027542	  360.889862  
	1928	  29.012125	  123.175278	  178.052505  
	1930	  146.846359	  93.180367	  95.004417  
	1934	  148.347122	  114.117050	  133.966705  
	1937	  244.719513	  191.996994	  49.197647  
	1939	  197.164597	  211.637451	  -0.236153  
	1944	  37.677029	  204.448563	  64.172607  
	1949	  251.065460	  171.132813	  129.810699  
	1955	  181.006790	  20.866484	  134.161514  
	1958	  171.550873	  151.475601	  127.247437  
	1961	  254.608078	  154.258011	  110.022301  
	1969	  244.857864	  172.536957	  51.323334  
	1977	  168.582199	  209.103516	  180.966232  
	1993	  25.550623	  150.078369	  -0.238617  
	1994	  107.549057	  145.792770	  396.618378  
	1995	  277.247131	  166.381226	  422.297058  
	1997	  124.854256	  280.378143	  197.044769  
	2001	  188.201904	  237.964111	  315.637787  
	2006	  175.701141	  86.502113	  57.781673  
	2007	  158.559967	  110.037560	  126.954613  
	2018	  149.499237	  52.565216	  133.170074  
	2043	  88.295647	  186.032074	  26.374477  
	2045	  194.866943	  179.574539	  151.813889  
	2049	  25.086527	  112.875778	  115.266159  
	2058	  112.545471	  145.313843	  387.897247  
	2059	  269.237274	  169.722992	  410.693604  
	2061	  126.205116	  281.284149	  185.851730  
	2072	  275.918182	  187.112167	  -0.180122  
	2076	  166.413696	  280.526703	  70.470818  
	2079	  227.256561	  152.584000	  -0.246698  
	2085	  166.149979	  215.287354	  160.994537  
	2095	  264.922485	  84.339661	  18.061562  
	2103	  150.230911	  22.994108	  135.841568  
	2116	  190.131073	  86.230652	  68.039154  
	2121	  160.400558	  45.660885	  127.752281  
	2124	  169.901199	  224.553711	  155.839752  
	2126	  86.599281	  173.983871	  27.978395  
	2137	  156.414932	  238.863235	  48.000885  
	2143	  184.917099	  55.296181	  117.245499  
	2145	  33.810440	  103.748558	  123.431816  
	2159	  168.296402	  39.055489	  124.829338  
	2164	  219.341919	  115.269424	  100.432144  
	2168	  159.419693	  13.265846	  114.003609  
	2169	  277.315704	  178.805618	  141.776474  
	2173	  240.122131	  76.620888	  41.382484  
	2182	  124.712799	  146.249542	  341.728302  
	2183	  128.033615	  282.092621	  173.498276  
	2191	  162.005890	  207.617584	  151.181244  
	2194	  241.053589	  126.844734	  146.548721  
	2196	  143.403290	  202.240814	  128.915497  
	2201	  127.280304	  148.079468	  325.724030  
	2215	  131.369370	  150.970444	  310.966431  
	2218	  253.362335	  80.005028	  26.881275  
	2219	  194.040909	  93.817322	  100.991608  
	2222	  136.800400	  153.411240	  299.526428  
   2  total number of boundary nodes
node bctyp press/flow   HD    PO2
	1	  0	  100.000000	  0.400000	  100.000000
	14	  0	  20.000000	  0.400000	  18.000000

