Network for 3D brain angiogenesis, hexagonal periodic
300.000000  300.000000  500.000000	box dimensions in microns
  15   15    25  	number of tissue points in x,y,z directions
  0.000000			outer bound distance (100. in test case)
  75.000000			max. segment length.  (5. in test case)
  40				nodsegm, max. number of segments per node
  24  				total number of segments 
name type from  to  diam       flow
1	4	1	2	7	0	0.4
2	3	2	3	8	0	0.4
3	1	3	4	8	0	0.4
4	1	4	5	8	0	0.4
5	1	5	6	8	0	0.4
6	1	6	7	8	0	0.4
7	1	7	8	8	0	0.4
8	1	8	9	8	0	0.4
9	1	9	10	8	0	0.4
10	1	10	11	8	0	0.4
11	0	11	12	8	0	0.4
12	5	3	13	8	0	0.4
13	5	13	16	8	0	0.4
14	4	14	15	16	0	0.4
15	3	15	16	8	0	0.4
16	1	16	17	8	0	0.4
17	1	17	18	8	0	0.4
18	1	18	19	8	0	0.4
19	1	19	20	8	0	0.4
20	1	20	21	8	0	0.4
21	1	21	22	8	0	0.4
22	1	22	23	8	0	0.4
23	1	23	24	8	0	0.4
24	0	24	25	8	0	0.4
25       total number of nodes
name    x       y       z
1	25.		77.9	500.
2	55.		95.2	500.
3	85.		112.5	500.
4	85.		112.5	450.
5	85.		112.5	400.
6	85.		112.5	350.
7	85.		112.5	300.
8	85.		112.5	250.
9	85.		112.5	200.
10	85.		112.5	167.
11	85.		112.5	133.
12	85.		112.5	100.
13	150.	150.	500.
14	275.	222.1	500.
15	245.	204.8	500.
16	215.	187.5	500.
17	215.	187.5	450.
18	215.	187.5	400.
19	215.	187.5	350.
20	215.	187.5	300.
21	215.	187.5	250.
22	215.	187.5	200.
23	215.	187.5	167.
24	215.	187.5	133.
25	215.	187.5	100.
2  total number of boundary nodes
node bctyp press/flow   HD    PO2
	1	  0   100.00	  0.400000	  100.000000 
	14	  0	  20.000	  0.400000	  18.000000
