315559 200 10.000020 Current network file generated by angioadapt
  300.000000  300.000000  500.000000	box dimensions in microns
  12    12    20 	number of tissue points in x,y,z directions
  0.000000			outer bound distance (100. in test case)
  75.000000				max. segment length.  (5. in test case)
   40				nodsegm, max. number of segments per node
  678				total number of segments 
  name type from  to  diam       flow
	1	  4	  1	  2	  8.000000	  46.903728	  0.400000  
	2	  3	  2	  3	  9.365126	  46.903728	  0.400000  
	3	  5	  3	  44	  9.590038	  42.956848	  0.432489  
	4	  5	  44	  119	  9.477719	  32.477337	  0.473487  
	5	  5	  5	  30	  9.655296	  32.477337	  0.473487  
	6	  5	  6	  50	  9.316433	  19.955925	  0.501933  
	7	  5	  7	  8	  9.597173	  19.473167	  0.514376  
	8	  5	  8	  1324	  9.798636	  18.222048	  0.545749  
	9	  5	  1324	  302	  9.020917	  11.947826	  0.515607  
	11	  5	  11	  35	  4.784647	  0.284802	  0.496715  
	12	  5	  3	  13	  3.513803	  3.946882	  0.046401  
	13	  5	  13	  16	  4.266277	  3.946882	  0.046401  
	14	  4	  14	  15	  16.000000	  -46.903728	  0.400000  
	15	  3	  15	  16	  11.506499	  -46.903728	  0.400000  
	16	  5	  16	  245	  11.506467	  -42.956848	  0.432489  
	17	  5	  245	  195	  10.369704	  -31.899912	  0.391663  
	18	  5	  195	  432	  9.755563	  -22.650919	  0.412278  
	19	  5	  19	  36	  8.701449	  -12.217360	  0.434732  
	21	  5	  21	  22	  7.451504	  -5.220768	  0.377487  
	23	  5	  444	  986	  5.096484	  -0.488816	  0.402427  
	25	  5	  30	  51	  9.077459	  19.955925	  0.501933  
	26	  5	  22	  197	  6.561647	  -2.651927	  0.388177  
	31	  5	  444	  957	  3.686892	  -0.396578	  0.245420  
	33	  5	  1173	  11	  4.489464	  0.284802	  0.496715  
	34	  5	  35	  776	  4.927759	  0.284802	  0.496715  
	35	  5	  36	  198	  8.212752	  -9.078476	  0.453830  
	36	  5	  49	  21	  7.278888	  -5.220768	  0.377487  
	39	  5	  30	  117	  7.932855	  12.521411	  0.428153  
	44	  5	  1324	  89	  3.484317	  0.993138	  0.176242  
	47	  5	  36	  62	  5.846657	  -1.878112	  0.595827  
	49	  5	  50	  7	  9.442674	  19.473167	  0.514376  
	50	  5	  51	  6	  9.204109	  19.955925	  0.501933  
	57	  5	  44	  58	  6.396021	  10.479510	  0.305429  
	59	  5	  1173	  60	  6.320620	  1.005010	  0.818757  
	63	  5	  50	  182	  3.089909	  0.482758	  0.000000  
	68	  5	  198	  49	  7.522866	  -6.054328	  0.404960  
	70	  5	  433	  1364	  5.357884	  1.004694	  0.611899  
	73	  5	  58	  74	  6.551674	  10.479510	  0.305429  
	75	  5	  60	  126	  6.860495	  1.005010	  0.818757  
	76	  5	  953	  77	  4.946941	  -0.655298	  0.302902  
	78	  5	  63	  79	  4.757838	  -0.833559	  0.577029  
	83	  5	  19	  667	  7.550522	  -8.407814	  0.350178  
	95	  5	  74	  96	  6.685693	  10.479510	  0.305429  
	99	  5	  78	  246	  5.834231	  -1.878112	  0.595827  
	100	  5	  79	  101	  4.696179	  -0.833559	  0.577029  
	105	  5	  667	  134	  4.083210	  -1.557807	  0.181890  
	107	  5	  62	  78	  5.340531	  -1.878112	  0.595827  
	110	  5	  89	  191	  3.809727	  0.993138	  0.176242  
	119	  5	  119	  5	  9.582895	  32.477337	  0.473487  
	120	  5	  117	  120	  4.350741	  2.980608	  0.293777  
	121	  5	  1895	  121	  3.858109	  -0.923321	  0.298638  
	124	  5	  96	  400	  6.834579	  10.479510	  0.305429  
	127	  5	  77	  1461	  5.886559	  -1.397014	  0.324594  
	129	  5	  101	  129	  4.612425	  -0.833559	  0.577029  
	130	  5	  182	  130	  7.320051	  8.081952	  0.376879  
	135	  5	  930	  135	  7.836718	  -6.850007	  0.388449  
	139	  5	  1324	  1568	  3.712774	  0.764344	  0.244253  
	142	  5	  245	  654	  8.295283	  -7.231885	  0.531013  
	145	  5	  117	  427	  7.655334	  9.540803	  0.470132  
	148	  5	  36	  148	  4.096330	  -1.260773	  0.057238  
	151	  5	  77	  299	  5.065491	  0.741716	  0.343759  
	153	  5	  120	  153	  4.627109	  2.980608	  0.293777  
	161	  5	  246	  161	  5.839831	  -1.878112	  0.595827  
	162	  5	  129	  162	  4.511105	  -0.833559	  0.577029  
	167	  5	  134	  212	  3.961477	  -1.557807	  0.181890  
	168	  5	  135	  168	  7.909737	  -6.850007	  0.388449  
	181	  5	  148	  181	  4.128192	  -1.260773	  0.057238  
	183	  5	  686	  1271	  3.283826	  0.422315	  0.132827  
	198	  5	  197	  444	  5.998583	  -1.606834	  0.387243  
	199	  5	  198	  687	  4.640698	  -1.733171	  0.596993  
	200	  5	  153	  199	  4.704724	  2.980608	  0.293777  
	201	  5	  121	  200	  3.733845	  -0.923321	  0.298638  
	204	  5	  400	  660	  3.739961	  1.619543	  0.051043  
	208	  5	  161	  207	  5.838778	  -1.878112	  0.595827  
	209	  5	  162	  319	  4.295091	  -0.833559	  0.577029  
	210	  5	  301	  209	  4.296391	  1.411269	  0.234820  
	214	  5	  168	  213	  7.961651	  -6.850007	  0.388449  
	224	  5	  427	  280	  5.291142	  3.754131	  0.461792  
	228	  5	  182	  227	  7.432579	  -8.859967	  0.351930  
	241	  5	  195	  240	  5.048113	  -2.980608	  0.293777  
	243	  5	  197	  242	  3.900636	  -0.231828	  0.491417  
	244	  5	  63	  49	  4.866767	  0.833559	  0.577029  
	251	  5	  130	  301	  7.389548	  6.524145	  0.423438  
	257	  5	  199	  256	  4.785870	  2.980608	  0.293777  
	258	  5	  200	  257	  3.576526	  -0.923321	  0.298638  
	260	  5	  490	  1868	  3.507264	  0.246482	  0.277583  
	265	  5	  207	  1339	  5.837104	  -1.878112	  0.595827  
	267	  5	  209	  266	  4.460851	  1.411269	  0.234820  
	270	  5	  212	  269	  3.848646	  -1.557807	  0.181890  
	271	  5	  213	  270	  8.009408	  -6.850007	  0.388449  
	276	  5	  1098	  275	  5.520218	  -1.058596	  0.419638  
	285	  5	  227	  284	  7.370567	  -8.859967	  0.351930  
	293	  5	  236	  292	  4.074657	  0.993138	  0.176242  
	295	  5	  8	  294	  3.096292	  1.251120	  0.057439  
	297	  5	  240	  296	  4.950593	  -2.980608	  0.293777  
	299	  5	  242	  722	  3.881470	  -0.231828	  0.491417  
	302	  5	  245	  298	  8.052777	  -3.825049	  0.586686  
	309	  5	  181	  304	  4.063311	  -1.260773	  0.057238  
	315	  5	  256	  310	  4.857959	  2.980608	  0.293777  
	316	  5	  257	  375	  5.739663	  1.673849	  0.406486  
	325	  5	  266	  596	  4.597481	  1.411269	  0.234820  
	328	  5	  269	  323	  3.750312	  -1.557807	  0.181890  
	329	  5	  270	  346	  8.067283	  -6.850007	  0.388449  
	334	  5	  275	  329	  5.463820	  -1.058596	  0.419638  
	339	  5	  280	  581	  5.490033	  3.754131	  0.461792  
	343	  5	  284	  338	  7.301227	  -8.859967	  0.351930  
	351	  5	  292	  346	  4.135635	  0.993138	  0.176242  
	353	  5	  294	  936	  3.291052	  1.251120	  0.057439  
	355	  5	  296	  310	  4.709678	  -2.980608	  0.293777  
	357	  5	  298	  352	  8.097208	  -3.825049	  0.586686  
	358	  5	  299	  353	  5.575722	  0.741716	  0.343759  
	360	  5	  301	  355	  7.246692	  5.112877	  0.475501  
	363	  5	  304	  358	  4.087534	  -1.260773	  0.057238  
	364	  5	  511	  359	  5.788835	  -1.290977	  0.490816  
	371	  5	  126	  1539	  4.735600	  0.365602	  0.786741  
	378	  5	  432	  19	  9.538491	  -20.625174	  0.400264  
	386	  5	  1440	  1090	  5.274171	  0.701431	  0.414584  
	388	  5	  1339	  598	  6.097068	  -2.016114	  0.695955  
	389	  5	  319	  1324	  3.879644	  -0.833559	  0.577029  
	393	  5	  323	  385	  3.647038	  -1.557807	  0.181890  
	394	  5	  346	  386	  6.951173	  -2.556870	  0.505010  
	396	  5	  599	  2092	  5.810577	  -0.874844	  0.414186  
	398	  5	  1310	  390	  3.143780	  0.214583	  0.041104  
	399	  5	  329	  375	  5.389647	  -1.058596	  0.419638  
	401	  5	  654	  393	  5.771806	  -1.925327	  0.339655  
	404	  5	  581	  396	  4.677623	  1.728387	  0.376451  
	408	  5	  338	  400	  7.221681	  -8.859967	  0.351930  
	418	  5	  936	  409	  3.451047	  1.251120	  0.057439  
	422	  5	  352	  413	  8.136934	  -3.825049	  0.586686  
	423	  5	  353	  414	  5.672215	  0.741716	  0.343759  
	426	  5	  302	  417	  6.333757	  5.572276	  0.548408  
	428	  5	  358	  419	  4.101845	  -1.260773	  0.057238  
	429	  5	  359	  420	  5.838673	  -1.290977	  0.490816  
	431	  5	  1224	  422	  3.571814	  0.636898	  0.101924  
	458	  5	  375	  445	  3.554710	  0.352817	  0.433106  
	463	  5	  1090	  233	  4.791558	  0.713581	  0.317411  
	465	  5	  598	  1051	  6.253712	  -2.620219	  0.835588  
	468	  5	  385	  130	  3.486610	  -1.557807	  0.181890  
	469	  5	  386	  1807	  7.116573	  -2.556870	  0.505010  
	473	  5	  390	  459	  3.126568	  0.214583	  0.041104  
	475	  5	  393	  461	  5.804722	  -1.925327	  0.339655  
	478	  5	  396	  464	  4.831841	  1.728387	  0.376451  
	490	  5	  459	  558	  4.698092	  0.736304	  0.428514  
	491	  5	  409	  97	  3.483487	  1.251120	  0.057439  
	495	  5	  413	  480	  8.168358	  -3.825049	  0.586686  
	499	  5	  417	  484	  6.444151	  5.572276	  0.548408  
	501	  5	  419	  486	  4.111901	  -1.260773	  0.057238  
	502	  5	  420	  487	  5.878034	  -1.290977	  0.490816  
	503	  5	  875	  488	  4.233718	  -0.531901	  0.570988  
	509	  5	  427	  494	  7.271789	  5.786673	  0.475543  
	514	  5	  432	  496	  4.479356	  -2.025744	  0.534606  
	520	  5	  1440	  502	  4.526014	  -0.326460	  0.324053  
	521	  5	  302	  1224	  8.319002	  6.375550	  0.486939  
	525	  5	  959	  506	  5.040357	  0.636928	  0.824906  
	529	  5	  444	  509	  3.745325	  -0.262435	  0.317643  
	540	  5	  445	  518	  3.705649	  0.352817	  0.433106  
	547	  5	  1051	  524	  5.471125	  1.062961	  0.707593  
	556	  5	  461	  533	  5.825226	  -1.925327	  0.339655  
	559	  5	  464	  536	  4.930305	  1.728387	  0.376451  
	560	  5	  1400	  788	  3.669086	  -0.167854	  0.440571  
	571	  5	  558	  976	  4.170757	  -0.554673	  0.573521  
	574	  5	  937	  1530	  3.881834	  -0.425036	  0.559483  
	575	  5	  480	  551	  8.192609	  -3.825049	  0.586686  
	579	  5	  484	  555	  6.531090	  5.572276	  0.548408  
	581	  5	  486	  557	  4.117111	  -1.260773	  0.057238  
	582	  5	  487	  558	  5.913854	  -1.290977	  0.490816  
	584	  5	  422	  560	  3.792262	  0.636898	  0.101924  
	589	  5	  494	  649	  7.454371	  5.786673	  0.475543  
	591	  5	  496	  566	  4.214649	  -2.025744	  0.534606  
	592	  5	  433	  1437	  3.445884	  -0.367766	  0.242994  
	596	  5	  502	  652	  4.567113	  -0.326460	  0.324053  
	599	  5	  506	  433	  5.074324	  0.636928	  0.824906  
	600	  5	  1539	  1076	  4.710440	  0.365602	  0.786741  
	602	  5	  509	  575	  3.755281	  -0.262435	  0.317643  
	636	  5	  518	  607	  3.807556	  0.352817	  0.433106  
	641	  5	  1807	  612	  3.520769	  -0.225900	  0.149433  
	642	  5	  524	  1652	  5.820719	  1.062961	  0.707593  
	645	  5	  1807	  1550	  5.649263	  -0.874844	  0.414186  
	651	  5	  533	  622	  5.844883	  -1.925327	  0.339655  
	654	  5	  536	  624	  5.016212	  1.728387	  0.376451  
	659	  5	  986	  196	  4.980428	  -0.488816	  0.402427  
	665	  5	  976	  1164	  4.074216	  -0.554673	  0.573521  
	669	  5	  551	  637	  8.211292	  -3.825049	  0.586686  
	673	  5	  555	  641	  6.618062	  5.572276	  0.548408  
	675	  5	  557	  643	  4.117672	  -1.260773	  0.057238  
	677	  5	  488	  645	  4.169208	  -0.531901	  0.570988  
	678	  5	  560	  646	  3.889556	  0.636898	  0.101924  
	681	  5	  563	  648	  5.617653	  1.925327	  0.339655  
	684	  5	  566	  581	  3.972420	  -2.025744	  0.534606  
	689	  5	  652	  740	  4.595844	  -0.326460	  0.324053  
	691	  5	  1076	  657	  5.717175	  0.457590	  0.728400  
	693	  5	  575	  659	  3.755615	  -0.262435	  0.317643  
	709	  5	  790	  578	  4.059292	  -0.153338	  0.224936  
	714	  5	  596	  1268	  5.041038	  1.411269	  0.234820  
	715	  5	  511	  198	  5.041936	  1.290977	  0.490816  
	716	  5	  598	  981	  5.013574	  -0.943009	  0.199248  
	717	  5	  599	  679	  6.241921	  0.874844	  0.414186  
	732	  5	  355	  692	  5.255597	  1.925327	  0.339655  
	739	  5	  607	  698	  3.877215	  0.352817	  0.433106  
	744	  5	  612	  702	  3.552055	  -0.225900	  0.149433  
	748	  5	  1550	  679	  5.763805	  -0.874844	  0.414186  
	754	  5	  622	  711	  5.861053	  -1.925327	  0.339655  
	756	  5	  624	  713	  5.088655	  1.728387	  0.376451  
	766	  5	  548	  722	  4.021984	  0.231828	  0.491417  
	769	  5	  637	  725	  8.227939	  -3.825049	  0.586686  
	773	  5	  641	  729	  6.689084	  5.572276	  0.548408  
	775	  5	  643	  730	  4.113639	  -1.260773	  0.057238  
	777	  5	  645	  731	  4.068941	  -0.531901	  0.570988  
	780	  5	  648	  734	  5.616956	  1.925327	  0.339655  
	781	  5	  649	  826	  7.641848	  5.786673	  0.475543  
	786	  5	  654	  739	  8.211663	  -5.306559	  0.600442  
	789	  5	  657	  923	  5.796030	  0.457590	  0.728400  
	791	  5	  659	  744	  3.733973	  -0.262435	  0.317643  
	792	  5	  660	  745	  4.186734	  1.619543	  0.051043  
	799	  5	  667	  1206	  7.931294	  -6.850007	  0.388449  
	809	  5	  1268	  1792	  3.066049	  0.317609	  0.054398  
	818	  5	  686	  646	  3.345698	  -0.422315	  0.132827  
	819	  5	  687	  767	  5.012770	  -1.733171	  0.596993  
	823	  5	  692	  771	  5.337927	  1.925327	  0.339655  
	834	  5	  1271	  1090	  4.206306	  0.825415	  0.277382  
	843	  5	  490	  869	  5.625496	  -0.655298	  0.302902  
	848	  5	  698	  794	  3.920744	  0.352817	  0.433106  
	852	  5	  702	  798	  3.565781	  -0.225900	  0.149433  
	853	  5	  1652	  799	  3.634177	  0.231828	  0.491417  
	861	  5	  711	  734	  5.875905	  -1.925327	  0.339655  
	863	  5	  713	  901	  5.171921	  1.728387	  0.376451  
	870	  5	  1164	  598	  5.766651	  -1.547114	  0.629682  
	874	  5	  725	  817	  8.241609	  -3.825049	  0.586686  
	878	  5	  729	  820	  5.533551	  2.204817	  0.519357  
	879	  5	  730	  821	  4.104550	  -1.260773	  0.057238  
	880	  5	  731	  1187	  3.930091	  -0.531901	  0.570988  
	888	  5	  739	  830	  8.242358	  -5.306559	  0.600442  
	894	  5	  745	  835	  4.233362	  1.619543	  0.051043  
	906	  5	  1438	  1879	  4.971532	  -0.294015	  0.695277  
	915	  5	  767	  855	  4.945841	  -1.733171	  0.596993  
	919	  5	  771	  859	  5.440173	  1.925327	  0.339655  
	922	  5	  775	  1949	  4.299027	  -0.182842	  0.293586  
	926	  5	  233	  988	  4.076578	  -0.352817	  0.433106  
	931	  5	  1083	  1283	  5.431486	  1.231662	  0.485694  
	937	  5	  790	  870	  3.978796	  0.153338	  0.224936  
	942	  5	  1090	  197	  4.905900	  0.813265	  0.360594  
	955	  5	  740	  886	  4.774416	  -0.326460	  0.324053  
	959	  5	  794	  988	  3.950925	  0.352817	  0.433106  
	963	  5	  798	  991	  3.574255	  -0.225900	  0.149433  
	964	  5	  799	  548	  3.829292	  0.231828	  0.491417  
	969	  5	  709	  1618	  5.030646	  -0.257799	  0.472651  
	981	  5	  817	  908	  8.250351	  -3.825049	  0.586686  
	984	  5	  820	  911	  5.587491	  2.204817	  0.519357  
	985	  5	  821	  912	  4.088718	  -1.260773	  0.057238  
	986	  5	  1187	  459	  3.755083	  0.521721	  0.587855  
	990	  5	  826	  917	  7.506733	  4.843664	  0.529335  
	993	  5	  1325	  2195	  4.009402	  -0.374971	  0.493403  
	994	  5	  830	  921	  8.270907	  -5.306559	  0.600442  
	999	  5	  835	  926	  4.269056	  1.619543	  0.051043  
	1005	  5	  1206	  930	  8.033079	  -6.850007	  0.388449  
	1008	  5	  1879	  933	  5.550616	  -0.353491	  0.625966  
	1010	  5	  1792	  935	  4.708347	  -0.400757	  0.329712  
	1012	  5	  2166	  937	  4.507797	  -0.425036	  0.559483  
	1015	  5	  646	  940	  3.061793	  0.214583	  0.041104  
	1016	  5	  855	  941	  4.869169	  -1.733171	  0.596993  
	1020	  5	  859	  944	  5.523243	  1.925327	  0.339655  
	1029	  5	  788	  952	  6.400658	  -0.720586	  0.625327  
	1030	  5	  869	  953	  5.484115	  -0.655298	  0.302902  
	1031	  5	  870	  1874	  3.947632	  0.153338	  0.224936  
	1036	  5	  875	  1136	  4.671202	  0.531901	  0.570988  
	1041	  5	  1172	  962	  4.726321	  0.284802	  0.496715  
	1046	  5	  729	  966	  7.436857	  3.825049	  0.586686  
	1047	  5	  886	  967	  4.779334	  -0.326460	  0.324053  
	1049	  5	  1461	  969	  7.263856	  -2.720470	  0.408544  
	1050	  5	  236	  191	  3.826335	  -0.993138	  0.176242  
	1067	  5	  709	  985	  6.539747	  1.258348	  0.481799  
	1069	  5	  196	  1195	  4.030265	  -0.182842	  0.293586  
	1081	  5	  901	  997	  5.230932	  1.728387	  0.376451  
	1088	  5	  908	  1001	  8.257195	  -3.825049	  0.586686  
	1091	  5	  911	  1004	  7.697158	  3.463165	  0.505710  
	1092	  5	  912	  1005	  4.068213	  -1.260773	  0.057238  
	1097	  5	  917	  1009	  7.582246	  4.843664	  0.529335  
	1101	  5	  921	  1893	  8.308443	  -5.306559	  0.600442  
	1103	  5	  923	  729	  5.821273	  0.457590	  0.728400  
	1106	  5	  926	  1016	  4.294189	  1.619543	  0.051043  
	1113	  5	  933	  1021	  5.446153	  -0.353491	  0.625966  
	1115	  5	  935	  1022	  4.733716	  -0.400757	  0.329712  
	1120	  5	  940	  1024	  3.224183	  0.214583	  0.041104  
	1121	  5	  941	  1025	  4.784070	  -1.733171	  0.596993  
	1124	  5	  944	  1028	  5.577013	  1.925327	  0.339655  
	1131	  5	  1283	  1033	  5.569205	  -1.536436	  0.190495  
	1132	  5	  952	  1034	  6.107751	  -0.720586	  0.625327  
	1137	  5	  957	  1038	  4.022609	  -0.396578	  0.245420  
	1139	  5	  959	  1040	  5.118483	  -0.636928	  0.824906  
	1142	  5	  962	  1042	  4.738966	  0.284802	  0.496715  
	1146	  5	  966	  1045	  7.473521	  3.825049	  0.586686  
	1147	  5	  967	  1046	  4.779348	  -0.326460	  0.324053  
	1148	  5	  1461	  1047	  3.676224	  0.439416	  0.399019  
	1149	  5	  969	  1224	  7.126215	  -2.720470	  0.408544  
	1161	  5	  981	  1057	  5.069320	  -0.943009	  0.199248  
	1162	  5	  998	  1058	  4.939179	  0.832696	  0.492942  
	1165	  5	  985	  1061	  6.484189	  1.258348	  0.481799  
	1175	  5	  973	  1070	  5.291432	  -0.353491	  0.625966  
	1201	  5	  991	  1592	  3.570855	  -0.225900	  0.149433  
	1207	  5	  997	  1097	  5.265749	  1.728387	  0.376451  
	1208	  5	  998	  1098	  5.435463	  -1.058596	  0.419638  
	1211	  5	  1001	  1101	  8.261583	  -3.825049	  0.586686  
	1213	  5	  1004	  1103	  7.669306	  3.463165	  0.505710  
	1214	  5	  1005	  1104	  4.041603	  -1.260773	  0.057238  
	1218	  5	  1009	  1108	  7.651611	  4.843664	  0.529335  
	1220	  5	  907	  1224	  4.492830	  -0.654293	  0.446221  
	1221	  5	  1893	  1110	  6.138170	  -1.843394	  0.778414  
	1223	  5	  1014	  1112	  4.748815	  0.718366	  0.207988  
	1225	  5	  1016	  1114	  4.310850	  1.619543	  0.051043  
	1229	  5	  1364	  1895	  4.595119	  -2.542864	  0.140945  
	1230	  5	  1021	  973	  5.327057	  -0.353491	  0.625966  
	1231	  5	  1022	  1119	  4.750603	  -0.400757	  0.329712  
	1233	  5	  1024	  1120	  3.273082	  0.214583	  0.041104  
	1234	  5	  1025	  355	  4.678853	  -1.733171	  0.596993  
	1237	  5	  1028	  1123	  5.628063	  1.925327	  0.339655  
	1242	  5	  1034	  1128	  5.818466	  -0.720586	  0.625327  
	1245	  5	  1038	  1131	  4.007841	  -0.396578	  0.245420  
	1247	  5	  1040	  1166	  5.025080	  -0.636928	  0.824906  
	1251	  5	  346	  1136	  4.474089	  -0.531901	  0.570988  
	1252	  5	  1045	  1137	  7.509273	  3.825049	  0.586686  
	1253	  5	  1046	  1138	  4.766690	  -0.326460	  0.324053  
	1258	  5	  1051	  1143	  8.455241	  -3.683180	  0.798648  
	1264	  5	  1057	  1149	  5.067440	  -0.943009	  0.199248  
	1265	  5	  1058	  1150	  4.993368	  0.832696	  0.492942  
	1268	  5	  1061	  1153	  6.440096	  1.258348	  0.481799  
	1277	  5	  1070	  1173	  4.908079	  -0.353491	  0.625966  
	1283	  5	  1076	  1253	  3.902281	  -0.091987	  0.496525  
	1284	  5	  1652	  1166	  5.268065	  0.831134	  0.767890  
	1289	  5	  1082	  1169	  3.513385	  -0.059476	  0.283331  
	1290	  5	  1083	  1170	  5.173229	  -1.231662	  0.485694  
	1310	  5	  233	  22	  5.048459	  1.066398	  0.355689  
	1327	  5	  1097	  1199	  5.289369	  1.728387	  0.376451  
	1330	  5	  1101	  1201	  8.262259	  -3.825049	  0.586686  
	1332	  5	  1103	  1203	  7.639438	  3.463165	  0.505710  
	1333	  5	  1104	  1204	  4.013882	  -1.260773	  0.057238  
	1337	  5	  1108	  1208	  7.714262	  4.843664	  0.529335  
	1339	  5	  1110	  1210	  6.111180	  -1.843394	  0.778414  
	1341	  5	  1112	  583	  4.668405	  0.718366	  0.207988  
	1343	  5	  1114	  1306	  4.320903	  1.619543	  0.051043  
	1344	  5	  1618	  1307	  5.363215	  -0.257799	  0.472651  
	1347	  5	  1119	  1216	  4.764654	  -0.400757	  0.329712  
	1348	  5	  1120	  1217	  3.303744	  0.214583	  0.041104  
	1351	  5	  1123	  1219	  5.677403	  1.925327	  0.339655  
	1355	  5	  1033	  1548	  4.186053	  -1.251120	  0.057439  
	1356	  5	  1128	  1224	  8.259549	  -2.363889	  0.692164  
	1359	  5	  1131	  1227	  3.978510	  -0.396578	  0.245420  
	1365	  5	  1137	  1232	  7.544706	  3.825049	  0.586686  
	1366	  5	  1138	  1233	  4.739803	  -0.326460	  0.324053  
	1371	  5	  1143	  1237	  8.285042	  -3.683180	  0.798648  
	1372	  5	  1440	  1238	  4.157537	  -0.374971	  0.493403  
	1377	  5	  1149	  1242	  5.058581	  -0.943009	  0.199248  
	1378	  5	  1150	  1688	  5.019261	  0.832696	  0.492942  
	1381	  5	  1153	  911	  6.385702	  1.258348	  0.481799  
	1387	  5	  1160	  1333	  4.025918	  -0.246482	  0.277583  
	1391	  5	  1164	  1252	  5.428398	  0.992441	  0.661071  
	1397	  5	  1170	  1258	  5.165906	  -1.231662	  0.485694  
	1400	  5	  1173	  1128	  8.132009	  -1.643303	  0.721472  
	1413	  5	  22	  583	  5.638503	  -1.502444	  0.374091  
	1414	  5	  1187	  1270	  5.042849	  -1.053622	  0.579340  
	1423	  5	  1271	  1278	  4.260698	  -0.403100	  0.428827  
	1430	  5	  1195	  775	  4.241503	  -0.182842	  0.293586  
	1443	  5	  1199	  1295	  5.311574	  1.728387	  0.376451  
	1445	  5	  1201	  1297	  8.260193	  -3.825049	  0.586686  
	1447	  5	  1203	  1299	  7.608730	  3.463165	  0.505710  
	1448	  5	  1204	  1300	  3.980671	  -1.260773	  0.057238  
	1451	  5	  1208	  257	  7.772816	  4.843664	  0.529335  
	1453	  5	  1210	  1303	  6.078275	  -1.843394	  0.778414  
	1459	  5	  1216	  1309	  4.773379	  -0.400757	  0.329712  
	1460	  5	  1217	  1310	  3.318573	  0.214583	  0.041104  
	1462	  5	  1219	  1312	  5.724448	  1.925327	  0.339655  
	1470	  5	  1227	  1317	  3.918594	  -0.396578	  0.245420  
	1471	  5	  1166	  1318	  3.891702	  0.194205	  0.580899  
	1475	  5	  1232	  1320	  7.574712	  3.825049	  0.586686  
	1476	  5	  1233	  1321	  4.702892	  -0.326460	  0.324053  
	1480	  5	  1237	  1324	  8.049755	  -3.683180	  0.798648  
	1481	  5	  1238	  1325	  4.100542	  -0.374971	  0.493403  
	1485	  5	  1242	  1329	  5.043108	  -0.943009	  0.199248  
	1494	  5	  1252	  1334	  5.481698	  0.992441	  0.661071  
	1500	  5	  1258	  1339	  5.153017	  -1.231662	  0.485694  
	1509	  5	  1268	  1339	  4.469716	  1.093660	  0.287216  
	1511	  5	  1270	  1347	  4.947211	  -1.053622	  0.579340  
	1519	  5	  1278	  1353	  4.266555	  -0.403100	  0.428827  
	1524	  5	  1283	  1357	  6.136629	  2.768098	  0.321843  
	1526	  5	  1874	  2155	  5.565844	  0.693835	  0.442947  
	1533	  5	  155	  998	  3.454947	  -0.225900	  0.149433  
	1537	  5	  744	  1613	  3.400592	  -0.262435	  0.317643  
	1540	  5	  196	  1371	  4.314030	  -0.232414	  0.410912  
	1544	  5	  1169	  2059	  3.404144	  -0.059476	  0.283331  
	1554	  5	  1295	  1902	  5.334132	  1.728387	  0.376451  
	1556	  5	  1297	  1384	  8.255298	  -3.825049	  0.586686  
	1558	  5	  1299	  1386	  7.576663	  3.463165	  0.505710  
	1559	  5	  1300	  1387	  3.934310	  -1.260773	  0.057238  
	1561	  5	  1303	  1388	  6.042256	  -1.843394	  0.778414  
	1563	  5	  1306	  1389	  4.317708	  1.619543	  0.051043  
	1566	  5	  1309	  1392	  4.774375	  -0.400757	  0.329712  
	1569	  5	  1312	  1393	  5.767747	  1.925327	  0.339655  
	1574	  5	  1317	  1398	  3.833297	  -0.396578	  0.245420  
	1575	  5	  1318	  1399	  4.070981	  0.194205	  0.580899  
	1577	  5	  1320	  1401	  7.605814	  3.825049	  0.586686  
	1578	  5	  1321	  1402	  4.662508	  -0.326460	  0.324053  
	1586	  5	  1329	  1407	  5.020237	  -0.943009	  0.199248  
	1590	  5	  1333	  1868	  3.644438	  -0.246482	  0.277583  
	1591	  5	  1334	  1412	  5.524193	  0.992441	  0.661071  
	1604	  5	  1347	  355	  4.784494	  -1.053622	  0.579340  
	1610	  5	  1353	  1428	  4.259714	  -0.403100	  0.428827  
	1614	  5	  1357	  346	  6.091574	  2.768098	  0.321843  
	1621	  5	  1364	  1435	  6.614175	  3.547558	  0.274323  
	1628	  5	  1371	  1441	  4.337605	  -0.232414	  0.410912  
	1632	  5	  1687	  1160	  4.812558	  0.294015	  0.695277  
	1633	  5	  583	  2166	  5.748516	  -0.784078	  0.526273  
	1635	  5	  155	  1447	  3.239715	  0.225900	  0.149433  
	1667	  5	  1902	  1474	  7.313846	  6.268386	  0.363714  
	1669	  5	  1384	  1475	  8.247411	  -3.825049	  0.586686  
	1671	  5	  1386	  1476	  7.545043	  3.463165	  0.505710  
	1672	  5	  1387	  1477	  3.877454	  -1.260773	  0.057238  
	1673	  5	  1388	  1478	  6.001779	  -1.843394	  0.778414  
	1674	  5	  1389	  1479	  4.307796	  1.619543	  0.051043  
	1677	  5	  1392	  1482	  4.766225	  -0.400757	  0.329712  
	1678	  5	  1393	  1483	  5.807111	  1.925327	  0.339655  
	1683	  5	  1398	  1487	  3.726819	  -0.396578	  0.245420  
	1684	  5	  1399	  1307	  4.145538	  0.194205	  0.580899  
	1686	  5	  1401	  1489	  7.634624	  3.825049	  0.586686  
	1692	  5	  1407	  1493	  4.987945	  -0.943009	  0.199248  
	1693	  5	  1688	  1494	  5.746673	  1.000549	  0.484156  
	1697	  5	  1412	  1496	  5.556243	  0.992441	  0.661071  
	1712	  5	  1428	  1507	  4.238525	  -0.403100	  0.428827  
	1718	  5	  126	  1253	  5.988309	  0.639407	  0.837063  
	1719	  5	  1435	  1511	  6.584792	  3.547558	  0.274323  
	1725	  5	  1441	  2046	  4.363780	  -0.232414	  0.410912  
	1726	  5	  1849	  1253	  3.469679	  -0.103565	  0.765306  
	1731	  5	  1447	  1521	  3.272132	  0.225900	  0.149433  
	1746	  5	  1461	  1530	  5.005063	  0.884039	  0.545941  
	1756	  5	  578	  1540	  3.846321	  -0.153338	  0.224936  
	1765	  5	  2165	  2220	  4.963315	  0.382030	  0.488317  
	1776	  5	  1437	  1568	  3.348837	  -0.367766	  0.242994  
	1781	  5	  1474	  1557	  7.288083	  6.268386	  0.363714  
	1782	  5	  1475	  1558	  8.237367	  -3.825049	  0.586686  
	1783	  5	  1476	  1559	  7.511725	  3.463165	  0.505710  
	1784	  5	  1477	  1560	  3.812345	  -1.260773	  0.057238  
	1785	  5	  1478	  1561	  5.960361	  -1.843394	  0.778414  
	1786	  5	  1479	  1562	  4.289192	  1.619543	  0.051043  
	1789	  5	  1482	  1565	  4.745063	  -0.400757	  0.329712  
	1790	  5	  1483	  1566	  5.841289	  1.925327	  0.339655  
	1793	  5	  1487	  1568	  3.559537	  -0.396578	  0.245420  
	1795	  5	  1489	  1939	  7.668324	  3.825049	  0.586686  
	1796	  5	  1402	  1933	  4.561232	  -0.326460	  0.324053  
	1799	  5	  1493	  1572	  4.946637	  -0.943009	  0.199248  
	1800	  5	  1494	  1573	  5.705542	  1.000549	  0.484156  
	1802	  5	  1496	  1575	  5.578927	  0.992441	  0.661071  
	1812	  5	  1507	  1583	  4.200799	  -0.403100	  0.428827  
	1816	  5	  1511	  1585	  6.535224	  3.547558	  0.274323  
	1826	  5	  1521	  1592	  3.296627	  0.225900	  0.149433  
	1842	  5	  1540	  1602	  3.856453	  -0.153338	  0.224936  
	1844	  5	  1014	  1604	  4.686069	  -0.718366	  0.207988  
	1850	  5	  1548	  1609	  4.350598	  -1.251120	  0.057439  
	1864	  5	  1033	  1620	  5.250104	  -0.285316	  0.773950  
	1876	  5	  1042	  333	  4.845348	  0.284802	  0.496715  
	1880	  5	  1557	  1636	  7.262676	  6.268386	  0.363714  
	1881	  5	  1558	  1637	  8.223841	  -3.825049	  0.586686  
	1882	  5	  1559	  1638	  7.472605	  3.463165	  0.505710  
	1883	  5	  1560	  1639	  3.738676	  -1.260773	  0.057238  
	1884	  5	  1561	  1640	  5.913818	  -1.843394	  0.778414  
	1885	  5	  1562	  1641	  4.270374	  1.619543	  0.051043  
	1888	  5	  1565	  1643	  4.708875	  -0.400757	  0.329712  
	1889	  5	  1566	  1644	  5.870631	  1.925327	  0.339655  
	1892	  1	  1939	  1646	  8.000000	  0.000000	  0.000000  
	1895	  5	  1572	  1648	  4.895147	  -0.943009	  0.199248  
	1896	  5	  1573	  709	  5.673705	  1.000549	  0.484156  
	1898	  5	  1575	  1649	  5.595472	  0.992441	  0.661071  
	1905	  5	  1583	  1656	  4.140171	  -0.403100	  0.428827  
	1907	  5	  1585	  1657	  7.417012	  4.539999	  0.358866  
	1924	  5	  1602	  2148	  3.854286	  -0.153338	  0.224936  
	1926	  5	  1604	  1670	  4.744357	  -0.718366	  0.207988  
	1932	  5	  1609	  1674	  4.322649	  -1.251120	  0.057439  
	1936	  5	  1613	  1678	  3.621828	  -0.262435	  0.317643  
	1941	  5	  2047	  1735	  4.308003	  0.182842	  0.293586  
	1942	  5	  1620	  1682	  5.330836	  -0.285316	  0.773950  
	1969	  5	  1636	  1703	  7.238653	  6.268386	  0.363714  
	1970	  5	  1637	  1704	  8.208726	  -3.825049	  0.586686  
	1971	  5	  1638	  1705	  7.431439	  3.463165	  0.505710  
	1972	  5	  1639	  1706	  3.655941	  -1.260773	  0.057238  
	1973	  5	  1640	  1707	  5.867085	  -1.843394	  0.778414  
	1974	  5	  1641	  1708	  4.244612	  1.619543	  0.051043  
	1976	  5	  1643	  1709	  4.654487	  -0.400757	  0.329712  
	1977	  5	  1644	  1710	  5.895640	  1.925327	  0.339655  
	1979	  1	  1646	  1712	  8.000000	  0.000000	  0.000000  
	1980	  5	  1933	  414	  6.058402	  -0.741716	  0.343759  
	1981	  5	  1648	  1713	  4.834400	  -0.943009	  0.199248  
	1982	  5	  1649	  1714	  5.606699	  0.992441	  0.661071  
	1989	  5	  1656	  1718	  4.054570	  -0.403100	  0.428827  
	1990	  5	  1657	  1719	  7.381334	  4.539999	  0.358866  
	1992	  5	  1773	  1721	  3.924273	  -0.400757	  0.329712  
	2002	  5	  2148	  1730	  5.001337	  -0.408815	  0.318166  
	2003	  5	  1670	  1792	  4.792475	  -0.718366	  0.207988  
	2005	  5	  1674	  97	  4.278599	  -1.251120	  0.057439  
	2009	  5	  1678	  375	  3.466666	  -0.262435	  0.317643  
	2013	  5	  1682	  1736	  5.396513	  -0.285316	  0.773950  
	2014	  5	  1148	  1737	  5.380888	  -0.408815	  0.318166  
	2018	  5	  1687	  1799	  4.177342	  -0.189329	  0.743919  
	2019	  5	  1688	  1742	  3.841337	  -0.167854	  0.440571  
	2047	  5	  1703	  1767	  7.205738	  6.268386	  0.363714  
	2048	  5	  1704	  1768	  8.191945	  -3.825049	  0.586686  
	2049	  5	  1705	  1769	  7.390301	  3.463165	  0.505710  
	2050	  5	  1706	  1770	  3.564458	  -1.260773	  0.057238  
	2051	  5	  1707	  1771	  5.812781	  -1.843394	  0.778414  
	2052	  5	  1708	  1772	  4.213683	  1.619543	  0.051043  
	2053	  5	  1709	  1773	  4.589905	  -0.400757	  0.329712  
	2054	  5	  1710	  1774	  5.916834	  1.925327	  0.339655  
	2056	  1	  1712	  1776	  8.000000	  0.000000	  0.000000  
	2057	  5	  1713	  1777	  4.761351	  -0.943009	  0.199248  
	2058	  5	  1714	  1778	  5.612188	  0.992441	  0.661071  
	2062	  5	  1718	  257	  3.825981	  -0.403100	  0.428827  
	2063	  5	  1719	  1782	  7.339149	  4.539999	  0.358866  
	2065	  5	  1721	  1784	  3.707267	  -0.400757	  0.329712  
	2074	  5	  1730	  1791	  5.003881	  -0.408815	  0.318166  
	2079	  5	  1735	  1852	  4.336739	  0.182842	  0.293586  
	2080	  5	  1736	  1796	  5.456619	  -0.285316	  0.773950  
	2081	  5	  1737	  1797	  5.362714	  -0.408815	  0.318166  
	2086	  5	  1742	  1800	  3.803027	  -0.167854	  0.440571  
	2094	  5	  1750	  1807	  4.927708	  0.762291	  0.771106  
	2125	  5	  1767	  195	  7.167944	  6.268386	  0.363714  
	2126	  5	  1768	  1832	  8.174570	  -3.825049	  0.586686  
	2127	  5	  1769	  1833	  7.348043	  3.463165	  0.505710  
	2128	  5	  1770	  182	  3.412132	  -1.260773	  0.057238  
	2129	  5	  1771	  1835	  5.753871	  -1.843394	  0.778414  
	2130	  5	  1772	  1895	  4.178493	  1.619543	  0.051043  
	2132	  5	  1774	  1838	  5.934755	  1.925327	  0.339655  
	2134	  1	  1776	  1839	  8.000000	  0.000000	  0.000000  
	2135	  5	  1777	  1840	  4.669938	  -0.943009	  0.199248  
	2136	  5	  1778	  1841	  5.611640	  0.992441	  0.661071  
	2140	  5	  1782	  1845	  7.290190	  4.539999	  0.358866  
	2142	  5	  1784	  355	  3.483846	  -0.400757	  0.329712  
	2148	  5	  1791	  1148	  4.995713	  -0.408815	  0.318166  
	2153	  5	  1796	  1853	  5.511222	  -0.285316	  0.773950  
	2154	  5	  1797	  1532	  5.328836	  -0.408815	  0.318166  
	2157	  5	  1800	  1400	  3.715965	  -0.167854	  0.440571  
	2161	  5	  1957	  2159	  3.220774	  -0.091149	  0.314817  
	2184	  5	  1082	  1875	  3.593722	  -0.091149	  0.314817  
	2192	  5	  1687	  1883	  3.619720	  -0.104686	  0.607305  
	2202	  5	  776	  1172	  5.034600	  0.284802	  0.496715  
	2204	  5	  1832	  1892	  8.155124	  -3.825049	  0.586686  
	2205	  5	  1833	  1893	  7.303289	  3.463165	  0.505710  
	2207	  5	  1835	  1894	  5.682291	  -1.843394	  0.778414  
	2210	  5	  1838	  1896	  5.950425	  1.925327	  0.339655  
	2211	  1	  1839	  1897	  8.000000	  0.000000	  0.000000  
	2212	  5	  1840	  1898	  4.553731	  -0.943009	  0.199248  
	2213	  5	  1841	  1899	  5.604497	  0.992441	  0.661071  
	2217	  5	  1845	  1902	  7.241199	  4.539999	  0.358866  
	2221	  5	  1849	  1905	  3.809525	  0.103565	  0.765306  
	2225	  5	  1853	  1908	  5.559538	  -0.285316	  0.773950  
	2244	  5	  1874	  1160	  5.314825	  -0.540498	  0.504797  
	2245	  5	  1875	  1921	  3.581208	  -0.091149	  0.314817  
	2249	  5	  1879	  1984	  3.287843	  0.059476	  0.283331  
	2253	  5	  1883	  1928	  3.578965	  -0.104686	  0.607305  
	2270	  5	  1892	  1939	  8.134156	  -3.825049	  0.586686  
	2272	  5	  1894	  1940	  5.599264	  -1.843394	  0.778414  
	2274	  5	  1896	  1942	  5.964457	  1.925327	  0.339655  
	2275	  1	  1897	  1943	  8.000000	  0.000000	  0.000000  
	2276	  5	  1898	  826	  4.335711	  -0.943009	  0.199248  
	2277	  5	  1899	  1945	  5.593285	  0.992441	  0.661071  
	2283	  5	  1905	  2147	  4.229560	  -0.255477	  0.374123  
	2285	  5	  1852	  1949	  4.341716	  0.182842	  0.293586  
	2286	  5	  1908	  1950	  5.603014	  -0.285316	  0.773950  
	2298	  5	  1921	  1957	  3.533175	  -0.091149	  0.314817  
	2305	  5	  1928	  1438	  5.149074	  -0.294015	  0.695277  
	2311	  5	  1933	  1966	  5.210899	  0.415256	  0.359252  
	2325	  5	  1940	  257	  5.516896	  -1.843394	  0.778414  
	2327	  5	  1942	  1977	  5.975225	  1.925327	  0.339655  
	2328	  1	  1943	  1978	  8.000000	  0.000000	  0.000000  
	2330	  5	  1945	  1585	  5.580636	  0.992441	  0.661071  
	2335	  5	  1950	  1982	  5.639544	  -0.285316	  0.773950  
	2345	  5	  1966	  1989	  4.121756	  0.182842	  0.293586  
	2354	  5	  1799	  1928	  4.181662	  -0.189329	  0.743919  
	2358	  5	  1977	  1999	  5.982918	  1.925327	  0.339655  
	2359	  1	  1978	  2000	  8.000000	  0.000000	  0.000000  
	2363	  5	  1982	  2004	  5.670139	  -0.285316	  0.773950  
	2365	  5	  1984	  2006	  3.434995	  0.059476	  0.283331  
	2370	  5	  1989	  2009	  4.249453	  0.182842	  0.293586  
	2373	  5	  1532	  490	  5.105482	  -0.408815	  0.318166  
	2383	  5	  1999	  2019	  5.987861	  1.925327	  0.339655  
	2384	  1	  2000	  2020	  8.000000	  0.000000	  0.000000  
	2388	  5	  2004	  2024	  5.694047	  -0.285316	  0.773950  
	2390	  5	  2006	  2044	  3.474106	  0.059476	  0.283331  
	2393	  5	  2009	  2047	  4.312877	  0.182842	  0.293586  
	2408	  5	  2019	  2038	  5.992688	  1.925327	  0.339655  
	2409	  1	  2020	  2039	  8.000000	  0.000000	  0.000000  
	2431	  5	  2038	  2054	  5.993867	  1.925327	  0.339655  
	2432	  1	  2039	  2127	  8.000000	  0.000000	  0.000000  
	2436	  5	  2044	  2059	  3.485031	  0.059476	  0.283331  
	2448	  5	  2085	  1082	  4.325271	  -0.150625	  0.302384  
	2449	  5	  2054	  2071	  5.992114	  1.925327	  0.339655  
	2467	  5	  2092	  2085	  5.443348	  -0.435427	  0.429492  
	2468	  5	  2071	  2081	  5.987514	  1.925327	  0.339655  
	2478	  5	  2081	  563	  5.982305	  1.925327	  0.339655  
	2479	  1	  2127	  2088	  8.000000	  0.000000	  0.000000  
	2482	  5	  2085	  333	  4.801217	  -0.284802	  0.496715  
	2485	  1	  2088	  2093	  8.000000	  0.000000	  0.000000  
	2489	  5	  2092	  2100	  4.014131	  -0.439416	  0.399019  
	2490	  1	  2093	  2097	  8.000000	  0.000000	  0.000000  
	2494	  1	  2097	  2101	  8.000000	  0.000000	  0.000000  
	2497	  5	  2100	  1047	  3.914417	  -0.439416	  0.399019  
	2498	  1	  2101	  2103	  8.000000	  0.000000	  0.000000  
	2500	  1	  2103	  2105	  8.000000	  0.000000	  0.000000  
	2502	  1	  2105	  2107	  8.000000	  0.000000	  0.000000  
	2504	  1	  2107	  2109	  8.000000	  0.000000	  0.000000  
	2505	  1	  2109	  2110	  8.000000	  0.000000	  0.000000  
	2506	  1	  2110	  2111	  8.000000	  0.000000	  0.000000  
	2507	  1	  2111	  2112	  8.000000	  0.000000	  0.000000  
	2508	  1	  2112	  2113	  8.000000	  0.000000	  0.000000  
	2509	  1	  2113	  2114	  8.000000	  0.000000	  0.000000  
	2510	  1	  2114	  2115	  8.000000	  0.000000	  0.000000  
	2511	  1	  2115	  2116	  8.000000	  0.000000	  0.000000  
	2512	  1	  2116	  2117	  8.000000	  0.000000	  0.000000  
	2513	  1	  2117	  2118	  8.000000	  0.000000	  0.000000  
	2514	  1	  2118	  2119	  8.000000	  0.000000	  0.000000  
	2515	  1	  2119	  2120	  8.000000	  0.000000	  0.000000  
	2516	  1	  2120	  2121	  8.000000	  0.000000	  0.000000  
	2517	  1	  2121	  2122	  8.000000	  0.000000	  0.000000  
	2518	  1	  2122	  2123	  8.000000	  0.000000	  0.000000  
	2519	  1	  2123	  2124	  8.000000	  0.000000	  0.000000  
	2520	  1	  2124	  2125	  8.000000	  0.000000	  0.000000  
	2521	  1	  2125	  2126	  8.000000	  0.000000	  0.000000  
	2522	  1	  2126	  2127	  8.000000	  0.000000	  0.000000  
	2528	  5	  2143	  2132	  3.717328	  0.073560	  0.646154  
	2530	  5	  2132	  2137	  3.757123	  0.073560	  0.646154  
	2531	  5	  2133	  2217	  3.503968	  -0.102707	  0.775059  
	2534	  5	  2217	  2138	  4.313999	  -0.176267	  0.721264  
	2536	  5	  2137	  2139	  3.766544	  0.073560	  0.646154  
	2537	  5	  2138	  2140	  4.178714	  -0.176267	  0.721264  
	2538	  5	  2139	  2141	  3.754077	  0.073560	  0.646154  
	2539	  5	  2140	  2159	  4.027056	  -0.176267	  0.721264  
	2540	  5	  2141	  196	  3.722619	  0.073560	  0.646154  
	2549	  5	  2147	  2148	  4.373011	  -0.255477	  0.374123  
	2551	  5	  1905	  2149	  5.098964	  0.359042	  0.486959  
	2552	  5	  2149	  2150	  5.069767	  0.359042	  0.486959  
	2553	  5	  2150	  2151	  5.027325	  0.359042	  0.486959  
	2554	  5	  2151	  2152	  4.974431	  0.359042	  0.486959  
	2555	  5	  2159	  788	  5.869037	  -0.552732	  0.681434  
	2557	  5	  2155	  1807	  5.409132	  0.693835	  0.442947  
	2558	  5	  2165	  2133	  3.585666	  -0.102707	  0.775059  
	2559	  5	  2152	  2157	  4.912365	  0.359042	  0.486959  
	2560	  5	  1530	  2158	  4.287684	  0.459004	  0.533401  
	2566	  5	  2046	  2164	  4.150365	  -0.232414	  0.410912  
	2568	  5	  2157	  2166	  4.847150	  0.359042	  0.486959  
	2569	  5	  2158	  2167	  4.446020	  0.459004	  0.533401  
	2570	  5	  2159	  2168	  5.051656	  0.285316	  0.773950  
	2576	  5	  2164	  2178	  4.121598	  -0.232414	  0.410912  
	2577	  5	  2165	  2173	  4.155699	  -0.279323	  0.382882  
	2579	  5	  2167	  2174	  4.501527	  0.459004	  0.533401  
	2580	  5	  2168	  2181	  5.224935	  0.285316	  0.773950  
	2584	  5	  2173	  2179	  4.124451	  -0.279323	  0.382882  
	2585	  5	  2174	  2180	  4.531080	  0.459004	  0.533401  
	2589	  5	  2178	  2184	  4.044012	  -0.232414	  0.410912  
	2590	  5	  2179	  2185	  4.072289	  -0.279323	  0.382882  
	2591	  5	  2180	  2186	  4.539990	  0.459004	  0.533401  
	2592	  5	  2181	  2187	  5.339656	  0.285316	  0.773950  
	2595	  5	  2184	  1966	  3.969792	  -0.232414	  0.410912  
	2596	  5	  2185	  2190	  3.989832	  -0.279323	  0.382882  
	2597	  5	  2220	  1307	  4.196979	  0.063594	  0.142081  
	2598	  5	  2186	  444	  4.533233	  0.459004	  0.533401  
	2599	  5	  2187	  2192	  5.395462	  0.285316	  0.773950  
	2602	  5	  2190	  2195	  3.838493	  -0.279323	  0.382882  
	2604	  5	  2192	  2197	  5.438497	  0.285316	  0.773950  
	2607	  5	  2195	  907	  4.736490	  -0.654293	  0.446221  
	2609	  5	  2220	  2201	  4.924576	  -0.443855	  0.924381  
	2610	  5	  2197	  2202	  5.470172	  0.285316	  0.773950  
	2612	  5	  2201	  2204	  4.865882	  -0.443855	  0.924381  
	2613	  5	  2202	  2205	  5.490987	  0.285316	  0.773950  
	2615	  5	  2204	  1253	  4.768405	  -0.443855	  0.924381  
	2616	  5	  2205	  2207	  5.503834	  0.285316	  0.773950  
	2618	  5	  2207	  2209	  5.509162	  0.285316	  0.773950  
	2620	  5	  2209	  2211	  5.506515	  0.285316	  0.773950  
	2622	  5	  2211	  2213	  5.496904	  0.285316	  0.773950  
	2624	  5	  2213	  2024	  5.483881	  0.285316	  0.773950  
	2629	  5	  2217	  2219	  3.652008	  0.073560	  0.646154  
	2630	  5	  2219	  2143	  3.763519	  0.073560	  0.646154  
	2632	  5	  2220	  2221	  6.152783	  0.762291	  0.771106  
	2633	  5	  2221	  1750	  6.091205	  0.762291	  0.771106  
 614       total number of nodes
  name    x       y       z
	1	  25.000000	  77.900002	  500.000000  
	2	  55.000000	  95.199997	  500.000000  
	3	  66.793007	  103.871498	  476.028778  
	5	  74.187134	  103.461357	  403.316132  
	6	  81.247810	  108.682419	  349.830505  
	7	  85.489517	  112.342995	  300.045319  
	8	  92.271545	  117.740410	  252.675537  
	11	  77.761742	  122.049370	  77.583321  
	13	  161.613205	  153.462616	  485.323639  
	14	  275.000000	  222.100006	  500.000000  
	15	  245.000000	  204.800003	  500.000000  
	16	  225.798004	  183.298584	  478.133606  
	19	  216.657028	  194.865723	  347.307892  
	21	  227.405304	  186.366241	  245.789597  
	22	  226.087723	  195.173218	  197.747070  
	30	  73.352371	  100.643394	  391.962250  
	35	  81.034378	  122.397408	  62.498398  
	36	  223.195190	  184.043930	  318.876343  
	44	  65.294456	  105.967087	  439.764252  
	49	  230.238861	  182.682404	  262.883575  
	50	  80.477158	  109.232063	  328.298645  
	51	  78.993347	  105.674728	  371.939484  
	58	  56.041058	  105.022408	  434.966156  
	60	  67.563560	  144.757690	  128.202179  
	62	  246.330124	  183.473587	  307.056976  
	63	  241.888702	  177.425385	  260.226044  
	74	  43.401997	  102.994987	  425.546997  
	77	  94.293869	  102.901772	  111.704079  
	78	  263.916748	  183.436111	  299.294861  
	79	  259.012543	  170.008530	  254.239273  
	89	  108.164452	  100.309189	  225.383377  
	96	  33.694885	  101.388184	  415.082092  
	97	  159.250839	  118.599068	  227.029022  
	101	  272.629364	  163.768448	  247.731705  
	117	  44.177692	  72.147018	  389.669830  
	119	  71.858406	  105.853004	  421.061096  
	120	  263.489655	  82.712646	  402.381470  
	121	  170.344040	  268.542938	  243.979324  
	126	  72.354828	  183.373322	  145.262863  
	129	  25.534348	  156.753311	  240.193848  
	130	  36.887447	  78.062836	  325.641693  
	134	  209.113541	  237.039169	  346.753326  
	135	  251.704453	  226.278137	  280.966064  
	148	  216.289612	  171.998032	  330.491638  
	153	  253.989792	  87.228012	  405.511261  
	155	  43.197182	  136.559570	  163.226898  
	161	  46.090973	  189.398621	  278.010406  
	162	  37.659054	  149.127975	  234.585358  
	168	  260.522095	  232.058228	  270.273254  
	181	  211.168976	  163.378937	  336.808655  
	182	  41.748341	  95.711029	  338.976013  
	191	  123.224777	  78.356697	  230.303619  
	195	  216.221100	  183.083572	  419.494659  
	196	  212.515717	  186.103546	  109.962151  
	197	  223.847076	  187.875351	  176.941788  
	198	  221.139511	  183.152176	  294.555389  
	199	  243.870941	  94.958931	  409.409607  
	200	  151.204529	  278.780823	  243.241394  
	207	  58.956051	  193.623962	  271.043762  
	209	  143.227295	  273.635101	  305.082642  
	212	  202.311966	  252.437836	  347.223938  
	213	  139.012863	  14.927489	  260.267242  
	227	  35.290321	  98.399872	  352.342010  
	233	  237.278717	  189.196198	  194.062439  
	236	  130.522247	  67.970650	  232.780441  
	240	  217.140152	  171.110641	  421.343567  
	242	  210.069778	  189.905090	  173.866486  
	245	  220.696777	  169.271698	  456.146698  
	246	  278.170959	  184.433411	  292.785980  
	256	  235.636414	  104.908035	  413.186584  
	257	  137.050674	  288.648926	  245.501282  
	266	  136.390457	  261.950470	  301.123199  
	269	  194.326248	  268.615509	  343.418213  
	270	  146.230896	  24.197586	  250.719345  
	275	  275.273712	  92.685303	  196.040894  
	280	  162.383652	  244.002716	  387.368683  
	284	  28.218496	  99.401825	  366.446777  
	292	  142.832413	  53.107834	  235.447052  
	294	  111.179642	  120.130600	  252.053146  
	296	  219.197418	  157.713531	  421.524872  
	298	  235.147797	  161.710815	  456.030762  
	299	  88.603104	  87.223267	  94.497467  
	301	  277.301270	  76.202431	  304.451813  
	302	  66.415314	  127.585953	  211.558334  
	304	  199.002457	  143.852371	  346.930817  
	310	  230.629593	  114.865845	  415.740723  
	319	  70.690514	  130.485474	  225.080719  
	323	  189.115738	  277.023499	  339.905090  
	329	  270.363647	  92.777779	  206.844986  
	333	  157.172440	  97.747711	  10.646852  
	338	  22.826189	  99.448441	  381.347229  
	346	  156.251465	  40.050072	  236.837677  
	352	  249.698120	  156.632706	  455.721863  
	353	  87.634911	  81.972855	  85.378044  
	355	  264.676147	  86.838684	  292.839294  
	358	  191.039536	  131.825241	  350.732086  
	359	  178.893005	  206.874207	  281.067169  
	375	  263.396912	  92.708656	  218.245728  
	385	  50.978416	  62.546906	  333.899567  
	386	  157.270752	  36.045444	  222.854919  
	390	  129.834671	  267.466919	  222.927338  
	393	  136.454437	  112.927231	  454.694122  
	396	  152.064163	  210.452393	  387.361542  
	400	  20.360500	  99.074013	  393.769958  
	409	  142.604507	  124.247818	  238.308121  
	413	  264.805237	  153.940979	  455.287628  
	414	  88.987320	  75.038956	  71.035515  
	417	  55.808723	  137.574738	  224.553574  
	419	  182.420517	  119.371635	  352.411011  
	420	  167.594116	  211.687378	  275.289032  
	422	  45.480400	  125.763069	  151.602478  
	427	  161.075058	  271.121826	  378.095642  
	432	  206.664749	  196.540878	  388.899658  
	433	  195.673798	  248.358292	  227.604584  
	444	  222.915268	  181.144592	  160.556747  
	445	  262.557465	  107.310097	  220.814819  
	459	  128.979080	  257.037598	  240.781372  
	461	  128.488464	  103.754250	  455.790680  
	464	  146.437988	  198.623734	  384.675781  
	480	  279.474365	  153.846985	  454.387604  
	484	  50.658512	  146.315826	  234.635803  
	486	  173.182861	  106.070244	  352.090637  
	487	  155.969269	  217.338898	  267.493469  
	488	  184.820999	  61.792877	  243.196884  
	490	  102.153717	  160.595093	  54.971512  
	494	  152.376373	  270.318573	  365.427704  
	496	  190.851135	  208.241165	  391.514648  
	502	  275.101685	  190.750549	  109.381622  
	506	  183.298004	  237.028229	  202.827194  
	509	  219.087311	  165.992355	  164.446533  
	511	  196.138794	  198.532654	  287.366089  
	518	  261.862823	  122.655693	  221.971939  
	524	  114.051666	  187.648514	  200.398361  
	533	  119.439064	  92.516769	  452.936249  
	536	  141.919373	  184.560135	  381.055054  
	548	  164.522186	  191.944870	  168.934067  
	551	  33.240856	  156.146652	  452.678955  
	555	  47.403053	  157.001450	  245.344803  
	557	  165.097672	  92.210129	  350.485840  
	558	  144.532059	  223.089493	  258.029572  
	560	  31.256607	  129.661057	  154.996613  
	563	  203.617920	  263.656189	  436.157318  
	566	  179.362976	  216.725525	  391.865692  
	575	  218.191376	  153.533691	  168.419144  
	578	  93.056519	  183.710007	  142.051971  
	581	  163.156586	  227.597397	  389.830994  
	583	  215.178162	  207.698914	  193.533981  
	596	  118.401207	  239.007416	  289.067688  
	598	  107.043930	  184.191559	  248.369934  
	599	  144.266693	  45.410637	  131.838913  
	607	  261.885925	  138.974136	  221.707062  
	612	  41.289463	  230.699799	  189.761017  
	622	  111.316727	  80.279633	  447.997467  
	624	  139.018707	  169.587906	  376.919983  
	637	  45.700424	  160.566360	  449.851288  
	641	  45.091949	  169.090591	  255.106384  
	643	  158.944366	  78.529816	  349.517578  
	645	  210.454727	  61.247650	  252.246811  
	646	  20.739534	  131.186279	  156.776398  
	648	  81.739609	  48.322880	  437.118958  
	649	  135.224960	  272.734955	  339.369568  
	652	  279.672302	  197.897263	  100.650322  
	654	  151.938324	  129.657608	  442.310699  
	657	  59.996590	  197.977707	  202.366882  
	659	  219.570480	  140.498566	  173.361160  
	660	  192.859528	  76.136032	  405.449036  
	667	  218.933334	  214.673172	  339.079590  
	679	  146.467667	  41.012379	  142.389862  
	686	  264.563354	  144.300201	  160.005142  
	687	  229.124268	  158.587799	  296.470032  
	692	  270.103699	  95.080757	  298.182861  
	698	  260.368713	  154.721298	  219.335022  
	702	  44.565472	  219.131897	  192.671021  
	709	  72.591675	  240.693100	  212.856949  
	711	  102.634125	  69.364029	  443.790283  
	713	  137.181442	  153.529526	  372.856781  
	722	  180.629868	  190.600525	  168.436569  
	725	  56.658039	  166.675064	  445.723846  
	729	  42.634895	  177.020828	  260.877136  
	730	  154.235153	  64.187988	  349.172760  
	731	  223.963150	  58.474068	  256.701904  
	734	  89.938080	  56.373356	  439.001770  
	739	  144.408371	  124.773445	  433.616302  
	740	  26.298735	  211.425354	  79.252304  
	744	  225.387222	  121.875580	  183.224304  
	745	  179.848434	  71.957397	  403.706055  
	767	  233.166824	  143.970490	  296.820984  
	771	  276.194824	  107.312309	  306.222626  
	775	  234.509979	  182.983337	  28.708788  
	776	  90.317291	  127.756386	  24.462383  
	788	  277.193115	  83.640350	  104.858749  
	790	  85.459564	  190.989731	  144.553787  
	794	  256.787903	  167.624725	  214.638550  
	798	  49.134468	  205.344971	  192.435364  
	799	  148.990036	  195.468338	  172.720657  
	817	  66.272385	  174.270599	  439.978210  
	820	  45.561867	  195.794022	  272.817413  
	821	  150.893524	  48.305775	  349.260010  
	826	  122.396622	  276.783783	  311.395386  
	830	  135.831100	  116.338821	  423.160095  
	835	  166.129791	  67.264305	  398.448700  
	855	  238.693588	  128.509949	  296.113556  
	859	  20.893883	  119.968628	  314.634277  
	869	  100.917404	  137.250671	  80.134918  
	870	  77.926979	  198.956573	  144.794144  
	875	  174.392471	  58.278172	  240.092667  
	886	  27.144514	  218.039291	  70.982094  
	901	  131.374664	  121.913506	  368.054626  
	907	  38.122124	  114.784103	  140.247086  
	908	  74.357819	  182.965347	  432.453705  
	911	  46.220413	  211.193466	  281.605865  
	912	  149.321121	  31.926291	  349.080841  
	917	  121.627434	  274.744934	  297.871857  
	921	  128.106766	  106.742340	  414.119720  
	923	  47.513222	  186.862564	  244.625412  
	926	  153.887436	  63.291798	  390.823547  
	930	  236.904678	  220.050018	  301.492371  
	933	  44.371532	  140.401276	  42.352943  
	935	  111.213272	  177.469208	  264.602509  
	936	  121.642151	  121.849701	  249.276505  
	937	  90.079689	  37.819645	  161.859497  
	940	  263.609070	  102.579247	  170.294327  
	941	  245.634094	  114.032326	  295.339111  
	944	  24.128254	  132.744339	  324.201202  
	952	  38.198151	  102.277122	  117.147438  
	953	  99.612679	  125.884987	  91.276115  
	957	  241.175644	  167.886612	  167.470001  
	959	  169.649048	  231.403152	  189.497070  
	962	  126.779175	  126.135704	  -0.052833  
	966	  30.640820	  166.842209	  274.013336  
	967	  26.018766	  226.354797	  63.031296  
	969	  81.583366	  102.487679	  139.669556  
	973	  56.385647	  130.973175	  78.156540  
	976	  131.632614	  209.565353	  252.915512  
	981	  115.992554	  178.772430	  256.117889  
	985	  58.065441	  232.666641	  239.005859  
	986	  218.253098	  184.061295	  135.329681  
	988	  248.631348	  180.876953	  205.256790  
	991	  54.562843	  183.033325	  185.372025  
	997	  126.439377	  105.854172	  366.859985  
	998	  22.612350	  94.243095	  169.199539  
	1001	  80.731842	  192.354996	  423.182953  
	1004	  43.909996	  215.385498	  298.557678  
	1005	  149.152649	  16.202890	  347.663116  
	1009	  122.642418	  275.171631	  283.533752  
	1014	  177.050674	  196.811066	  207.828857  
	1016	  142.928528	  60.131321	  381.229218  
	1021	  51.319111	  134.709305	  60.982174  
	1022	  111.529175	  166.988159	  268.427979  
	1024	  261.185974	  90.848091	  177.307770  
	1025	  253.839798	  100.610428	  294.000641  
	1028	  27.367453	  144.669205	  335.229523  
	1033	  200.737762	  65.025253	  236.162170  
	1034	  48.782768	  110.172691	  123.984604  
	1038	  253.413422	  159.928345	  175.454544  
	1040	  159.194061	  228.030731	  184.245056  
	1042	  137.664719	  118.518776	  -0.308934  
	1045	  21.978586	  160.762573	  284.353333  
	1046	  150.866486	  15.774998	  52.302639  
	1047	  114.811333	  70.835915	  129.744431  
	1051	  98.345718	  166.812073	  225.349777  
	1057	  127.839981	  173.804092	  265.379852  
	1058	  276.257660	  76.175491	  161.255386  
	1061	  53.069862	  227.702576	  252.233658  
	1070	  63.181236	  127.107941	  105.049469  
	1076	  71.020973	  196.585098	  166.984207  
	1082	  193.426071	  69.005379	  19.568769  
	1083	  61.079769	  246.715683	  251.515076  
	1090	  238.566589	  183.452881	  175.477295  
	1097	  121.741524	  90.331444	  366.229095  
	1098	  278.881683	  93.057060	  184.963150  
	1101	  85.315331	  202.361099	  412.298645  
	1103	  41.905132	  220.618774	  313.842316  
	1104	  150.470245	  1.214405	  345.209534  
	1108	  125.490646	  277.842682	  269.884705  
	1110	  110.193336	  87.164047	  389.141754  
	1112	  191.609360	  200.371231	  203.323563  
	1114	  133.145126	  57.770706	  369.839661  
	1119	  115.039459	  155.132507	  270.341278  
	1120	  260.841583	  77.644150	  187.190323  
	1123	  30.804981	  155.186188	  347.235962  
	1128	  63.871338	  119.792740	  132.759491  
	1131	  264.254974	  153.075790	  185.472641  
	1136	  166.103729	  52.159145	  238.229919  
	1137	  273.464478	  155.841629	  295.953461  
	1138	  144.158203	  27.854012	  45.053654  
	1143	  93.313072	  153.871658	  224.689285  
	1148	  139.383072	  139.882645	  49.100842  
	1149	  140.786591	  170.103699	  273.980438  
	1150	  139.956482	  286.757660	  161.138611  
	1153	  49.507061	  221.076813	  265.818207  
	1160	  69.008743	  205.026642	  91.239838  
	1164	  120.155434	  186.633530	  252.004684  
	1166	  130.067474	  216.861374	  178.468613  
	1169	  202.076508	  73.872574	  0.180813  
	1170	  67.167068	  233.910706	  254.505386  
	1172	  104.333778	  134.584381	  0.168409  
	1173	  66.480331	  126.362976	  122.857178  
	1187	  115.704254	  279.775024	  261.897003  
	1195	  220.775848	  185.172913	  75.315994  
	1199	  116.675262	  75.041367	  366.149353  
	1201	  87.917007	  213.047501	  400.650452  
	1203	  38.826473	  227.010498	  328.206512  
	1204	  23.399532	  211.626923	  341.726898  
	1206	  226.292130	  217.168930	  320.673035  
	1208	  130.278458	  282.481201	  257.017639  
	1210	  103.643188	  85.961540	  378.625641  
	1216	  121.496864	  143.820068	  270.768585  
	1217	  261.962494	  65.791901	  197.937698  
	1219	  34.582272	  164.354568	  360.268341  
	1224	  65.836624	  117.345123	  143.893066  
	1227	  274.570709	  145.527786	  194.454056  
	1232	  265.615875	  152.093765	  308.831329  
	1233	  134.609146	  39.961735	  39.557766  
	1237	  89.553314	  139.659027	  223.857513  
	1238	  270.038635	  148.899460	  120.839531  
	1242	  154.138123	  165.843506	  280.941742  
	1252	  129.105637	  175.180969	  257.494659  
	1253	  88.544342	  199.614380	  147.544464  
	1258	  73.652641	  220.212936	  255.967010  
	1268	  94.564941	  209.327347	  267.069946  
	1270	  251.302292	  61.210266	  270.192810  
	1271	  249.075089	  162.351761	  171.445755  
	1278	  245.268097	  154.439117	  178.723282  
	1283	  181.196289	  41.502449	  243.929138  
	1295	  111.567307	  60.306465	  364.459930  
	1297	  89.008408	  224.594574	  390.078400  
	1299	  164.192764	  8.989062	  341.317810  
	1300	  27.839384	  197.041031	  337.077209  
	1303	  97.195572	  82.832199	  365.353271  
	1306	  115.360085	  54.559479	  343.035004  
	1307	  80.269951	  250.641586	  172.745834  
	1309	  130.808273	  133.394867	  270.197876  
	1310	  131.642899	  281.520782	  206.640778  
	1312	  38.734371	  172.076202	  374.194397  
	1317	  25.052322	  136.707901	  202.742950  
	1318	  106.622360	  234.145081	  171.952621  
	1320	  257.933441	  149.676895	  322.824615  
	1321	  126.700714	  47.176079	  37.695484  
	1324	  83.376877	  124.711960	  223.481522  
	1325	  273.627197	  138.744675	  123.213142  
	1329	  167.232925	  160.432907	  286.455536  
	1333	  84.881927	  191.742020	  65.472366  
	1334	  135.894653	  161.922073	  262.817841  
	1339	  81.546944	  204.294525	  259.825134  
	1347	  256.217163	  68.778442	  277.817291  
	1353	  242.895248	  140.563828	  185.733734  
	1357	  169.949692	  41.200996	  241.481430  
	1364	  198.060715	  248.959213	  243.282715  
	1371	  207.829727	  197.235428	  99.851059  
	1384	  89.596931	  236.856430	  381.430359  
	1386	  158.396149	  15.835419	  352.523132  
	1387	  33.805450	  182.658813	  331.281830  
	1388	  91.728348	  77.972588	  351.033112  
	1389	  106.446526	  52.667587	  329.665466  
	1392	  142.477783	  124.506737	  268.789429  
	1393	  42.973671	  178.220764	  388.860840  
	1398	  35.493591	  126.598404	  210.067963  
	1399	  94.949181	  241.505173	  170.834747  
	1400	  147.817795	  294.767975	  113.464409  
	1401	  249.301056	  146.412216	  335.444519  
	1402	  117.452202	  53.185284	  38.062828  
	1407	  180.391891	  153.505539	  290.920929  
	1412	  140.152863	  147.817978	  267.449615  
	1428	  243.011032	  125.672943	  191.030426  
	1435	  203.969086	  247.259323	  252.205902  
	1437	  197.506287	  268.506775	  225.833282  
	1438	  31.790735	  162.087616	  23.525049  
	1440	  265.269379	  168.872772	  122.164925  
	1441	  203.528107	  207.651642	  90.790756  
	1447	  48.199535	  147.462280	  165.807083  
	1461	  90.124435	  92.665550	  134.868500  
	1474	  230.966660	  249.846695	  372.603516  
	1475	  90.177040	  249.920044	  374.621094  
	1476	  151.493515	  22.630878	  362.055939  
	1477	  38.125347	  168.293335	  326.369965  
	1478	  86.922554	  73.399422	  336.408234  
	1479	  96.298584	  50.815063	  317.367554  
	1482	  155.946762	  117.494255	  266.605591  
	1483	  48.777138	  183.307343	  403.324615  
	1487	  46.461651	  116.271042	  215.713074  
	1489	  240.834549	  142.163040	  345.791840  
	1493	  193.701828	  144.707886	  294.680756  
	1494	  99.935204	  250.593430	  193.937851  
	1496	  141.890137	  134.052246	  271.074707  
	1507	  245.001389	  111.617332	  197.075546  
	1511	  211.624588	  248.767761	  264.651978  
	1521	  52.426399	  158.710129	  171.667267  
	1530	  91.710503	  67.844086	  144.354584  
	1532	  125.088776	  147.205460	  4.497637  
	1539	  69.998634	  189.856750	  154.718781  
	1540	  102.546562	  176.192413	  136.306580  
	1548	  188.527344	  97.231743	  224.877686  
	1550	  150.400116	  36.609409	  153.061661  
	1557	  228.709305	  238.022583	  381.659424  
	1558	  91.086189	  264.343475	  369.359650  
	1559	  142.732697	  30.872469	  371.176758  
	1560	  41.540882	  153.891556	  323.520660  
	1561	  80.676186	  69.808472	  321.980011  
	1562	  86.697350	  49.078125	  304.068207  
	1565	  170.635239	  112.480217	  263.779449  
	1566	  55.759365	  186.728195	  416.902008  
	1568	  58.433842	  107.588409	  219.753891  
	1572	  205.855270	  134.545212	  298.717896  
	1573	  88.417236	  245.342773	  203.352554  
	1575	  141.542007	  120.697128	  273.717743  
	1583	  248.205353	  98.311752	  204.978394  
	1585	  224.158844	  256.447540	  284.102875  
	1592	  54.702637	  171.251099	  179.092239  
	1602	  113.480141	  170.540924	  128.134995  
	1604	  147.306717	  193.319016	  222.846756  
	1609	  180.384613	  106.665657	  222.459351  
	1613	  242.515671	  97.699677	  208.686737  
	1618	  71.614166	  243.466339	  199.179428  
	1620	  218.397354	  62.610596	  234.813477  
	1636	  226.308701	  224.641205	  389.807037  
	1637	  222.622620	  55.106293	  365.661896  
	1638	  133.854904	  40.903893	  379.190521  
	1639	  43.904263	  139.801178	  323.088226  
	1640	  73.195793	  67.226517	  308.623566  
	1641	  77.908646	  48.554699	  290.092926  
	1643	  186.384323	  109.353394	  260.622345  
	1644	  63.952702	  188.600128	  429.171173  
	1646	  210.642746	  146.523972	  365.299438  
	1648	  216.553497	  123.511948	  303.448883  
	1649	  139.261444	  106.462128	  275.532532  
	1652	  130.023331	  203.382401	  181.360550  
	1656	  252.320938	  86.507828	  214.554565  
	1657	  224.037186	  256.481934	  295.436462  
	1670	  135.571976	  192.510452	  232.225876  
	1674	  171.248108	  112.871979	  222.812042  
	1678	  250.207748	  93.606819	  214.401840  
	1682	  232.306824	  57.819473	  234.818375  
	1687	  40.885365	  200.707352	  60.680447  
	1688	  132.753784	  274.597687	  161.824493  
	1703	  224.004898	  211.379669	  398.814789  
	1704	  225.140152	  70.943810	  363.640472  
	1705	  127.144951	  51.219395	  385.388824  
	1706	  45.000549	  126.524048	  325.111084  
	1707	  64.254295	  65.546028	  295.900421  
	1708	  70.410797	  46.612892	  275.749298  
	1709	  202.360657	  107.240822	  259.399048  
	1710	  73.753067	  189.343597	  440.097321  
	1712	  197.962250	  153.427307	  368.331635  
	1713	  225.642151	  111.581810	  308.017517  
	1714	  134.966782	  91.051102	  276.319183  
	1718	  256.734253	  77.608345	  224.388565  
	1719	  95.062088	  33.563316	  311.724640  
	1721	  243.731140	  95.854881	  272.373627  
	1730	  131.787537	  157.158920	  99.385117  
	1735	  256.459686	  222.577011	  -0.221098  
	1736	  115.841835	  274.939148	  236.224731  
	1737	  139.199524	  137.745758	  36.228836  
	1742	  138.479355	  275.274017	  147.692780  
	1750	  173.914551	  32.229626	  174.462708  
	1767	  220.906265	  198.793610	  409.028351  
	1768	  227.628830	  86.975044	  363.357178  
	1769	  122.265381	  62.139435	  390.376740  
	1770	  44.720520	  114.880211	  329.085815  
	1771	  53.517147	  64.857742	  283.329315  
	1772	  193.812241	  267.607941	  262.238739  
	1773	  213.557343	  104.934021	  260.802948  
	1774	  84.818550	  189.464783	  448.869507  
	1776	  183.693054	  159.254181	  370.106903  
	1777	  233.215866	  98.743164	  311.989868  
	1778	  128.936417	  75.770500	  276.042694  
	1782	  97.736504	  36.113590	  327.694550  
	1784	  252.732178	  92.302948	  279.006104  
	1791	  134.344696	  150.646240	  84.173233  
	1792	  114.560036	  190.069565	  256.013672  
	1796	  127.287491	  265.079224	  238.616547  
	1797	  135.651474	  138.682419	  20.073378  
	1799	  35.428909	  196.419434	  52.093788  
	1800	  143.558731	  280.106201	  133.395706  
	1807	  167.595917	  24.334230	  179.741867  
	1832	  228.482056	  103.103676	  363.403992  
	1833	  118.533501	  75.338188	  394.752380  
	1835	  41.894913	  65.350830	  271.794647  
	1838	  97.115791	  189.552933	  455.331512  
	1839	  168.407043	  163.874588	  370.413513  
	1840	  239.680511	  84.285294	  314.985809  
	1841	  121.342369	  61.788830	  276.426788  
	1845	  101.125908	  37.171562	  343.805847  
	1849	  129.632919	  197.626999	  134.446930  
	1852	  250.345581	  201.262283	  -0.139833  
	1853	  136.778641	  253.676834	  241.303497  
	1868	  92.581299	  177.879105	  58.663109  
	1874	  67.469124	  210.811646	  141.992813  
	1875	  216.888702	  68.964935	  34.542374  
	1879	  33.061844	  150.264160	  21.269644  
	1883	  36.158409	  195.127777	  50.935566  
	1892	  228.384155	  119.064682	  361.967194  
	1893	  116.634819	  86.948608	  397.155945  
	1894	  159.892319	  289.440735	  260.723419  
	1895	  187.730286	  260.816772	  248.422760  
	1896	  110.887512	  190.189285	  459.464355  
	1897	  152.630188	  167.739487	  369.008942  
	1898	  244.912888	  70.320831	  315.309479  
	1899	  112.779655	  49.798035	  277.815948  
	1902	  103.569321	  38.509106	  359.397766  
	1905	  145.106796	  192.870117	  130.746597  
	1908	  144.772186	  240.437714	  243.830322  
	1921	  225.635498	  70.517601	  42.386803  
	1928	  32.318638	  187.346268	  41.639801  
	1933	  97.716797	  61.412640	  44.201492  
	1939	  227.978088	  134.307556	  358.770233  
	1940	  147.674835	  288.622498	  251.708435  
	1942	  124.926292	  191.894852	  460.929596  
	1943	  137.644958	  173.073792	  366.699493  
	1945	  103.365280	  39.485931	  280.424957  
	1949	  242.447311	  188.469650	  7.958124  
	1950	  150.920135	  226.077072	  245.738815  
	1957	  243.093903	  76.039093	  64.544777  
	1966	  97.923347	  52.635941	  28.068352  
	1977	  138.095001	  194.957413	  460.006622  
	1978	  124.165176	  180.027603	  364.623077  
	1982	  155.188736	  210.758240	  246.776123  
	1984	  261.046356	  117.425079	  -0.041167  
	1989	  110.834015	  44.217720	  3.790325  
	1999	  150.292633	  199.655899	  457.218536  
	2000	  111.958778	  188.622421	  363.199188  
	2004	  157.563080	  194.717499	  246.060410  
	2006	  250.914749	  108.785637	  -0.252012  
	2009	  118.057419	  35.038002	  -0.127981  
	2019	  162.071671	  206.638779	  452.847229  
	2020	  100.992050	  198.058685	  363.315582  
	2024	  158.769714	  178.750412	  241.058777  
	2038	  172.737610	  215.959137	  447.660126  
	2039	  90.032333	  206.086227	  365.816223  
	2044	  225.314362	  92.009933	  -0.475654  
	2046	  199.815582	  229.170776	  72.409424  
	2047	  124.979294	  19.153814	  -0.304932  
	2054	  181.609329	  226.934280	  442.752838  
	2059	  216.578415	  85.028976	  -0.276246  
	2071	  189.318710	  239.683014	  438.674316  
	2081	  196.981232	  253.664322	  436.428802  
	2085	  170.404678	  74.422691	  36.506508  
	2088	  200.015060	  44.547890	  371.251099  
	2092	  142.309647	  51.244373	  121.943939  
	2093	  197.586655	  60.527203	  372.072327  
	2097	  195.543961	  76.656876	  371.318970  
	2100	  123.264473	  64.173134	  127.459068  
	2101	  194.107437	  92.763428	  369.048889  
	2103	  193.266693	  109.059975	  367.721771  
	2105	  190.830872	  124.978111	  366.345886  
	2107	  189.118484	  140.843918	  364.327484  
	2109	  188.406296	  156.285004	  363.777771  
	2110	  188.399033	  171.194443	  364.799103  
	2111	  188.982925	  186.785110	  367.551392  
	2112	  190.608627	  202.468216	  371.757477  
	2113	  192.026779	  218.367828	  374.638153  
	2114	  191.985123	  234.659134	  376.861359  
	2115	  191.318665	  251.117279	  377.574554  
	2116	  192.285263	  267.354340	  378.091827  
	2117	  64.553558	  58.097595	  379.634521  
	2118	  68.330971	  73.657448	  381.256317  
	2119	  71.907394	  89.324959	  381.288025  
	2120	  74.079964	  105.379753	  380.596283  
	2121	  74.797806	  121.987679	  380.596436  
	2122	  74.237297	  138.392807	  379.537964  
	2123	  72.361938	  154.420959	  377.550354  
	2124	  69.737068	  170.568832	  376.833435  
	2125	  69.365326	  186.678864	  376.036133  
	2126	  71.748299	  201.114594	  373.959442  
	2127	  76.742439	  212.264297	  370.920532  
	2132	  210.781174	  107.551979	  123.313446  
	2133	  225.511047	  59.858139	  129.460007  
	2137	  206.774887	  135.730423	  119.972816  
	2138	  242.510254	  68.127815	  104.495598  
	2139	  207.023941	  152.030304	  117.408028  
	2140	  252.125427	  74.183479	  99.129967  
	2141	  208.927124	  167.402298	  114.564758  
	2143	  214.140808	  97.098892	  123.002556  
	2147	  138.753784	  178.290604	  121.572014  
	2148	  130.225479	  167.253036	  115.666580  
	2149	  155.164673	  194.614639	  133.953308  
	2150	  169.151825	  195.474564	  140.611481  
	2151	  182.114929	  198.257904	  149.600082  
	2152	  193.932114	  203.401932	  159.775436  
	2155	  173.767319	  16.787626	  170.550842  
	2157	  204.593750	  210.490555	  169.341385  
	2158	  98.249512	  36.243504	  147.148453  
	2159	  257.258911	  85.137085	  104.999664  
	2164	  201.292755	  237.034668	  65.352936  
	2165	  224.645248	  58.738853	  149.631088  
	2166	  212.417282	  217.866501	  178.638351  
	2167	  230.410965	  244.957916	  147.761963  
	2168	  248.484726	  91.362976	  117.428543  
	2173	  236.457123	  69.074532	  150.510117  
	2174	  230.324951	  228.580307	  148.670410  
	2178	  212.879318	  260.476593	  42.939270  
	2179	  248.924469	  78.107651	  148.422852  
	2180	  228.000900	  212.341248	  149.795731  
	2181	  227.109100	  103.929825	  138.609390  
	2184	  91.367554	  46.089809	  32.531902  
	2185	  260.385590	  88.820557	  145.485367  
	2186	  224.629364	  197.834503	  152.891190  
	2187	  214.872360	  107.745064	  148.548203  
	2190	  270.737244	  101.050308	  141.763016  
	2192	  202.084091	  109.074860	  158.749435  
	2195	  21.345318	  114.072380	  136.837997  
	2197	  191.089569	  110.437645	  170.813843  
	2201	  88.276436	  239.199097	  151.156891  
	2202	  181.804337	  114.381226	  183.104782  
	2204	  90.223419	  224.330215	  149.741257  
	2205	  173.516876	  121.659431	  194.801544  
	2207	  166.134354	  131.739182	  205.627365  
	2209	  161.061218	  143.510712	  215.263092  
	2211	  159.054077	  156.718658	  224.145630  
	2213	  159.472916	  169.263367	  233.280304  
	2217	  226.541183	  67.049927	  117.600121  
	2219	  218.992310	  79.831657	  120.075409  
	2220	  203.638504	  34.136879	  161.360413  
	2221	  189.220825	  35.805023	  167.886276  
   2  total number of boundary nodes
node bctyp press/flow   HD    PO2
	1	  0	  100.000000	  0.400000	  100.000000
	14	  0	  20.000000	  0.400000	  18.000000

