314194 5 0.250000 Current network file generated by angioadapt
  300.000000  300.000000  500.000000	box dimensions in microns
  15    15    25 	number of tissue points in x,y,z directions
  0.000000			outer bound distance (100. in test case)
  75.000000				max. segment length.  (5. in test case)
   40				nodsegm, max. number of segments per node
  173				total number of segments 
  name type from  to  diam       flow
	1	  4	  1	  2	  7.000000	  18.827152	  0.400000  
	2	  3	  2	  3	  6.212256	  18.827152	  0.400000  
	3	  1	  3	  4	  8.000000	  0.000000	  0.400000  
	4	  1	  4	  5	  8.000000	  0.000000	  0.400000  
	5	  1	  5	  26	  8.000000	  0.000000	  0.400000  
	6	  1	  6	  7	  8.000000	  0.000000	  0.400000  
	7	  1	  7	  79	  8.000000	  0.000000	  0.400000  
	8	  1	  8	  36	  8.000000	  0.000000	  0.400000  
	9	  1	  9	  37	  8.000000	  0.000000	  0.400000  
	10	  1	  10	  69	  8.000000	  0.000000	  0.400000  
	11	  1	  11	  12	  8.000000	  0.000000	  0.400000  
	12	  5	  3	  56	  6.247161	  18.827152	  0.400000  
	13	  5	  56	  132	  6.387141	  18.827152	  0.400000  
	14	  4	  14	  15	  16.000000	  -18.827152	  0.400000  
	15	  3	  15	  16	  7.288795	  -18.827152	  0.400000  
	16	  5	  16	  39	  7.132943	  -6.653354	  0.240478  
	17	  1	  17	  133	  8.000000	  0.000000	  0.400000  
	18	  1	  18	  58	  8.000000	  0.000000	  0.400000  
	19	  1	  19	  102	  8.000000	  0.000000	  0.400000  
	20	  1	  20	  27	  8.000000	  0.000000	  0.400000  
	21	  1	  21	  80	  8.000000	  0.000000	  0.400000  
	22	  1	  22	  59	  8.000000	  0.000000	  0.400000  
	23	  1	  23	  28	  8.000000	  0.000000	  0.400000  
	24	  1	  24	  40	  8.000000	  0.000000	  0.400000  
	25	  1	  26	  134	  8.000000	  0.000000	  0.400000  
	26	  1	  27	  41	  8.000000	  0.000000	  0.400000  
	27	  1	  28	  24	  8.000000	  0.000000	  0.400000  
	28	  1	  12	  29	  8.000000	  0.000000	  0.000000  
	29	  1	  25	  30	  8.000000	  0.000000	  0.000000  
	30	  1	  26	  31	  8.000000	  0.000000	  0.000000  
	31	  1	  27	  32	  8.000000	  0.000000	  0.000000  
	32	  1	  21	  33	  8.000000	  0.000000	  0.000000  
	33	  1	  23	  34	  8.000000	  0.000000	  0.000000  
	34	  1	  28	  35	  8.000000	  0.000000	  0.000000  
	35	  1	  36	  9	  8.000000	  0.000000	  0.400000  
	36	  1	  37	  10	  8.000000	  0.000000	  0.400000  
	37	  5	  38	  16	  6.728853	  12.173799	  0.487184  
	38	  1	  39	  17	  8.000000	  0.000000	  0.400000  
	39	  1	  40	  25	  8.000000	  0.000000	  0.400000  
	40	  1	  41	  21	  8.000000	  0.000000	  0.400000  
	41	  1	  29	  42	  8.000000	  0.000000	  0.000000  
	42	  1	  30	  43	  8.000000	  0.000000	  0.000000  
	43	  1	  31	  44	  8.000000	  0.000000	  0.000000  
	44	  1	  32	  45	  8.000000	  0.000000	  0.000000  
	45	  1	  33	  46	  8.000000	  0.000000	  0.000000  
	46	  1	  34	  47	  8.000000	  0.000000	  0.000000  
	47	  1	  35	  48	  8.000000	  0.000000	  0.000000  
	48	  1	  7	  49	  8.000000	  0.000000	  0.000000  
	49	  1	  36	  50	  8.000000	  0.000000	  0.000000  
	50	  1	  37	  51	  8.000000	  0.000000	  0.000000  
	51	  5	  38	  52	  7.010184	  6.653354	  0.240478  
	52	  5	  39	  53	  7.099936	  -6.653354	  0.240478  
	53	  1	  40	  54	  8.000000	  0.000000	  0.000000  
	54	  1	  41	  55	  8.000000	  0.000000	  0.000000  
	57	  1	  58	  19	  8.000000	  0.000000	  0.400000  
	58	  1	  59	  23	  8.000000	  0.000000	  0.400000  
	59	  1	  42	  60	  8.000000	  0.000000	  0.000000  
	60	  1	  43	  61	  8.000000	  0.000000	  0.000000  
	61	  1	  44	  62	  8.000000	  0.000000	  0.000000  
	62	  1	  45	  63	  8.000000	  0.000000	  0.000000  
	63	  1	  46	  64	  8.000000	  0.000000	  0.000000  
	64	  1	  47	  65	  8.000000	  0.000000	  0.000000  
	65	  1	  48	  66	  8.000000	  0.000000	  0.000000  
	66	  1	  49	  67	  8.000000	  0.000000	  0.000000  
	67	  1	  50	  68	  8.000000	  0.000000	  0.000000  
	68	  1	  69	  11	  8.000000	  0.000000	  0.400000  
	69	  1	  51	  69	  8.000000	  0.000000	  0.000000  
	70	  5	  52	  70	  7.035473	  6.653354	  0.240478  
	71	  5	  53	  71	  7.076849	  -6.653354	  0.240478  
	72	  1	  54	  72	  8.000000	  0.000000	  0.000000  
	73	  1	  55	  73	  8.000000	  0.000000	  0.000000  
	74	  1	  56	  74	  8.000000	  0.000000	  0.000000  
	75	  1	  58	  75	  8.000000	  0.000000	  0.000000  
	76	  1	  19	  76	  8.000000	  0.000000	  0.000000  
	77	  1	  59	  77	  8.000000	  0.000000	  0.000000  
	78	  1	  29	  78	  8.000000	  0.000000	  0.000000  
	79	  1	  79	  8	  8.000000	  0.000000	  0.400000  
	80	  1	  80	  22	  8.000000	  0.000000	  0.400000  
	81	  1	  60	  81	  8.000000	  0.000000	  0.000000  
	82	  1	  61	  82	  8.000000	  0.000000	  0.000000  
	83	  1	  62	  83	  8.000000	  0.000000	  0.000000  
	84	  1	  63	  84	  8.000000	  0.000000	  0.000000  
	85	  1	  64	  85	  8.000000	  0.000000	  0.000000  
	86	  1	  65	  86	  8.000000	  0.000000	  0.000000  
	87	  1	  66	  87	  8.000000	  0.000000	  0.000000  
	88	  1	  67	  88	  8.000000	  0.000000	  0.000000  
	89	  1	  68	  89	  8.000000	  0.000000	  0.000000  
	90	  5	  70	  71	  7.056640	  6.653354	  0.240478  
	91	  1	  71	  90	  8.000000	  0.000000	  0.000000  
	92	  1	  72	  91	  8.000000	  0.000000	  0.000000  
	93	  1	  73	  92	  8.000000	  0.000000	  0.000000  
	94	  1	  74	  93	  8.000000	  0.000000	  0.000000  
	95	  1	  75	  94	  8.000000	  0.000000	  0.000000  
	96	  1	  76	  95	  8.000000	  0.000000	  0.000000  
	97	  1	  77	  96	  8.000000	  0.000000	  0.000000  
	98	  1	  78	  97	  8.000000	  0.000000	  0.000000  
	99	  1	  79	  98	  8.000000	  0.000000	  0.000000  
	100	  1	  80	  99	  8.000000	  0.000000	  0.000000  
	101	  1	  31	  100	  8.000000	  0.000000	  0.000000  
	102	  1	  35	  101	  8.000000	  0.000000	  0.000000  
	103	  1	  102	  20	  8.000000	  0.000000	  0.400000  
	104	  1	  81	  103	  8.000000	  0.000000	  0.000000  
	105	  1	  82	  104	  8.000000	  0.000000	  0.000000  
	106	  1	  83	  105	  8.000000	  0.000000	  0.000000  
	107	  1	  84	  106	  8.000000	  0.000000	  0.000000  
	108	  1	  85	  107	  8.000000	  0.000000	  0.000000  
	109	  1	  86	  108	  8.000000	  0.000000	  0.000000  
	110	  1	  87	  109	  8.000000	  0.000000	  0.000000  
	111	  1	  88	  110	  8.000000	  0.000000	  0.000000  
	112	  1	  89	  111	  8.000000	  0.000000	  0.000000  
	113	  1	  90	  112	  8.000000	  0.000000	  0.000000  
	114	  1	  91	  113	  8.000000	  0.000000	  0.000000  
	115	  1	  92	  114	  8.000000	  0.000000	  0.000000  
	116	  1	  93	  115	  8.000000	  0.000000	  0.000000  
	117	  1	  94	  116	  8.000000	  0.000000	  0.000000  
	118	  1	  95	  117	  8.000000	  0.000000	  0.000000  
	119	  1	  96	  118	  8.000000	  0.000000	  0.000000  
	120	  1	  97	  119	  8.000000	  0.000000	  0.000000  
	121	  1	  98	  120	  8.000000	  0.000000	  0.000000  
	122	  1	  99	  121	  8.000000	  0.000000	  0.000000  
	123	  1	  100	  122	  8.000000	  0.000000	  0.000000  
	124	  1	  101	  123	  8.000000	  0.000000	  0.000000  
	125	  1	  5	  124	  8.000000	  0.000000	  0.000000  
	126	  1	  36	  125	  8.000000	  0.000000	  0.000000  
	127	  1	  12	  126	  8.000000	  0.000000	  0.000000  
	128	  1	  102	  127	  8.000000	  0.000000	  0.000000  
	129	  1	  54	  128	  8.000000	  0.000000	  0.000000  
	130	  1	  60	  129	  8.000000	  0.000000	  0.000000  
	131	  1	  68	  130	  8.000000	  0.000000	  0.000000  
	132	  1	  75	  131	  8.000000	  0.000000	  0.000000  
	133	  5	  132	  38	  6.387141	  18.827152	  0.400000  
	134	  1	  133	  18	  8.000000	  0.000000	  0.400000  
	135	  1	  134	  6	  8.000000	  0.000000	  0.400000  
	136	  0	  103	  135	  8.000000	  0.000000	  0.000000  
	137	  0	  104	  136	  8.000000	  0.000000	  0.000000  
	138	  0	  105	  137	  8.000000	  0.000000	  0.000000  
	139	  0	  106	  138	  8.000000	  0.000000	  0.000000  
	140	  0	  107	  139	  8.000000	  0.000000	  0.000000  
	141	  0	  108	  140	  8.000000	  0.000000	  0.000000  
	142	  0	  109	  141	  8.000000	  0.000000	  0.000000  
	143	  0	  110	  142	  8.000000	  0.000000	  0.000000  
	144	  0	  111	  143	  8.000000	  0.000000	  0.000000  
	145	  0	  112	  144	  8.000000	  0.000000	  0.000000  
	146	  0	  113	  145	  8.000000	  0.000000	  0.000000  
	147	  0	  114	  146	  8.000000	  0.000000	  0.000000  
	148	  0	  115	  147	  8.000000	  0.000000	  0.000000  
	149	  0	  116	  148	  8.000000	  0.000000	  0.000000  
	150	  0	  117	  149	  8.000000	  0.000000	  0.000000  
	151	  0	  118	  150	  8.000000	  0.000000	  0.000000  
	152	  0	  119	  151	  8.000000	  0.000000	  0.000000  
	153	  0	  120	  152	  8.000000	  0.000000	  0.000000  
	154	  1	  121	  73	  8.000000	  0.000000	  0.000000  
	155	  0	  122	  153	  8.000000	  0.000000	  0.000000  
	156	  0	  123	  154	  8.000000	  0.000000	  0.000000  
	157	  0	  124	  155	  8.000000	  0.000000	  0.000000  
	158	  0	  125	  156	  8.000000	  0.000000	  0.000000  
	159	  1	  126	  11	  8.000000	  0.000000	  0.000000  
	160	  0	  127	  157	  8.000000	  0.000000	  0.000000  
	161	  0	  128	  158	  8.000000	  0.000000	  0.000000  
	162	  0	  129	  159	  8.000000	  0.000000	  0.000000  
	163	  0	  130	  160	  8.000000	  0.000000	  0.000000  
	164	  0	  131	  161	  8.000000	  0.000000	  0.000000  
	165	  0	  132	  162	  8.000000	  0.000000	  0.000000  
	166	  0	  133	  163	  8.000000	  0.000000	  0.000000  
	167	  0	  134	  164	  8.000000	  0.000000	  0.000000  
	168	  1	  30	  54	  8.000000	  0.000000	  0.000000  
	169	  0	  47	  165	  8.000000	  0.000000	  0.000000  
	170	  0	  43	  166	  8.000000	  0.000000	  0.000000  
	171	  0	  73	  167	  8.000000	  0.000000	  0.000000  
	172	  0	  78	  168	  8.000000	  0.000000	  0.000000  
	173	  0	  62	  169	  8.000000	  0.000000	  0.000000  
	174	  0	  76	  170	  8.000000	  0.000000	  0.000000  
	175	  0	  87	  171	  8.000000	  0.000000	  0.000000  
 169       total number of nodes
  name    x       y       z
	1	  25.000000	  77.900002	  500.000000  
	2	  55.000000	  95.199997	  500.000000  
	3	  85.000000	  112.500000	  500.000000  
	4	  85.000000	  112.500000	  450.000000  
	5	  84.988930	  111.851059	  400.309357  
	6	  85.000000	  112.500000	  350.000000  
	7	  85.000000	  112.500000	  300.000000  
	8	  85.000000	  112.500000	  250.000000  
	9	  85.000000	  112.500000	  200.000000  
	10	  85.000000	  112.500000	  167.000000  
	11	  85.013351	  112.444794	  132.668640  
	12	  85.043106	  112.266769	  100.934525  
	14	  275.000000	  222.100006	  500.000000  
	15	  245.000000	  204.800003	  500.000000  
	16	  215.023407	  187.506805	  499.582581  
	17	  215.000000	  187.500000	  450.000000  
	18	  215.000000	  187.500000	  400.000000  
	19	  215.044159	  187.121536	  349.974304  
	20	  215.000000	  187.500000	  300.000000  
	21	  215.294662	  185.939453	  248.130173  
	22	  215.000000	  187.500000	  200.000000  
	23	  212.980255	  188.095139	  167.016922  
	24	  215.000000	  187.500000	  133.000000  
	25	  215.000000	  187.500000	  100.000000  
	26	  83.348572	  110.044762	  389.690979  
	27	  215.238663	  189.550110	  289.902527  
	28	  217.563553	  188.694946	  148.741394  
	29	  84.634476	  110.611794	  82.573822  
	30	  214.897766	  188.194870	  83.796822  
	31	  77.226700	  100.635780	  390.215546  
	32	  216.778870	  199.794418	  298.741547  
	33	  218.803513	  177.292938	  237.407471  
	34	  198.708237	  190.935226	  167.000000  
	35	  230.939163	  196.395782	  148.724457  
	36	  86.366508	  115.429558	  218.520432  
	37	  85.611992	  111.648193	  181.205109  
	38	  199.314392	  178.406708	  499.982208  
	39	  216.247879	  186.853149	  469.013794  
	40	  212.356232	  189.181763	  117.232864  
	41	  213.324768	  185.709290	  260.002991  
	42	  88.454361	  114.768417	  67.802391  
	43	  215.645111	  192.779663	  67.516037  
	44	  63.064339	  88.313438	  394.229004  
	45	  217.514664	  210.300034	  311.637787  
	46	  228.968582	  168.553040	  227.532852  
	47	  183.068100	  190.563782	  169.794403  
	48	  245.231659	  200.704224	  145.678864  
	49	  98.433289	  113.127991	  290.182922  
	50	  93.268608	  126.641411	  219.440445  
	51	  87.322388	  109.267555	  169.987335  
	52	  214.919846	  175.403534	  495.222626  
	53	  228.234421	  180.633270	  475.717377  
	54	  203.916840	  196.065063	  116.259010  
	55	  203.496048	  175.560852	  260.006958  
	56	  105.380463	  123.825615	  499.888947  
	58	  215.602844	  186.132462	  385.093445  
	59	  216.731598	  189.024902	  185.826630  
	60	  93.113190	  120.032249	  54.359821  
	61	  218.969757	  198.117264	  51.912189  
	62	  47.553123	  80.871094	  391.961273  
	63	  215.381363	  219.646301	  325.250977  
	64	  241.693710	  160.269363	  220.701004  
	65	  165.782120	  189.303192	  170.729507  
	66	  260.466248	  207.376541	  144.897766  
	67	  105.753143	  115.762802	  275.462189  
	68	  97.947823	  143.156204	  223.886673  
	69	  85.440834	  111.884911	  156.929596  
	70	  228.999603	  173.351471	  486.575562  
	71	  239.206863	  174.281067	  484.272308  
	72	  191.851822	  210.229996	  118.217239  
	73	  191.693283	  167.232651	  254.548294  
	74	  104.160110	  108.149094	  496.043915  
	75	  220.915329	  171.996490	  384.924011  
	76	  216.819855	  170.987350	  348.725281  
	77	  228.615601	  196.700653	  185.794998  
	78	  72.215286	  105.388710	  77.418175  
	79	  84.921471	  113.685944	  268.475494  
	80	  214.446625	  186.793579	  217.908356  
	81	  102.691154	  128.866104	  41.852531  
	82	  220.862411	  202.947754	  36.091106  
	83	  34.427238	  73.223587	  387.878265  
	84	  213.240097	  231.934875	  336.279510  
	85	  256.641907	  153.001953	  219.721649  
	86	  150.078995	  187.300247	  175.889206  
	87	  275.804901	  213.395798	  146.897125  
	88	  112.409653	  119.009377	  260.550018  
	89	  104.154655	  155.734787	  231.077835  
	90	  254.719009	  168.355362	  491.737610  
	91	  181.397919	  222.729416	  121.638176  
	92	  177.901550	  158.515060	  248.349106  
	93	  103.858177	  93.186890	  488.745697  
	94	  231.714783	  158.921021	  385.389740  
	95	  226.775391	  159.698486	  342.782684  
	96	  244.830307	  200.088348	  184.112961  
	97	  60.890671	  97.709587	  69.686951  
	98	  83.900322	  129.108276	  268.084229  
	99	  207.620819	  180.374802	  229.963226  
	100	  89.904404	  105.752747	  386.425964  
	101	  232.991669	  209.731430	  151.667831  
	102	  215.713318	  187.034348	  318.778717  
	103	  104.248360	  140.059433	  29.625229  
	104	  219.162613	  204.533951	  19.604229  
	105	  150.643341	  290.707520	  382.100891  
	106	  213.150986	  245.432983	  346.027100  
	107	  272.809021	  149.549469	  217.739944  
	108	  135.378967	  187.200272	  183.707230  
	109	  32.017731	  217.785797	  148.888901  
	110	  119.335953	  124.445839	  246.418716  
	111	  110.025925	  169.724350	  237.936615  
	112	  269.936523	  162.784943	  495.561279  
	113	  168.452118	  233.111359	  120.280220  
	114	  163.265594	  154.641541	  241.420410  
	115	  97.703407	  80.263390	  480.241333  
	116	  241.111649	  145.486221	  382.486694  
	117	  237.886734	  149.704361	  335.442505  
	118	  261.140167	  200.618057	  180.806808  
	119	  50.877823	  87.750107	  60.867981  
	120	  79.495171	  145.141922	  268.944061  
	121	  200.393814	  173.972183	  243.527863  
	122	  104.199242	  114.138184	  384.824554  
	123	  234.493179	  221.793503	  162.952255  
	124	  86.115898	  97.756050	  407.654602  
	125	  86.222633	  122.754448	  236.939606  
	126	  85.392189	  110.172409	  116.518158  
	127	  229.002289	  178.496399	  319.068756  
	128	  216.951050	  192.335678	  115.800896  
	129	  88.972046	  106.650429	  59.369396  
	130	  95.556221	  157.393692	  218.653610  
	131	  206.431381	  166.077682	  384.985138  
	132	  128.037277	  137.318619	  499.995697  
	133	  214.639114	  187.273804	  430.864441  
	134	  83.833916	  111.563408	  378.462494  
	135	  102.419533	  153.801224	  20.403458  
	136	  223.866745	  203.906433	  3.644912  
	137	  136.568588	  290.419434	  373.210419  
	138	  212.948135	  256.488373	  358.475372  
	139	  286.829712	  147.331985	  209.037903  
	140	  123.649193	  185.674408	  195.425018  
	141	  48.195328	  220.215179	  145.789551  
	142	  127.790512	  130.821075	  233.569611  
	143	  114.528198	  185.096909	  242.479340  
	144	  285.768616	  157.968552	  497.396912  
	145	  153.584473	  239.645737	  116.609085  
	146	  148.577286	  156.379074	  233.774689  
	147	  91.164139	  66.252258	  474.064880  
	148	  250.760849	  132.151215	  384.995300  
	149	  248.651474	  138.628815	  329.223572  
	150	  276.062927	  202.050125	  173.562302  
	151	  39.831657	  75.360817	  59.560234  
	152	  72.565163	  160.155014	  266.993500  
	153	  116.745728	  125.034431	  383.785339  
	154	  241.357391	  232.644424	  173.552383  
	155	  91.331879	  82.359283	  411.253998  
	156	  86.639412	  127.189972	  252.982513  
	157	  240.168564	  166.457153	  316.313141  
	158	  232.651611	  187.026428	  117.390450  
	159	  87.385384	  92.413078	  67.854843  
	160	  94.444023	  172.941254	  212.800522  
	161	  192.182358	  158.667572	  389.375793  
	162	  128.323608	  121.123459	  496.141174  
	163	  201.354736	  178.947372	  426.747589  
	164	  74.241508	  113.440552	  391.020264  
	165	  195.578827	  181.699493	  172.711823  
	166	  199.821533	  191.989166	  67.791580  
	167	  186.575333	  180.503616	  258.477478  
	168	  66.065460	  91.444626	  78.106956  
	169	  40.880730	  72.824326	  380.697571  
	170	  209.869308	  156.198685	  350.604858  
	171	  269.641541	  225.431946	  154.829224  
   2  total number of boundary nodes
node bctyp press/flow   HD    PO2
	1	  0	  100.000000	  0.400000	  100.000000
	14	  0	  20.000000	  0.400000	  18.000000

