314243 12 0.600000 Current network file generated by angioadapt
  300.000000  300.000000  500.000000	box dimensions in microns
  15    15    25 	number of tissue points in x,y,z directions
  0.000000			outer bound distance (100. in test case)
  75.000000				max. segment length.  (5. in test case)
   40				nodsegm, max. number of segments per node
  655				total number of segments 
  name type from  to  diam       flow
	1	  4	  1	  2	  7.000000	  21.019417	  0.400000  
	2	  3	  2	  3	  6.847137	  21.019417	  0.400000  
	3	  5	  3	  4	  7.640156	  14.720730	  0.446566  
	4	  5	  4	  5	  7.699209	  14.720730	  0.446566  
	5	  5	  5	  26	  7.470252	  6.548085	  0.409040  
	6	  5	  6	  7	  7.060637	  1.681711	  0.427782  
	7	  5	  7	  569	  7.189732	  1.681711	  0.427782  
	8	  5	  8	  50	  6.553348	  0.853677	  0.433890  
	9	  5	  9	  37	  7.506118	  0.606450	  0.267787  
	12	  5	  3	  56	  4.716799	  6.298687	  0.291169  
	13	  5	  56	  132	  4.823183	  6.298687	  0.291169  
	14	  4	  14	  15	  16.000000	  -21.019417	  0.400000  
	15	  3	  15	  16	  7.694952	  -21.019417	  0.400000  
	16	  5	  16	  39	  6.986136	  -11.470299	  0.513987  
	17	  5	  17	  133	  7.815762	  -14.720730	  0.446566  
	18	  5	  18	  58	  7.763935	  -14.720730	  0.446566  
	21	  5	  33	  570	  6.805805	  -0.806372	  0.419098  
	22	  5	  22	  59	  7.802759	  -1.120798	  0.359378  
	23	  5	  23	  28	  7.325273	  -0.402089	  0.320757  
	24	  5	  24	  40	  7.840509	  -0.606450	  0.267787  
	26	  5	  20	  389	  7.369473	  -1.733786	  0.414933  
	27	  5	  28	  24	  7.838507	  -0.606450	  0.267787  
	28	  5	  12	  29	  7.709308	  0.606450	  0.267787  
	29	  5	  25	  30	  8.000000	  0.000000	  0.000000  
	31	  5	  20	  32	  6.795135	  -3.371929	  0.358935  
	33	  5	  23	  34	  7.612915	  -0.514348	  0.467371  
	34	  5	  28	  35	  7.184422	  0.204361	  0.163565  
	35	  5	  50	  571	  7.431481	  0.606450	  0.267787  
	37	  5	  38	  16	  6.225528	  9.549117	  0.263080  
	38	  5	  39	  17	  7.850860	  -14.720730	  0.446566  
	39	  5	  40	  25	  8.000000	  0.000000	  0.400000  
	40	  5	  41	  33	  6.779458	  -0.806372	  0.419098  
	41	  5	  29	  42	  8.000000	  0.000000	  0.000000  
	42	  5	  30	  43	  8.000000	  0.000000	  0.000000  
	43	  5	  26	  44	  8.000000	  0.000000	  0.000000  
	44	  5	  32	  45	  7.220476	  -3.424005	  0.353475  
	45	  5	  33	  46	  8.000000	  0.000000	  0.000000  
	46	  5	  34	  47	  7.615368	  -0.514348	  0.467371  
	47	  5	  35	  48	  7.200355	  0.204361	  0.163565  
	48	  5	  7	  49	  8.000000	  0.000000	  0.000000  
	50	  5	  37	  10	  7.551213	  0.606450	  0.267787  
	51	  5	  38	  52	  5.815476	  -3.250431	  0.208650  
	52	  5	  39	  53	  5.828825	  3.250431	  0.208650  
	54	  5	  41	  55	  6.833004	  -0.875339	  0.435781  
	57	  5	  58	  19	  7.506166	  -5.997160	  0.343782  
	58	  5	  59	  23	  7.529717	  -0.916437	  0.403044  
	59	  5	  42	  60	  8.000000	  0.000000	  0.000000  
	61	  5	  44	  169	  8.000000	  0.000000	  0.000000  
	62	  5	  45	  63	  7.207001	  -3.424005	  0.353475  
	63	  5	  46	  64	  8.000000	  0.000000	  0.000000  
	64	  5	  47	  65	  7.614917	  -0.514348	  0.467371  
	65	  5	  48	  66	  7.211914	  0.204361	  0.163565  
	66	  5	  49	  67	  8.000000	  0.000000	  0.000000  
	68	  5	  10	  336	  7.628304	  0.606450	  0.267787  
	70	  5	  52	  70	  5.818033	  -3.250431	  0.208650  
	71	  5	  53	  70	  5.828991	  3.250431	  0.208650  
	72	  5	  40	  72	  7.840877	  -0.606450	  0.267787  
	73	  5	  55	  73	  6.837921	  -0.875339	  0.435781  
	74	  5	  56	  74	  8.000000	  0.000000	  0.000000  
	75	  5	  58	  75	  7.067492	  -8.723570	  0.517227  
	76	  5	  19	  76	  6.868174	  -2.384517	  0.182408  
	77	  5	  59	  77	  7.110213	  -0.204361	  0.163565  
	78	  5	  29	  168	  7.736812	  0.606450	  0.267787  
	79	  5	  79	  8	  6.432969	  0.853677	  0.433890  
	80	  5	  570	  22	  7.782605	  -1.120798	  0.359378  
	81	  1	  60	  81	  8.000000	  0.000000	  0.000000  
	84	  5	  63	  84	  7.191777	  -3.424005	  0.353475  
	85	  5	  64	  85	  8.000000	  0.000000	  0.000000  
	86	  5	  65	  86	  7.611440	  -0.514348	  0.467371  
	87	  5	  66	  87	  7.219926	  0.204361	  0.163565  
	88	  5	  67	  88	  8.000000	  0.000000	  0.000000  
	89	  5	  68	  89	  6.633534	  0.560913	  0.564463  
	92	  5	  72	  91	  7.839314	  -0.606450	  0.267787  
	94	  5	  74	  93	  8.000000	  0.000000	  0.000000  
	95	  5	  75	  94	  7.579264	  -4.917000	  0.567609  
	96	  5	  76	  95	  6.638664	  -1.959537	  0.191911  
	97	  5	  77	  96	  7.130761	  -0.204361	  0.163565  
	98	  5	  168	  97	  8.000000	  0.000000	  0.000000  
	99	  5	  79	  98	  6.432785	  0.828034	  0.421484  
	100	  5	  570	  99	  5.847197	  0.314426	  0.206221  
	102	  1	  35	  101	  8.000000	  0.000000	  0.000000  
	103	  5	  102	  20	  7.625016	  -5.105716	  0.377950  
	104	  1	  81	  103	  8.000000	  0.000000	  0.000000  
	106	  1	  169	  105	  8.000000	  0.000000	  0.000000  
	107	  5	  84	  106	  7.176946	  -3.424005	  0.353475  
	108	  5	  85	  107	  8.000000	  0.000000	  0.000000  
	109	  5	  86	  108	  7.606135	  -0.514348	  0.467371  
	110	  5	  87	  109	  7.223414	  0.204361	  0.163565  
	111	  5	  88	  110	  8.000000	  0.000000	  0.000000  
	112	  5	  89	  111	  6.674843	  0.560913	  0.564463  
	114	  5	  91	  113	  7.836223	  -0.606450	  0.267787  
	115	  5	  92	  114	  6.807125	  -0.560913	  0.564463  
	116	  5	  93	  115	  8.000000	  0.000000	  0.000000  
	117	  5	  94	  116	  7.749232	  -5.808444	  0.503222  
	118	  5	  95	  117	  5.799224	  -0.466464	  0.156729  
	119	  5	  96	  118	  7.151246	  -0.204361	  0.163565  
	120	  5	  97	  119	  8.000000	  0.000000	  0.000000  
	121	  1	  98	  120	  8.000000	  0.000000	  0.000000  
	122	  5	  99	  121	  5.260751	  0.140108	  0.181420  
	123	  5	  26	  122	  6.630125	  3.806570	  0.452149  
	124	  1	  101	  123	  8.000000	  0.000000	  0.000000  
	125	  5	  5	  124	  7.254109	  8.172645	  0.476633  
	126	  5	  50	  125	  6.613420	  -0.828034	  0.421484  
	127	  5	  12	  336	  7.686882	  -0.606450	  0.267787  
	128	  5	  102	  127	  8.000000	  0.000000	  0.000000  
	130	  5	  60	  129	  8.000000	  0.000000	  0.000000  
	131	  5	  68	  130	  7.480062	  0.514348	  0.467371  
	132	  5	  75	  131	  6.842877	  -3.806570	  0.452149  
	133	  5	  132	  38	  5.027964	  6.298687	  0.291169  
	134	  5	  133	  18	  7.782382	  -14.720730	  0.446566  
	135	  5	  26	  6	  6.906869	  1.681711	  0.427782  
	136	  1	  103	  135	  8.000000	  0.000000	  0.000000  
	138	  1	  105	  137	  8.000000	  0.000000	  0.000000  
	139	  5	  106	  138	  7.160947	  -3.424005	  0.353475  
	140	  5	  107	  139	  8.000000	  0.000000	  0.000000  
	141	  5	  108	  140	  7.596878	  -0.514348	  0.467371  
	142	  5	  109	  141	  7.223552	  0.204361	  0.163565  
	143	  1	  110	  142	  8.000000	  0.000000	  0.000000  
	144	  1	  111	  143	  8.000000	  0.000000	  0.000000  
	146	  1	  113	  145	  8.000000	  0.000000	  0.000000  
	147	  5	  114	  146	  6.787970	  -0.560913	  0.564463  
	148	  5	  115	  147	  8.000000	  0.000000	  0.000000  
	149	  5	  116	  148	  7.743084	  -5.808444	  0.503222  
	150	  5	  117	  149	  7.416724	  -0.891445	  0.148082  
	151	  5	  118	  150	  7.169280	  -0.204361	  0.163565  
	153	  1	  120	  152	  8.000000	  0.000000	  0.000000  
	154	  5	  121	  73	  5.302583	  0.140108	  0.181420  
	155	  1	  122	  153	  8.000000	  0.000000	  0.000000  
	156	  1	  123	  154	  8.000000	  0.000000	  0.000000  
	157	  5	  124	  155	  7.349274	  -1.059805	  0.224463  
	158	  5	  125	  156	  6.572136	  -0.828034	  0.421484  
	160	  5	  127	  157	  8.000000	  0.000000	  0.000000  
	161	  5	  40	  158	  8.000000	  0.000000	  0.000000  
	162	  5	  129	  159	  8.000000	  0.000000	  0.000000  
	163	  5	  130	  160	  7.508888	  0.514348	  0.467371  
	164	  5	  131	  161	  6.822551	  -3.806570	  0.452149  
	165	  1	  132	  162	  8.000000	  0.000000	  0.000000  
	166	  1	  133	  163	  8.000000	  0.000000	  0.000000  
	168	  5	  30	  40	  8.000000	  0.000000	  0.000000  
	169	  1	  47	  165	  8.000000	  0.000000	  0.000000  
	170	  5	  43	  166	  8.000000	  0.000000	  0.000000  
	171	  1	  73	  167	  8.000000	  0.000000	  0.000000  
	174	  5	  76	  170	  5.978979	  -0.424980	  0.138591  
	175	  1	  87	  171	  8.000000	  0.000000	  0.000000  
	176	  5	  19	  272	  7.184556	  -3.612643	  0.450296  
	177	  1	  135	  173	  8.000000	  0.000000	  0.000000  
	178	  1	  137	  174	  8.000000	  0.000000	  0.000000  
	179	  5	  138	  175	  7.142479	  -3.424005	  0.353475  
	180	  5	  139	  176	  8.000000	  0.000000	  0.000000  
	181	  1	  140	  177	  8.000000	  0.000000	  0.000000  
	182	  5	  141	  178	  7.220067	  0.204361	  0.163565  
	183	  1	  142	  179	  8.000000	  0.000000	  0.000000  
	184	  1	  143	  180	  8.000000	  0.000000	  0.000000  
	186	  1	  145	  182	  8.000000	  0.000000	  0.000000  
	187	  5	  146	  183	  6.763711	  -0.560913	  0.564463  
	188	  5	  147	  184	  8.000000	  0.000000	  0.000000  
	189	  5	  148	  185	  7.736686	  -5.808444	  0.503222  
	190	  5	  149	  186	  7.408624	  -0.891445	  0.148082  
	191	  5	  150	  187	  7.184621	  -0.204361	  0.163565  
	192	  1	  119	  188	  8.000000	  0.000000	  0.000000  
	193	  1	  152	  189	  8.000000	  0.000000	  0.000000  
	194	  1	  153	  190	  8.000000	  0.000000	  0.000000  
	195	  1	  154	  191	  8.000000	  0.000000	  0.000000  
	196	  5	  155	  192	  8.000000	  0.000000	  0.000000  
	197	  5	  156	  98	  6.498097	  -0.828034	  0.421484  
	198	  5	  157	  193	  8.000000	  0.000000	  0.000000  
	199	  5	  158	  194	  8.000000	  0.000000	  0.000000  
	200	  5	  159	  195	  8.000000	  0.000000	  0.000000  
	201	  5	  160	  196	  7.536091	  0.514348	  0.467371  
	202	  5	  161	  197	  6.800830	  -3.806570	  0.452149  
	203	  1	  162	  198	  8.000000	  0.000000	  0.000000  
	204	  1	  163	  199	  8.000000	  0.000000	  0.000000  
	205	  5	  26	  200	  7.205349	  1.059805	  0.224463  
	206	  1	  165	  201	  8.000000	  0.000000	  0.000000  
	207	  5	  166	  202	  8.000000	  0.000000	  0.000000  
	208	  1	  167	  203	  8.000000	  0.000000	  0.000000  
	209	  5	  168	  204	  7.763169	  0.606450	  0.267787  
	210	  1	  169	  205	  8.000000	  0.000000	  0.000000  
	211	  5	  170	  206	  5.958604	  -0.424980	  0.138591  
	212	  1	  171	  207	  8.000000	  0.000000	  0.000000  
	213	  5	  19	  208	  8.000000	  0.000000	  0.000000  
	214	  1	  42	  209	  8.000000	  0.000000	  0.000000  
	215	  1	  94	  210	  8.000000	  0.000000	  0.000000  
	216	  5	  94	  211	  7.202525	  0.891445	  0.148082  
	217	  5	  117	  212	  5.865479	  0.424980	  0.138591  
	219	  5	  111	  213	  6.710956	  0.560913	  0.564463  
	220	  5	  113	  214	  7.832463	  -0.606450	  0.267787  
	222	  5	  122	  216	  6.657049	  3.806570	  0.452149  
	225	  5	  272	  102	  7.613715	  -5.105716	  0.377950  
	226	  1	  173	  220	  8.000000	  0.000000	  0.000000  
	227	  1	  174	  221	  8.000000	  0.000000	  0.000000  
	228	  5	  175	  222	  7.124461	  -3.424005	  0.353475  
	229	  5	  176	  223	  8.000000	  0.000000	  0.000000  
	230	  1	  177	  224	  8.000000	  0.000000	  0.000000  
	231	  1	  178	  225	  8.000000	  0.000000	  0.000000  
	232	  1	  179	  226	  8.000000	  0.000000	  0.000000  
	233	  1	  180	  227	  8.000000	  0.000000	  0.000000  
	234	  1	  182	  228	  8.000000	  0.000000	  0.000000  
	235	  5	  183	  213	  6.739082	  -0.560913	  0.564463  
	236	  5	  184	  229	  8.000000	  0.000000	  0.000000  
	237	  5	  185	  230	  7.729996	  -5.808444	  0.503222  
	238	  5	  186	  231	  7.398767	  -0.891445	  0.148082  
	239	  5	  187	  232	  7.197653	  -0.204361	  0.163565  
	240	  1	  188	  233	  8.000000	  0.000000	  0.000000  
	241	  1	  189	  234	  8.000000	  0.000000	  0.000000  
	242	  1	  190	  235	  8.000000	  0.000000	  0.000000  
	243	  1	  191	  236	  8.000000	  0.000000	  0.000000  
	244	  5	  192	  237	  8.000000	  0.000000	  0.000000  
	245	  5	  193	  238	  8.000000	  0.000000	  0.000000  
	246	  5	  194	  239	  8.000000	  0.000000	  0.000000  
	247	  5	  195	  240	  8.000000	  0.000000	  0.000000  
	248	  5	  196	  241	  7.558261	  0.514348	  0.467371  
	249	  5	  197	  242	  6.778727	  -3.806570	  0.452149  
	250	  1	  198	  243	  8.000000	  0.000000	  0.000000  
	251	  1	  199	  244	  8.000000	  0.000000	  0.000000  
	252	  5	  200	  245	  7.245300	  1.059805	  0.224463  
	253	  1	  201	  246	  8.000000	  0.000000	  0.000000  
	254	  1	  202	  247	  8.000000	  0.000000	  0.000000  
	255	  1	  203	  248	  8.000000	  0.000000	  0.000000  
	256	  5	  204	  249	  7.778463	  0.606450	  0.267787  
	257	  1	  205	  250	  8.000000	  0.000000	  0.000000  
	258	  5	  206	  251	  8.000000	  0.000000	  0.000000  
	259	  1	  207	  252	  8.000000	  0.000000	  0.000000  
	260	  5	  208	  253	  8.000000	  0.000000	  0.000000  
	261	  1	  209	  254	  8.000000	  0.000000	  0.000000  
	262	  1	  210	  255	  8.000000	  0.000000	  0.000000  
	263	  5	  211	  256	  7.233875	  0.891445	  0.148082  
	264	  5	  212	  206	  5.919389	  0.424980	  0.138591  
	265	  1	  213	  257	  8.000000	  0.000000	  0.000000  
	266	  5	  214	  258	  7.827429	  -0.606450	  0.267787  
	268	  5	  216	  260	  6.677713	  3.806570	  0.452149  
	269	  5	  79	  261	  8.000000	  0.000000	  0.000000  
	270	  1	  336	  262	  8.000000	  0.000000	  0.000000  
	271	  5	  32	  263	  5.562491	  0.052076	  0.000000  
	272	  1	  59	  264	  8.000000	  0.000000	  0.000000  
	273	  5	  99	  265	  5.626026	  0.174317	  0.226156  
	274	  1	  106	  266	  8.000000	  0.000000	  0.000000  
	275	  1	  120	  267	  8.000000	  0.000000	  0.000000  
	276	  5	  124	  268	  7.439374	  9.232450	  0.447686  
	279	  5	  43	  271	  8.000000	  0.000000	  0.000000  
	281	  1	  174	  273	  8.000000	  0.000000	  0.000000  
	282	  1	  143	  274	  8.000000	  0.000000	  0.000000  
	283	  1	  153	  275	  8.000000	  0.000000	  0.000000  
	284	  5	  170	  276	  8.000000	  0.000000	  0.000000  
	285	  1	  220	  277	  8.000000	  0.000000	  0.000000  
	286	  1	  221	  278	  8.000000	  0.000000	  0.000000  
	287	  5	  222	  279	  7.107140	  -3.424005	  0.353475  
	288	  1	  223	  280	  8.000000	  0.000000	  0.000000  
	289	  1	  224	  281	  8.000000	  0.000000	  0.000000  
	290	  1	  225	  282	  8.000000	  0.000000	  0.000000  
	291	  1	  226	  283	  8.000000	  0.000000	  0.000000  
	292	  1	  227	  284	  8.000000	  0.000000	  0.000000  
	293	  1	  228	  285	  8.000000	  0.000000	  0.000000  
	294	  5	  229	  286	  8.000000	  0.000000	  0.000000  
	295	  5	  230	  287	  7.484122	  -2.756116	  0.486281  
	296	  5	  231	  288	  7.386296	  -0.891445	  0.148082  
	297	  5	  232	  289	  7.207999	  -0.204361	  0.163565  
	298	  1	  233	  290	  8.000000	  0.000000	  0.000000  
	299	  1	  234	  291	  8.000000	  0.000000	  0.000000  
	300	  1	  235	  292	  8.000000	  0.000000	  0.000000  
	301	  1	  236	  293	  8.000000	  0.000000	  0.000000  
	302	  5	  237	  294	  8.000000	  0.000000	  0.000000  
	303	  5	  238	  295	  8.000000	  0.000000	  0.000000  
	304	  5	  239	  296	  8.000000	  0.000000	  0.000000  
	305	  5	  240	  297	  8.000000	  0.000000	  0.000000  
	306	  1	  241	  298	  8.000000	  0.000000	  0.000000  
	307	  5	  242	  299	  6.756339	  -3.806570	  0.452149  
	308	  1	  243	  300	  8.000000	  0.000000	  0.000000  
	309	  1	  244	  301	  8.000000	  0.000000	  0.000000  
	310	  1	  245	  302	  8.000000	  0.000000	  0.000000  
	311	  1	  246	  303	  8.000000	  0.000000	  0.000000  
	312	  1	  247	  304	  8.000000	  0.000000	  0.000000  
	313	  1	  248	  305	  8.000000	  0.000000	  0.000000  
	314	  5	  249	  306	  7.791755	  0.606450	  0.267787  
	315	  1	  250	  307	  8.000000	  0.000000	  0.000000  
	316	  1	  251	  308	  8.000000	  0.000000	  0.000000  
	317	  1	  252	  309	  8.000000	  0.000000	  0.000000  
	318	  5	  253	  310	  8.000000	  0.000000	  0.000000  
	319	  1	  254	  311	  8.000000	  0.000000	  0.000000  
	320	  1	  255	  312	  8.000000	  0.000000	  0.000000  
	321	  5	  256	  313	  7.264187	  0.891445	  0.148082  
	322	  1	  257	  314	  8.000000	  0.000000	  0.000000  
	323	  5	  258	  315	  7.820749	  -0.606450	  0.267787  
	324	  5	  260	  316	  6.701729	  3.806570	  0.452149  
	325	  5	  261	  317	  8.000000	  0.000000	  0.000000  
	326	  1	  262	  318	  8.000000	  0.000000	  0.000000  
	327	  1	  263	  319	  8.000000	  0.000000	  0.000000  
	328	  1	  264	  320	  8.000000	  0.000000	  0.000000  
	329	  5	  265	  73	  5.657101	  0.174317	  0.226156  
	330	  1	  266	  321	  8.000000	  0.000000	  0.000000  
	331	  1	  267	  322	  8.000000	  0.000000	  0.000000  
	332	  5	  268	  323	  7.686026	  5.808444	  0.503222  
	333	  5	  270	  324	  8.000000	  0.000000	  0.000000  
	334	  5	  271	  325	  8.000000	  0.000000	  0.000000  
	335	  5	  272	  95	  6.803705	  1.493073	  0.202902  
	336	  1	  273	  326	  8.000000	  0.000000	  0.000000  
	337	  1	  274	  327	  8.000000	  0.000000	  0.000000  
	338	  1	  275	  328	  8.000000	  0.000000	  0.000000  
	339	  1	  276	  329	  8.000000	  0.000000	  0.000000  
	340	  1	  127	  330	  8.000000	  0.000000	  0.000000  
	341	  5	  263	  331	  5.737053	  0.052076	  0.000000  
	342	  1	  267	  332	  8.000000	  0.000000	  0.000000  
	343	  1	  272	  333	  8.000000	  0.000000	  0.000000  
	344	  5	  73	  92	  6.822851	  -0.560913	  0.564463  
	347	  1	  277	  337	  8.000000	  0.000000	  0.000000  
	348	  1	  278	  338	  8.000000	  0.000000	  0.000000  
	349	  5	  279	  339	  7.089662	  -3.424005	  0.353475  
	350	  1	  280	  340	  8.000000	  0.000000	  0.000000  
	351	  1	  281	  341	  8.000000	  0.000000	  0.000000  
	352	  1	  282	  342	  8.000000	  0.000000	  0.000000  
	353	  1	  283	  343	  8.000000	  0.000000	  0.000000  
	354	  1	  284	  344	  8.000000	  0.000000	  0.000000  
	355	  1	  285	  345	  8.000000	  0.000000	  0.000000  
	356	  5	  286	  346	  8.000000	  0.000000	  0.000000  
	357	  1	  287	  347	  8.000000	  0.000000	  0.000000  
	358	  5	  288	  348	  7.371271	  -0.891445	  0.148082  
	359	  5	  289	  178	  7.215941	  -0.204361	  0.163565  
	360	  1	  290	  349	  8.000000	  0.000000	  0.000000  
	361	  1	  291	  350	  8.000000	  0.000000	  0.000000  
	362	  1	  292	  351	  8.000000	  0.000000	  0.000000  
	363	  1	  293	  352	  8.000000	  0.000000	  0.000000  
	364	  1	  294	  353	  8.000000	  0.000000	  0.000000  
	365	  5	  295	  354	  8.000000	  0.000000	  0.000000  
	366	  5	  296	  355	  8.000000	  0.000000	  0.000000  
	367	  5	  297	  356	  8.000000	  0.000000	  0.000000  
	368	  1	  298	  357	  8.000000	  0.000000	  0.000000  
	369	  5	  299	  316	  6.729461	  -3.806570	  0.452149  
	370	  1	  300	  358	  8.000000	  0.000000	  0.000000  
	371	  1	  301	  359	  8.000000	  0.000000	  0.000000  
	372	  1	  302	  360	  8.000000	  0.000000	  0.000000  
	373	  1	  303	  361	  8.000000	  0.000000	  0.000000  
	374	  1	  304	  362	  8.000000	  0.000000	  0.000000  
	375	  1	  305	  363	  8.000000	  0.000000	  0.000000  
	376	  5	  306	  364	  7.803496	  0.606450	  0.267787  
	377	  1	  307	  365	  8.000000	  0.000000	  0.000000  
	378	  1	  308	  366	  8.000000	  0.000000	  0.000000  
	379	  1	  309	  367	  8.000000	  0.000000	  0.000000  
	380	  5	  310	  368	  8.000000	  0.000000	  0.000000  
	381	  1	  311	  369	  8.000000	  0.000000	  0.000000  
	382	  1	  312	  370	  8.000000	  0.000000	  0.000000  
	383	  5	  313	  371	  7.291152	  0.891445	  0.148082  
	384	  1	  314	  372	  8.000000	  0.000000	  0.000000  
	385	  1	  315	  373	  8.000000	  0.000000	  0.000000  
	386	  1	  316	  374	  8.000000	  0.000000	  0.000000  
	387	  5	  317	  375	  8.000000	  0.000000	  0.000000  
	388	  1	  318	  376	  8.000000	  0.000000	  0.000000  
	389	  1	  319	  377	  8.000000	  0.000000	  0.000000  
	390	  1	  320	  378	  8.000000	  0.000000	  0.000000  
	391	  1	  321	  379	  8.000000	  0.000000	  0.000000  
	392	  1	  322	  380	  8.000000	  0.000000	  0.000000  
	393	  5	  323	  381	  7.450687	  2.756116	  0.486281  
	394	  5	  324	  382	  8.000000	  0.000000	  0.000000  
	395	  5	  325	  383	  8.000000	  0.000000	  0.000000  
	396	  1	  326	  384	  8.000000	  0.000000	  0.000000  
	397	  1	  327	  385	  8.000000	  0.000000	  0.000000  
	398	  1	  328	  386	  8.000000	  0.000000	  0.000000  
	399	  1	  329	  387	  8.000000	  0.000000	  0.000000  
	400	  1	  330	  388	  8.000000	  0.000000	  0.000000  
	401	  5	  389	  41	  7.446224	  -1.681711	  0.427782  
	402	  5	  331	  389	  5.881670	  0.052076	  0.000000  
	403	  1	  332	  390	  8.000000	  0.000000	  0.000000  
	404	  1	  333	  391	  8.000000	  0.000000	  0.000000  
	405	  1	  40	  392	  8.000000	  0.000000	  0.000000  
	406	  1	  70	  393	  8.000000	  0.000000	  0.000000  
	407	  1	  73	  394	  8.000000	  0.000000	  0.000000  
	408	  1	  108	  395	  8.000000	  0.000000	  0.000000  
	409	  1	  122	  396	  8.000000	  0.000000	  0.000000  
	410	  1	  336	  397	  8.000000	  0.000000	  0.000000  
	411	  1	  123	  398	  8.000000	  0.000000	  0.000000  
	412	  5	  155	  399	  8.000000	  0.000000	  0.000000  
	413	  5	  155	  400	  7.327331	  -1.059805	  0.224463  
	414	  5	  202	  401	  8.000000	  0.000000	  0.000000  
	415	  1	  184	  402	  8.000000	  0.000000	  0.000000  
	416	  1	  209	  403	  8.000000	  0.000000	  0.000000  
	417	  5	  230	  404	  7.507569	  -3.052329	  0.518519  
	418	  1	  308	  405	  8.000000	  0.000000	  0.000000  
	419	  1	  337	  406	  8.000000	  0.000000	  0.000000  
	420	  1	  338	  407	  8.000000	  0.000000	  0.000000  
	421	  5	  339	  268	  7.070694	  -3.424005	  0.353475  
	422	  1	  340	  408	  8.000000	  0.000000	  0.000000  
	423	  1	  341	  409	  8.000000	  0.000000	  0.000000  
	424	  1	  342	  410	  8.000000	  0.000000	  0.000000  
	425	  1	  343	  411	  8.000000	  0.000000	  0.000000  
	426	  1	  344	  412	  8.000000	  0.000000	  0.000000  
	427	  1	  345	  413	  8.000000	  0.000000	  0.000000  
	428	  1	  346	  414	  8.000000	  0.000000	  0.000000  
	429	  1	  347	  415	  8.000000	  0.000000	  0.000000  
	430	  1	  348	  416	  8.000000	  0.000000	  0.000000  
	431	  1	  349	  417	  8.000000	  0.000000	  0.000000  
	432	  1	  350	  418	  8.000000	  0.000000	  0.000000  
	433	  1	  351	  419	  8.000000	  0.000000	  0.000000  
	434	  1	  352	  420	  8.000000	  0.000000	  0.000000  
	435	  1	  353	  421	  8.000000	  0.000000	  0.000000  
	436	  5	  354	  422	  8.000000	  0.000000	  0.000000  
	437	  5	  355	  423	  8.000000	  0.000000	  0.000000  
	438	  5	  356	  424	  8.000000	  0.000000	  0.000000  
	439	  1	  357	  425	  8.000000	  0.000000	  0.000000  
	440	  1	  358	  426	  8.000000	  0.000000	  0.000000  
	441	  1	  359	  427	  8.000000	  0.000000	  0.000000  
	442	  1	  360	  428	  8.000000	  0.000000	  0.000000  
	443	  1	  361	  429	  8.000000	  0.000000	  0.000000  
	444	  1	  362	  430	  8.000000	  0.000000	  0.000000  
	445	  1	  363	  431	  8.000000	  0.000000	  0.000000  
	446	  5	  364	  315	  7.812900	  0.606450	  0.267787  
	447	  1	  365	  432	  8.000000	  0.000000	  0.000000  
	448	  1	  366	  433	  8.000000	  0.000000	  0.000000  
	449	  1	  367	  434	  8.000000	  0.000000	  0.000000  
	450	  5	  368	  435	  8.000000	  0.000000	  0.000000  
	451	  1	  369	  436	  8.000000	  0.000000	  0.000000  
	452	  1	  370	  437	  8.000000	  0.000000	  0.000000  
	453	  5	  371	  438	  7.316019	  0.891445	  0.148082  
	454	  1	  372	  439	  8.000000	  0.000000	  0.000000  
	455	  1	  373	  440	  8.000000	  0.000000	  0.000000  
	456	  1	  374	  441	  8.000000	  0.000000	  0.000000  
	457	  1	  375	  442	  8.000000	  0.000000	  0.000000  
	458	  1	  376	  443	  8.000000	  0.000000	  0.000000  
	459	  1	  377	  444	  8.000000	  0.000000	  0.000000  
	460	  1	  378	  445	  8.000000	  0.000000	  0.000000  
	461	  1	  379	  446	  8.000000	  0.000000	  0.000000  
	462	  1	  380	  447	  8.000000	  0.000000	  0.000000  
	463	  5	  381	  448	  7.463129	  2.756116	  0.486281  
	464	  5	  382	  449	  8.000000	  0.000000	  0.000000  
	465	  5	  383	  450	  8.000000	  0.000000	  0.000000  
	466	  1	  384	  451	  8.000000	  0.000000	  0.000000  
	467	  1	  385	  452	  8.000000	  0.000000	  0.000000  
	468	  1	  386	  453	  8.000000	  0.000000	  0.000000  
	469	  1	  387	  454	  8.000000	  0.000000	  0.000000  
	470	  1	  388	  455	  8.000000	  0.000000	  0.000000  
	471	  1	  390	  456	  8.000000	  0.000000	  0.000000  
	472	  1	  391	  457	  8.000000	  0.000000	  0.000000  
	473	  1	  392	  458	  8.000000	  0.000000	  0.000000  
	474	  1	  393	  459	  8.000000	  0.000000	  0.000000  
	475	  1	  394	  460	  8.000000	  0.000000	  0.000000  
	476	  1	  395	  461	  8.000000	  0.000000	  0.000000  
	477	  1	  396	  462	  8.000000	  0.000000	  0.000000  
	478	  1	  397	  463	  8.000000	  0.000000	  0.000000  
	479	  1	  398	  464	  8.000000	  0.000000	  0.000000  
	480	  5	  399	  237	  8.000000	  0.000000	  0.000000  
	481	  5	  400	  465	  7.303928	  -1.059805	  0.224463  
	482	  5	  401	  466	  8.000000	  0.000000	  0.000000  
	483	  1	  402	  467	  8.000000	  0.000000	  0.000000  
	484	  1	  403	  468	  8.000000	  0.000000	  0.000000  
	485	  5	  404	  469	  7.496353	  -3.052329	  0.518519  
	486	  1	  405	  470	  8.000000	  0.000000	  0.000000  
	487	  1	  34	  471	  8.000000	  0.000000	  0.000000  
	488	  1	  138	  472	  8.000000	  0.000000	  0.000000  
	489	  5	  140	  473	  7.585841	  -0.514348	  0.467371  
	490	  1	  187	  474	  8.000000	  0.000000	  0.000000  
	491	  1	  238	  475	  8.000000	  0.000000	  0.000000  
	492	  1	  194	  476	  8.000000	  0.000000	  0.000000  
	493	  1	  279	  477	  8.000000	  0.000000	  0.000000  
	494	  1	  296	  478	  8.000000	  0.000000	  0.000000  
	495	  1	  244	  479	  8.000000	  0.000000	  0.000000  
	496	  1	  255	  480	  8.000000	  0.000000	  0.000000  
	497	  5	  346	  481	  8.000000	  0.000000	  0.000000  
	498	  5	  348	  482	  7.355658	  -0.891445	  0.148082  
	499	  1	  356	  483	  8.000000	  0.000000	  0.000000  
	500	  5	  375	  484	  8.000000	  0.000000	  0.000000  
	501	  1	  406	  485	  8.000000	  0.000000	  0.000000  
	502	  1	  407	  486	  8.000000	  0.000000	  0.000000  
	503	  1	  408	  487	  8.000000	  0.000000	  0.000000  
	504	  1	  409	  488	  8.000000	  0.000000	  0.000000  
	505	  1	  410	  489	  8.000000	  0.000000	  0.000000  
	506	  1	  411	  490	  8.000000	  0.000000	  0.000000  
	507	  1	  412	  491	  8.000000	  0.000000	  0.000000  
	508	  1	  413	  492	  8.000000	  0.000000	  0.000000  
	509	  1	  414	  493	  8.000000	  0.000000	  0.000000  
	510	  1	  415	  494	  8.000000	  0.000000	  0.000000  
	511	  1	  416	  495	  8.000000	  0.000000	  0.000000  
	512	  1	  417	  496	  8.000000	  0.000000	  0.000000  
	513	  1	  418	  497	  8.000000	  0.000000	  0.000000  
	514	  1	  419	  498	  8.000000	  0.000000	  0.000000  
	515	  1	  420	  499	  8.000000	  0.000000	  0.000000  
	516	  1	  421	  500	  8.000000	  0.000000	  0.000000  
	517	  1	  422	  501	  8.000000	  0.000000	  0.000000  
	518	  5	  423	  561	  8.000000	  0.000000	  0.000000  
	519	  5	  424	  503	  8.000000	  0.000000	  0.000000  
	520	  1	  425	  504	  8.000000	  0.000000	  0.000000  
	521	  1	  426	  505	  8.000000	  0.000000	  0.000000  
	522	  1	  427	  506	  8.000000	  0.000000	  0.000000  
	523	  1	  428	  507	  8.000000	  0.000000	  0.000000  
	524	  1	  429	  508	  8.000000	  0.000000	  0.000000  
	525	  1	  430	  509	  8.000000	  0.000000	  0.000000  
	526	  1	  431	  510	  8.000000	  0.000000	  0.000000  
	527	  1	  432	  511	  8.000000	  0.000000	  0.000000  
	528	  1	  433	  512	  8.000000	  0.000000	  0.000000  
	529	  1	  434	  513	  8.000000	  0.000000	  0.000000  
	530	  5	  435	  514	  8.000000	  0.000000	  0.000000  
	531	  1	  436	  515	  8.000000	  0.000000	  0.000000  
	532	  1	  437	  516	  8.000000	  0.000000	  0.000000  
	533	  5	  438	  482	  7.337535	  0.891445	  0.148082  
	534	  1	  439	  517	  8.000000	  0.000000	  0.000000  
	535	  1	  440	  518	  8.000000	  0.000000	  0.000000  
	536	  1	  441	  519	  8.000000	  0.000000	  0.000000  
	537	  1	  442	  520	  8.000000	  0.000000	  0.000000  
	538	  1	  443	  521	  8.000000	  0.000000	  0.000000  
	539	  1	  444	  522	  8.000000	  0.000000	  0.000000  
	540	  1	  445	  523	  8.000000	  0.000000	  0.000000  
	541	  1	  446	  524	  8.000000	  0.000000	  0.000000  
	542	  1	  447	  525	  8.000000	  0.000000	  0.000000  
	543	  5	  448	  287	  7.473901	  2.756116	  0.486281  
	544	  5	  449	  526	  8.000000	  0.000000	  0.000000  
	545	  1	  450	  527	  8.000000	  0.000000	  0.000000  
	546	  1	  451	  528	  8.000000	  0.000000	  0.000000  
	547	  1	  452	  529	  8.000000	  0.000000	  0.000000  
	548	  1	  453	  530	  8.000000	  0.000000	  0.000000  
	549	  1	  454	  531	  8.000000	  0.000000	  0.000000  
	550	  1	  455	  532	  8.000000	  0.000000	  0.000000  
	551	  1	  456	  533	  8.000000	  0.000000	  0.000000  
	552	  1	  457	  534	  8.000000	  0.000000	  0.000000  
	553	  1	  458	  535	  8.000000	  0.000000	  0.000000  
	554	  1	  459	  536	  8.000000	  0.000000	  0.000000  
	555	  1	  460	  537	  8.000000	  0.000000	  0.000000  
	556	  1	  461	  538	  8.000000	  0.000000	  0.000000  
	557	  1	  462	  539	  8.000000	  0.000000	  0.000000  
	558	  1	  463	  540	  8.000000	  0.000000	  0.000000  
	559	  1	  464	  541	  8.000000	  0.000000	  0.000000  
	560	  5	  465	  245	  7.276136	  -1.059805	  0.224463  
	561	  1	  466	  542	  8.000000	  0.000000	  0.000000  
	562	  1	  467	  543	  8.000000	  0.000000	  0.000000  
	563	  1	  468	  544	  8.000000	  0.000000	  0.000000  
	564	  5	  469	  323	  7.484685	  -3.052329	  0.518519  
	565	  1	  470	  545	  8.000000	  0.000000	  0.000000  
	566	  1	  471	  546	  8.000000	  0.000000	  0.000000  
	567	  1	  472	  547	  8.000000	  0.000000	  0.000000  
	568	  5	  473	  241	  7.573545	  -0.514348	  0.467371  
	569	  1	  474	  548	  8.000000	  0.000000	  0.000000  
	570	  1	  475	  549	  8.000000	  0.000000	  0.000000  
	571	  1	  476	  550	  8.000000	  0.000000	  0.000000  
	572	  1	  477	  551	  8.000000	  0.000000	  0.000000  
	573	  1	  478	  552	  8.000000	  0.000000	  0.000000  
	574	  1	  479	  553	  8.000000	  0.000000	  0.000000  
	575	  1	  480	  554	  8.000000	  0.000000	  0.000000  
	576	  5	  481	  555	  8.000000	  0.000000	  0.000000  
	577	  5	  482	  556	  8.000000	  0.000000	  0.000000  
	578	  1	  483	  557	  8.000000	  0.000000	  0.000000  
	579	  5	  484	  558	  8.000000	  0.000000	  0.000000  
	580	  1	  107	  559	  8.000000	  0.000000	  0.000000  
	581	  5	  158	  25	  8.000000	  0.000000	  0.000000  
	582	  1	  167	  560	  8.000000	  0.000000	  0.000000  
	583	  5	  223	  561	  8.000000	  0.000000	  0.000000  
	584	  5	  251	  562	  8.000000	  0.000000	  0.000000  
	585	  1	  262	  563	  8.000000	  0.000000	  0.000000  
	586	  1	  252	  564	  8.000000	  0.000000	  0.000000  
	587	  5	  270	  119	  8.000000	  0.000000	  0.000000  
	588	  1	  314	  566	  8.000000	  0.000000	  0.000000  
	589	  1	  364	  567	  8.000000	  0.000000	  0.000000  
	590	  5	  466	  568	  8.000000	  0.000000	  0.000000  
	591	  5	  569	  79	  7.189732	  1.681711	  0.427782  
	593	  5	  571	  9	  7.431481	  0.606450	  0.267787  
	594	  5	  50	  68	  6.845010	  1.075261	  0.518019  
	595	  0	  485	  573	  8.000000	  0.000000	  0.000000  
	596	  0	  486	  574	  8.000000	  0.000000	  0.000000  
	597	  0	  487	  575	  8.000000	  0.000000	  0.000000  
	598	  0	  488	  576	  8.000000	  0.000000	  0.000000  
	599	  0	  489	  577	  8.000000	  0.000000	  0.000000  
	600	  0	  490	  578	  8.000000	  0.000000	  0.000000  
	601	  0	  491	  579	  8.000000	  0.000000	  0.000000  
	602	  0	  492	  580	  8.000000	  0.000000	  0.000000  
	603	  0	  493	  581	  8.000000	  0.000000	  0.000000  
	604	  0	  494	  582	  8.000000	  0.000000	  0.000000  
	605	  0	  495	  583	  8.000000	  0.000000	  0.000000  
	606	  0	  496	  584	  8.000000	  0.000000	  0.000000  
	607	  0	  497	  585	  8.000000	  0.000000	  0.000000  
	608	  0	  498	  586	  8.000000	  0.000000	  0.000000  
	609	  0	  499	  587	  8.000000	  0.000000	  0.000000  
	610	  0	  500	  588	  8.000000	  0.000000	  0.000000  
	611	  0	  501	  589	  8.000000	  0.000000	  0.000000  
	612	  0	  561	  590	  8.000000	  0.000000	  0.000000  
	613	  5	  503	  91	  8.000000	  0.000000	  0.000000  
	614	  0	  504	  591	  8.000000	  0.000000	  0.000000  
	615	  0	  505	  592	  8.000000	  0.000000	  0.000000  
	616	  0	  506	  593	  8.000000	  0.000000	  0.000000  
	617	  0	  507	  594	  8.000000	  0.000000	  0.000000  
	618	  0	  508	  595	  8.000000	  0.000000	  0.000000  
	619	  0	  509	  596	  8.000000	  0.000000	  0.000000  
	620	  0	  510	  597	  8.000000	  0.000000	  0.000000  
	621	  0	  511	  598	  8.000000	  0.000000	  0.000000  
	622	  0	  512	  599	  8.000000	  0.000000	  0.000000  
	623	  0	  513	  600	  8.000000	  0.000000	  0.000000  
	624	  5	  514	  422	  8.000000	  0.000000	  0.000000  
	625	  0	  515	  601	  8.000000	  0.000000	  0.000000  
	626	  0	  516	  602	  8.000000	  0.000000	  0.000000  
	627	  0	  517	  603	  8.000000	  0.000000	  0.000000  
	628	  0	  518	  604	  8.000000	  0.000000	  0.000000  
	629	  0	  519	  605	  8.000000	  0.000000	  0.000000  
	630	  0	  520	  606	  8.000000	  0.000000	  0.000000  
	631	  0	  521	  607	  8.000000	  0.000000	  0.000000  
	632	  0	  522	  608	  8.000000	  0.000000	  0.000000  
	633	  0	  523	  609	  8.000000	  0.000000	  0.000000  
	634	  0	  524	  610	  8.000000	  0.000000	  0.000000  
	635	  0	  525	  611	  8.000000	  0.000000	  0.000000  
	636	  5	  526	  450	  8.000000	  0.000000	  0.000000  
	637	  0	  527	  612	  8.000000	  0.000000	  0.000000  
	638	  0	  528	  613	  8.000000	  0.000000	  0.000000  
	639	  0	  529	  614	  8.000000	  0.000000	  0.000000  
	640	  0	  530	  615	  8.000000	  0.000000	  0.000000  
	641	  0	  531	  616	  8.000000	  0.000000	  0.000000  
	642	  0	  532	  617	  8.000000	  0.000000	  0.000000  
	643	  0	  533	  618	  8.000000	  0.000000	  0.000000  
	644	  0	  534	  619	  8.000000	  0.000000	  0.000000  
	645	  0	  535	  620	  8.000000	  0.000000	  0.000000  
	646	  0	  536	  621	  8.000000	  0.000000	  0.000000  
	647	  0	  537	  622	  8.000000	  0.000000	  0.000000  
	648	  0	  538	  623	  8.000000	  0.000000	  0.000000  
	649	  0	  539	  624	  8.000000	  0.000000	  0.000000  
	650	  0	  540	  625	  8.000000	  0.000000	  0.000000  
	651	  0	  541	  626	  8.000000	  0.000000	  0.000000  
	652	  0	  542	  627	  8.000000	  0.000000	  0.000000  
	653	  0	  543	  628	  8.000000	  0.000000	  0.000000  
	654	  0	  544	  629	  8.000000	  0.000000	  0.000000  
	655	  0	  545	  630	  8.000000	  0.000000	  0.000000  
	656	  0	  546	  631	  8.000000	  0.000000	  0.000000  
	657	  0	  547	  632	  8.000000	  0.000000	  0.000000  
	658	  0	  548	  633	  8.000000	  0.000000	  0.000000  
	659	  0	  549	  634	  8.000000	  0.000000	  0.000000  
	660	  0	  550	  635	  8.000000	  0.000000	  0.000000  
	661	  0	  551	  636	  8.000000	  0.000000	  0.000000  
	662	  0	  552	  637	  8.000000	  0.000000	  0.000000  
	663	  0	  553	  638	  8.000000	  0.000000	  0.000000  
	664	  0	  554	  639	  8.000000	  0.000000	  0.000000  
	665	  5	  555	  294	  8.000000	  0.000000	  0.000000  
	666	  5	  556	  169	  8.000000	  0.000000	  0.000000  
	667	  0	  557	  640	  8.000000	  0.000000	  0.000000  
	668	  5	  558	  110	  8.000000	  0.000000	  0.000000  
	669	  0	  559	  641	  8.000000	  0.000000	  0.000000  
	670	  0	  560	  642	  8.000000	  0.000000	  0.000000  
	672	  5	  562	  276	  8.000000	  0.000000	  0.000000  
	673	  1	  563	  397	  8.000000	  0.000000	  0.000000  
	674	  0	  564	  643	  8.000000	  0.000000	  0.000000  
	676	  0	  566	  644	  8.000000	  0.000000	  0.000000  
	677	  0	  567	  645	  8.000000	  0.000000	  0.000000  
	678	  5	  568	  113	  8.000000	  0.000000	  0.000000  
	679	  5	  569	  261	  8.000000	  0.000000	  0.000000  
	680	  0	  570	  646	  8.000000	  0.000000	  0.000000  
	681	  0	  571	  647	  8.000000	  0.000000	  0.000000  
	682	  0	  65	  648	  8.000000	  0.000000	  0.000000  
	683	  0	  50	  649	  8.000000	  0.000000	  0.000000  
	684	  0	  141	  650	  8.000000	  0.000000	  0.000000  
	685	  0	  146	  651	  8.000000	  0.000000	  0.000000  
	686	  0	  135	  652	  8.000000	  0.000000	  0.000000  
	687	  0	  201	  653	  8.000000	  0.000000	  0.000000  
	688	  0	  248	  654	  8.000000	  0.000000	  0.000000  
	689	  0	  331	  655	  8.000000	  0.000000	  0.000000  
	690	  0	  280	  656	  8.000000	  0.000000	  0.000000  
	691	  0	  282	  657	  8.000000	  0.000000	  0.000000  
	692	  0	  285	  658	  8.000000	  0.000000	  0.000000  
	693	  0	  351	  659	  8.000000	  0.000000	  0.000000  
	694	  0	  303	  660	  8.000000	  0.000000	  0.000000  
	695	  0	  377	  661	  8.000000	  0.000000	  0.000000  
	696	  0	  451	  662	  8.000000	  0.000000	  0.000000  
	697	  0	  403	  663	  8.000000	  0.000000	  0.000000  
	698	  0	  504	  664	  8.000000	  0.000000	  0.000000  
	699	  0	  550	  665	  8.000000	  0.000000	  0.000000  
	700	  0	  568	  666	  8.000000	  0.000000	  0.000000  
 625       total number of nodes
  name    x       y       z
	1	  25.000000	  77.900002	  500.000000  
	2	  55.000000	  95.199997	  500.000000  
	3	  85.000000	  112.500000	  500.000000  
	4	  85.000000	  112.500000	  450.000000  
	5	  84.664078	  109.527222	  401.437683  
	6	  85.000000	  112.500000	  350.000000  
	7	  85.400749	  112.587074	  299.719086  
	8	  85.000000	  112.500000	  250.000000  
	9	  85.000000	  112.500000	  200.000000  
	10	  85.000000	  112.500000	  167.000000  
	12	  85.042885	  112.162666	  101.407501  
	14	  275.000000	  222.100006	  500.000000  
	15	  245.000000	  204.800003	  500.000000  
	16	  215.023407	  187.506805	  499.582581  
	17	  215.000000	  187.500000	  450.000000  
	18	  215.000000	  187.500000	  400.000000  
	19	  220.347519	  179.469330	  347.484467  
	20	  215.649673	  188.738068	  300.141144  
	22	  215.000000	  187.500000	  200.000000  
	23	  212.479385	  188.399460	  167.050415  
	24	  215.000000	  187.500000	  133.000000  
	25	  215.697327	  187.791656	  100.915146  
	26	  82.776695	  109.274147	  389.994507  
	28	  217.921722	  189.048157	  148.727615  
	29	  84.064079	  110.591309	  82.304054  
	30	  214.603928	  189.015305	  87.981644  
	32	  219.879990	  200.668518	  302.461243  
	33	  218.803513	  177.292938	  237.407471  
	34	  199.883514	  192.064819	  168.446411  
	35	  232.113281	  199.475037	  148.898712  
	37	  85.692894	  111.535591	  180.119919  
	38	  199.314392	  178.406708	  499.982208  
	39	  216.256042	  186.848923	  469.016968  
	40	  212.919357	  190.037613	  116.129158  
	41	  211.962646	  183.851868	  260.090424  
	42	  87.470940	  118.517998	  66.996361  
	43	  214.412125	  191.653610	  71.690491  
	44	  63.064339	  88.313438	  394.229004  
	45	  217.514664	  210.300034	  311.637787  
	46	  228.968582	  168.553040	  227.532852  
	47	  187.926407	  187.876038	  170.285522  
	48	  245.231659	  200.704224	  145.678864  
	49	  98.433289	  113.127991	  290.182922  
	50	  91.308411	  126.082176	  223.077423  
	52	  214.919846	  175.403534	  495.222626  
	53	  227.181335	  180.427475	  476.267944  
	55	  203.340805	  176.566299	  258.676941  
	56	  105.054466	  120.855507	  499.174408  
	58	  216.300385	  184.218491	  385.071869  
	59	  216.661636	  190.291748	  187.992157  
	60	  92.321259	  117.647606	  56.761612  
	63	  215.381363	  219.646301	  325.250977  
	64	  241.693710	  160.269363	  220.701004  
	65	  165.440567	  189.725311	  171.367294  
	66	  260.466248	  207.376541	  144.897766  
	67	  105.753143	  115.762802	  275.462189  
	68	  97.705727	  146.333221	  223.933182  
	70	  228.999603	  173.351471	  486.575562  
	72	  191.851822	  210.229996	  118.217239  
	73	  193.200485	  172.168976	  251.984848  
	74	  104.160110	  108.149094	  496.043915  
	75	  220.352020	  171.825211	  384.949677  
	76	  217.519501	  169.690384	  347.859955  
	77	  228.615601	  196.700653	  185.794998  
	79	  87.091095	  119.273125	  269.764557  
	81	  102.691154	  128.866104	  41.852531  
	84	  213.240097	  231.934875	  336.279510  
	85	  256.641907	  153.001953	  219.721649  
	86	  150.078995	  187.300247	  175.889206  
	87	  274.514771	  215.711899	  148.617676  
	88	  112.409653	  119.009377	  260.550018  
	89	  104.154655	  155.734787	  231.077835  
	91	  181.407700	  223.399506	  121.242607  
	92	  177.901550	  158.515060	  248.349106  
	93	  103.858177	  93.186890	  488.745697  
	94	  235.098526	  159.190689	  384.281921  
	95	  225.288193	  163.136917	  341.767609  
	96	  244.830307	  200.088348	  184.112961  
	97	  60.463585	  96.263847	  70.051620  
	98	  83.846916	  128.769409	  266.021057  
	99	  205.316513	  178.768234	  234.164841  
	101	  232.971710	  209.609695	  151.897659  
	102	  219.992172	  183.098190	  318.236664  
	103	  104.248360	  140.059433	  29.625229  
	105	  150.664429	  290.776703	  381.968781  
	106	  216.390427	  242.157608	  345.275574  
	107	  273.280548	  151.443832	  216.160645  
	108	  136.574966	  189.943481	  185.182739  
	109	  32.017731	  217.785797	  148.888901  
	110	  119.388268	  124.588539	  247.324844  
	111	  112.402596	  168.290970	  234.560760  
	113	  167.977341	  235.085648	  120.197182  
	114	  163.265594	  154.641541	  241.420410  
	115	  97.703407	  80.263390	  480.241333  
	116	  241.111649	  145.486221	  382.486694  
	117	  235.382156	  148.618530	  336.417816  
	118	  261.140167	  200.618057	  180.806808  
	119	  48.938644	  90.066719	  62.175777  
	120	  74.427017	  145.960052	  267.937134  
	121	  200.393814	  173.972183	  243.527863  
	122	  104.932358	  119.213982	  391.132294  
	123	  237.501465	  220.638214	  159.786438  
	124	  83.767754	  97.864555	  406.960693  
	125	  86.816093	  122.961426	  235.608261  
	127	  227.947479	  174.664856	  315.016052  
	129	  88.972046	  106.650429	  59.369396  
	130	  95.556221	  157.393692	  218.653610  
	131	  206.431381	  166.077682	  384.985138  
	132	  128.037277	  137.318619	  499.995697  
	133	  212.876251	  186.168854	  430.252197  
	135	  103.230835	  154.348953	  20.670610  
	137	  136.568588	  290.419434	  373.210419  
	138	  212.449615	  256.171509	  356.378632  
	139	  27.022095	  147.331985	  209.037903  
	140	  122.145782	  188.300613	  197.953506  
	141	  48.109882	  219.118149	  145.140747  
	142	  127.790512	  130.821075	  233.569611  
	143	  118.806259	  186.748123	  237.830063  
	145	  153.584473	  239.645737	  116.609085  
	146	  148.311050	  156.876785	  234.751541  
	147	  89.840309	  65.291901	  474.719635  
	148	  250.760849	  132.151215	  384.995300  
	149	  248.651474	  138.628815	  329.223572  
	150	  276.062927	  202.050125	  173.562302  
	152	  72.458839	  160.109787	  267.000824  
	153	  117.346680	  123.027893	  382.986633  
	154	  241.357391	  232.644424	  173.552383  
	155	  89.554306	  81.607056	  410.561493  
	156	  86.639412	  127.189972	  252.982513  
	157	  240.168564	  166.457153	  316.313141  
	158	  231.720291	  186.803650	  117.061874  
	159	  87.385384	  92.413078	  67.854843  
	160	  94.444023	  172.941254	  212.800522  
	161	  192.182358	  158.667572	  389.375793  
	162	  128.323608	  121.123459	  496.141174  
	163	  201.354736	  178.947372	  426.747589  
	165	  195.578827	  181.699493	  172.711823  
	166	  199.891708	  191.767044	  68.538101  
	167	  188.521683	  180.873093	  257.786957  
	168	  65.624626	  91.935959	  77.699242  
	169	  40.776936	  72.858162	  380.196533  
	170	  206.374344	  155.633835	  349.758484  
	171	  269.641541	  225.431946	  154.829224  
	173	  99.741623	  169.371216	  15.147343  
	174	  246.590805	  63.077011	  365.265228  
	175	  78.406830	  41.501381	  370.943573  
	176	  39.195496	  146.022415	  197.754471  
	177	  114.049637	  188.242172	  208.784576  
	178	  63.115868	  217.848816	  144.240677  
	179	  137.337860	  134.265854	  220.370972  
	180	  123.399094	  198.930252	  244.521393  
	182	  141.974716	  250.530777	  111.714981  
	183	  133.614807	  160.123901	  227.503876  
	184	  81.245499	  57.942425	  466.980988  
	185	  259.214539	  120.595428	  393.493622  
	186	  262.919830	  131.738266	  324.109192  
	187	  30.421141	  206.761520	  166.929535  
	188	  161.995926	  285.833252	  57.055721  
	189	  62.188148	  173.164612	  266.454529  
	190	  129.126526	  135.658813	  380.459564  
	191	  121.524811	  16.683670	  183.252106  
	192	  94.420525	  66.080765	  409.613037  
	193	  254.227585	  157.617935	  317.510956  
	194	  248.214905	  179.511688	  125.637825  
	195	  86.404655	  78.659416	  77.187439  
	196	  98.416862	  189.032669	  211.217697  
	197	  179.409821	  151.821167	  397.574066  
	198	  131.163803	  108.832436	  485.274414  
	199	  188.593536	  168.514359	  429.098480  
	200	  68.549278	  119.267136	  405.541687  
	201	  211.279007	  175.430054	  176.834412  
	202	  184.454346	  189.752167	  75.419807  
	203	  183.282578	  196.776672	  257.225342  
	204	  55.454132	  78.989891	  81.189476  
	205	  170.541656	  286.708557	  368.303894  
	206	  204.327087	  141.573273	  352.562164  
	207	  258.216156	  235.927261	  160.873352  
	208	  229.974182	  179.832108	  342.795380  
	209	  82.409073	  127.240623	  64.499786  
	210	  239.355103	  172.676178	  389.287384  
	211	  243.390503	  149.252060	  378.504150  
	212	  223.348068	  143.283890	  340.405121  
	213	  123.242287	  161.813461	  225.746170  
	214	  168.105362	  249.308243	  124.122528  
	216	  110.551842	  117.933701	  399.739685  
	220	  96.201736	  185.604340	  14.062160  
	221	  237.409393	  65.350021	  358.210632  
	222	  74.649002	  52.898163	  382.485443  
	223	  46.647873	  141.279343	  184.235962  
	224	  103.235016	  189.460892	  221.385422  
	225	  80.912605	  218.900665	  140.310028  
	226	  149.525696	  131.278717	  209.427658  
	227	  136.328827	  207.875992	  249.064804  
	228	  133.270401	  263.545624	  106.051804  
	229	  74.743706	  45.220894	  455.050537  
	230	  270.077759	  113.541046	  406.515778  
	231	  276.942108	  122.893631	  324.184631  
	232	  46.023804	  206.603683	  159.478607  
	233	  152.387054	  273.206879	  56.619373  
	234	  51.212326	  185.449066	  264.036652  
	235	  141.092148	  146.515091	  376.436157  
	236	  133.966064	  24.502159	  191.082108  
	237	  95.351570	  53.034672	  405.020630  
	238	  269.031708	  147.801300	  315.487305  
	239	  259.194855	  176.508453	  134.032486  
	240	  84.432404	  64.099648	  85.019798  
	241	  105.719795	  203.297928	  208.919846  
	242	  165.581299	  147.373093	  405.710968  
	243	  138.769974	  97.291428	  475.991425  
	244	  176.547256	  160.603485	  433.039551  
	245	  62.536625	  122.717216	  419.726288  
	246	  225.052490	  168.344543	  180.099106  
	247	  173.498413	  180.353668	  82.080177  
	248	  181.717316	  213.621155	  259.021271  
	249	  46.663864	  66.236931	  87.167763  
	250	  166.453903	  274.709290	  357.508972  
	251	  196.157776	  128.538742	  353.093964  
	252	  116.868599	  19.962749	  168.642075  
	253	  245.216599	  175.530075	  337.658875  
	254	  78.940331	  146.033310	  61.678429  
	255	  234.322495	  188.969864	  394.257019  
	256	  253.392883	  139.203033	  369.775360  
	257	  127.469528	  156.800446	  213.002914  
	258	  167.606445	  265.815491	  126.240181  
	260	  121.079063	  123.205994	  411.512665  
	261	  95.875572	  124.616219	  276.331543  
	262	  84.150627	  127.418167	  120.390549  
	263	  230.280762	  205.064560	  300.287964  
	264	  201.031296	  192.481079	  207.568787  
	265	  198.188797	  174.216461	  242.224304  
	266	  226.365189	  235.916870	  342.555664  
	267	  64.333519	  147.457870	  269.611450  
	268	  69.701645	  97.872429	  407.776154  
	270	  41.597992	  100.622704	  60.580643  
	271	  230.960205	  192.338043	  68.700111  
	272	  220.568329	  177.746033	  336.940094  
	273	  236.184036	  57.830482	  362.834808  
	274	  123.979210	  190.278458	  229.788696  
	275	  121.580666	  110.467865	  377.330811  
	276	  194.136749	  153.970169	  347.461670  
	277	  99.302101	  201.958084	  13.655693  
	278	  224.907928	  67.310577	  347.816742  
	279	  70.085945	  66.083260	  391.776245  
	280	  51.670372	  132.305786	  170.712753  
	281	  88.463989	  192.248337	  228.545685  
	282	  98.221756	  220.616058	  137.985809  
	283	  162.011551	  128.540695	  198.758575  
	284	  151.738022	  213.441559	  249.381104  
	285	  124.368568	  276.698639	  103.957657  
	286	  202.388733	  255.425034	  447.800018  
	287	  274.106293	  106.864868	  420.564850  
	288	  25.983887	  110.378555	  330.502838  
	289	  57.299675	  209.520325	  149.185364  
	290	  149.789963	  259.113129	  49.795238  
	291	  35.662941	  191.398590	  263.831085  
	292	  154.957932	  155.526947	  374.499908  
	293	  146.570023	  33.769794	  196.235764  
	294	  96.937202	  34.674267	  399.170135  
	295	  22.354919	  142.232697	  308.848511  
	296	  272.618500	  173.117096	  142.094528  
	297	  81.361465	  50.675560	  94.378525  
	298	  109.325996	  220.247131	  209.703354  
	299	  153.671524	  138.092224	  412.728485  
	300	  140.399612	  86.283791	  463.776520  
	301	  165.010849	  146.691971	  436.700806  
	302	  55.346481	  131.674103	  433.026672  
	303	  238.611481	  162.149200	  187.656067  
	304	  161.785675	  174.018967	  92.075470  
	305	  186.704712	  228.175034	  263.899841  
	306	  166.992767	  284.931213	  99.176270  
	307	  163.118790	  259.482147	  351.658051  
	308	  189.324539	  112.711311	  347.913239  
	309	  104.810867	  26.239403	  178.801849  
	310	  260.178192	  168.280243	  338.560669  
	311	  74.078323	  160.020035	  54.065628  
	312	  229.270294	  201.478409	  401.197418  
	313	  264.175659	  129.598190	  361.486755  
	314	  128.352722	  146.915390	  200.335693  
	315	  164.568695	  281.695984	  128.303391  
	316	  134.111969	  131.430466	  420.722778  
	317	  104.494057	  136.536453	  284.569031  
	318	  81.589439	  145.095749	  118.838127  
	319	  246.180420	  213.732513	  301.556061  
	320	  187.742203	  199.088531	  215.116257  
	321	  238.606934	  227.571335	  334.958679  
	322	  47.732147	  140.005280	  268.971527  
	323	  53.666817	  101.611023	  415.142670  
	324	  34.221817	  116.264236	  57.914860  
	325	  246.566513	  186.543335	  68.404999  
	326	  221.871033	  51.534027	  357.115112  
	327	  127.949257	  198.043396	  215.605362  
	328	  127.968857	  95.699615	  373.051544  
	329	  177.537872	  151.618073	  345.436890  
	330	  226.261765	  168.028458	  306.481659  
	331	  226.275299	  199.073868	  289.215607  
	332	  69.363998	  159.027252	  277.278473  
	333	  214.343048	  188.060516	  335.393494  
	336	  85.189384	  112.587677	  112.451118  
	337	  100.701874	  218.450546	  11.849691  
	338	  216.998260	  77.500999	  337.729340  
	339	  70.159767	  80.732750	  399.511322  
	340	  58.429199	  122.612160	  158.792191  
	341	  77.795647	  202.016052	  236.791946  
	342	  113.601906	  223.574646	  137.550781  
	343	  172.399536	  121.142014	  188.054764  
	344	  165.961548	  214.817154	  241.361267  
	345	  241.018066	  62.877449	  103.819199  
	346	  200.937653	  240.708160	  442.185181  
	347	  271.230316	  100.168304	  434.960938  
	348	  34.473904	  95.881393	  333.903229  
	349	  144.605835	  244.832825	  42.981979  
	350	  21.631180	  200.361099	  263.904510  
	351	  166.211380	  164.473969	  369.315826  
	352	  159.170853	  35.522202	  206.697968  
	353	  232.609787	  244.989075	  393.514923  
	354	  37.286652	  136.084198	  304.791199  
	355	  26.172791	  171.845505	  152.657166  
	356	  207.890320	  264.505768	  102.335732  
	357	  115.392754	  235.060226	  214.284760  
	358	  135.265030	  72.229858	  456.765839  
	359	  156.596375	  132.364685	  435.629211  
	360	  46.644623	  141.818726	  442.955750  
	361	  250.131287	  154.825150	  196.550354  
	362	  155.313477	  165.567673	  104.878159  
	363	  187.962006	  243.878250	  269.289734  
	364	  161.155869	  281.258392	  115.134888  
	365	  160.790619	  243.225220	  348.916840  
	366	  178.447647	  99.474113	  344.932495  
	367	  220.303955	  256.890808	  184.934998  
	368	  274.801239	  160.877243	  335.630676  
	369	  68.431732	  174.799377	  48.878197  
	370	  224.649857	  215.280304	  409.283325  
	371	  275.864166	  118.749100	  356.701477  
	372	  129.068771	  134.879654	  188.673859  
	373	  34.118011	  72.976234	  132.134491  
	374	  142.588165	  139.303833	  431.100983  
	375	  116.222572	  142.178879	  291.390015  
	376	  75.261093	  160.413361	  117.242699  
	377	  258.156158	  224.938705	  302.284668  
	378	  180.326706	  211.538132	  223.316269  
	379	  252.245270	  224.803635	  325.817657  
	380	  32.595810	  133.069702	  269.079193  
	381	  39.085297	  99.480843	  420.377838  
	382	  26.722046	  131.129272	  57.834270  
	383	  261.052124	  178.987793	  65.195190  
	384	  207.984985	  49.228806	  348.267609  
	385	  137.040161	  204.032059	  203.007187  
	386	  137.181519	  83.719223	  366.064453  
	387	  162.242004	  147.106552	  340.650940  
	388	  231.275345	  159.767426	  292.981506  
	389	  214.374161	  186.773895	  276.940918  
	390	  72.234879	  170.757843	  288.740295  
	391	  203.467590	  197.730270	  327.362793  
	392	  204.270950	  200.232025	  132.927612  
	393	  243.745728	  165.925995	  484.422333  
	394	  180.257462	  151.018616	  255.971344  
	395	  139.096710	  202.800201	  188.184189  
	396	  99.000725	  127.414238	  395.328278  
	397	  96.845924	  102.319504	  112.548187  
	398	  244.252579	  218.836487	  149.790466  
	399	  90.932007	  65.805305	  409.513794  
	400	  80.395653	  94.817162	  412.810516  
	401	  181.459259	  199.853271	  84.115417  
	402	  75.971146	  69.355820	  469.448425  
	403	  75.609047	  116.061348	  61.638779  
	404	  24.664063	  112.516655	  409.869659  
	405	  201.466690	  109.609261	  342.316559  
	406	  96.440170	  234.072983	  7.976738  
	407	  209.303635	  85.948746	  325.619385  
	408	  60.920059	  108.035881	  151.140381  
	409	  67.458786	  209.942291	  247.162415  
	410	  130.153702	  225.121109	  138.425354  
	411	  177.366882	  116.451080	  172.871124  
	412	  180.116882	  217.561508	  233.035553  
	413	  230.972305	  76.114624	  104.859573  
	414	  195.287079	  223.982971	  439.877441  
	415	  272.695404	  95.747696	  450.946381  
	416	  40.584877	  80.833664	  331.253937  
	417	  137.096298	  230.260513	  40.070484  
	418	  267.141907	  208.685242	  265.783234  
	419	  176.974777	  170.326691	  357.002472  
	420	  171.524414	  34.487091	  217.812851  
	421	  234.766785	  230.301987	  386.078400  
	422	  52.522747	  136.180099	  299.478149  
	423	  35.355118	  165.251190	  164.881012  
	424	  194.925446	  252.954590	  109.808517  
	425	  117.684937	  250.108841	  221.030701  
	426	  131.237976	  61.272972	  444.893524  
	427	  150.023834	  117.116341	  434.399506  
	428	  34.601395	  152.225983	  447.841675  
	429	  259.133972	  144.564484	  206.084106  
	430	  151.846725	  155.983536	  118.044342  
	431	  187.215515	  260.500244	  269.901733  
	432	  163.120163	  226.756882	  348.149139  
	433	  167.585678	  87.741173	  340.287262  
	434	  205.022247	  259.007996	  191.196716  
	435	  28.544525	  153.245819	  329.684540  
	436	  58.733261	  188.297012	  47.890251  
	437	  227.168304	  228.321091	  419.324127  
	438	  24.360992	  105.765465	  350.401947  
	439	  130.414291	  126.813171	  174.170624  
	440	  33.930183	  89.619797	  132.557693  
	441	  151.970963	  150.685043	  438.824554  
	442	  129.778915	  148.106506	  301.222351  
	443	  70.348824	  176.097382	  114.577446  
	444	  142.875824	  7.512695	  300.030243  
	445	  174.371475	  224.464615	  231.957092  
	446	  268.394592	  222.430618	  322.532715  
	447	  277.352905	  128.161926	  263.919922  
	448	  24.649958	  105.575081	  424.335876  
	449	  279.749634	  146.300858	  56.796474  
	450	  275.087219	  174.393250	  56.240643  
	451	  193.892227	  54.688839	  342.770844  
	452	  151.694901	  207.962311	  196.150482  
	453	  147.973206	  71.580673	  362.401428  
	454	  149.955124	  138.317795	  333.650024  
	455	  240.106079	  148.852676	  284.031158  
	456	  75.469788	  184.738022	  297.184967  
	457	  191.168793	  202.533417	  317.219238  
	458	  197.589584	  211.759308	  142.912781  
	459	  258.324615	  158.205551	  486.674713  
	460	  169.717773	  139.236267	  261.197601  
	461	  140.194672	  219.397705	  187.449387  
	462	  89.543343	  141.017197	  396.983612  
	463	  106.223900	  88.306808	  116.399803  
	464	  247.430893	  214.160736	  134.129745  
	465	  71.672844	  108.908363	  411.221283  
	466	  173.474503	  206.581390	  98.384201  
	467	  68.774933	  83.691757	  473.911377  
	468	  72.254265	  100.249306	  59.904270  
	469	  40.696957	  111.798531	  413.879669  
	470	  216.888916	  111.184242	  336.858185  
	471	  205.474777	  204.776077	  173.314041  
	472	  210.713531	  256.462982	  341.976013  
	473	  113.897491	  194.835266	  205.334885  
	474	  27.898773	  219.884995	  172.523270  
	475	  277.185272	  140.364044	  325.661133  
	476	  261.339569	  174.799438	  126.662201  
	477	  63.545311	  59.410156	  401.897430  
	478	  271.231293	  161.017197	  137.152954  
	479	  175.455734	  173.178696	  426.791351  
	480	  228.757111	  197.731857	  385.734406  
	481	  209.262527	  248.123398	  432.487396  
	482	  35.717758	  93.805428	  349.101563  
	483	  89.810905	  44.489044	  95.744209  
	484	  118.826012	  136.105545	  281.077515  
	485	  95.545761	  250.396515	  11.133460  
	486	  205.370132	  97.497414	  314.288971  
	487	  65.116829	  92.490158	  146.904800  
	488	  56.063911	  213.704712	  258.704651  
	489	  144.031006	  233.416565	  134.590408  
	490	  184.079620	  112.125778	  158.261078  
	491	  189.552490	  218.361450	  219.340591  
	492	  217.331375	  85.134109	  101.729660  
	493	  189.955414	  208.244110	  440.918640  
	494	  270.209290	  95.797844	  467.409637  
	495	  49.567062	  66.821808	  331.712921  
	496	  133.366638	  214.033752	  40.003498  
	497	  252.413239	  215.342545	  269.779388  
	498	  185.636597	  175.778336	  343.869507  
	499	  182.991882	  29.623856	  228.861328  
	500	  239.594406	  214.463013	  387.297882  
	501	  66.125847	  137.592331	  289.156006  
	503	  183.895203	  242.344269	  116.261177  
	504	  120.624405	  261.162170	  233.779709  
	505	  128.493073	  50.871323	  432.185516  
	506	  141.556137	  102.791046	  434.953217  
	507	  20.606491	  160.142548	  452.165222  
	508	  267.506226	  132.609268	  214.096634  
	509	  147.564789	  149.920441	  132.948242  
	510	  186.375778	  276.904114	  267.175781  
	511	  166.119888	  210.969131	  352.483032  
	512	  157.573318	  74.471664	  339.341003  
	513	  192.180664	  261.605957	  201.471283  
	514	  38.044609	  147.140381	  317.449554  
	515	  49.144470	  201.832428	  46.451572  
	516	  229.945282	  237.426025	  432.984680  
	517	  128.453812	  121.590782	  158.482864  
	518	  30.434776	  105.880074	  133.337402  
	519	  157.934219	  165.747864	  442.668182  
	520	  142.632217	  154.823181	  309.401672  
	521	  61.440323	  189.597443	  110.626587  
	522	  155.285019	  17.022064	  294.302582  
	523	  171.217194	  236.927017	  242.538284  
	524	  24.436218	  222.697723	  317.438354  
	525	  263.250549	  120.687790	  259.178223  
	526	  279.060211	  162.404266	  52.868511  
	527	  24.674072	  169.050568	  44.835068  
	528	  178.348953	  56.796021	  335.894806  
	529	  165.537399	  216.599838	  192.898331  
	530	  157.021805	  60.301010	  354.148285  
	531	  141.421906	  129.242767	  322.602386  
	532	  252.386490	  139.476639	  277.825989  
	533	  81.141296	  198.607529	  304.444000  
	534	  178.211151	  206.152420	  307.409821  
	535	  191.896622	  224.242416	  152.345947  
	536	  273.500793	  151.568939	  488.366364  
	537	  161.164902	  126.928665	  268.449768  
	538	  143.568069	  235.319397	  183.936188  
	539	  78.555901	  153.252533	  394.376862  
	540	  114.714569	  74.822952	  121.228539  
	541	  248.585434	  211.306564	  117.807304  
	542	  164.579376	  209.229233	  111.145569  
	543	  63.615959	  96.938675	  482.578949  
	544	  75.451340	  84.686417	  54.924549  
	545	  232.618973	  109.336494	  341.247986  
	546	  214.919861	  217.375320	  178.724396  
	547	  209.052780	  254.395294	  325.538574  
	548	  152.396133	  9.936752	  177.153351  
	549	  28.788483	  134.061005	  336.019104  
	550	  278.175903	  172.015854	  127.571800  
	551	  186.214554	  272.737640	  411.312103  
	552	  269.233459	  144.496399	  136.610580  
	553	  178.072510	  188.330795	  420.517456  
	554	  218.684647	  206.444107	  375.741150  
	555	  217.431335	  254.550705	  419.480377  
	556	  41.124817	  86.162018	  363.036530  
	557	  105.146935	  47.470139	  89.987320  
	558	  118.706245	  126.800583	  267.270782  
	559	  278.420898	  163.889160	  211.407303  
	560	  195.723907	  175.239838	  270.299622  
	561	  48.238701	  156.158188	  183.826202  
	562	  198.128998	  142.777222	  352.956818  
	563	  89.446884	  113.489510	  120.811836  
	564	  118.183899	  30.351662	  157.753799  
	566	  115.185730	  151.046555	  198.631287  
	567	  157.854416	  268.363892	  122.051842  
	568	  171.978577	  221.290924	  104.100632  
	569	  86.182999	  115.120880	  288.630005  
	570	  213.864899	  185.530060	  229.342560  
	571	  88.218399	  121.036583	  214.111801  
	573	  93.337929	  266.896698	  10.830028  
	574	  200.785797	  112.834618	  309.708954  
	575	  74.145714	  79.335403	  142.145172  
	576	  45.166737	  218.719101	  270.251495  
	577	  156.612259	  242.847824	  139.972595  
	578	  193.180008	  106.645500	  145.440308  
	579	  194.950409	  219.379425	  203.622803  
	580	  204.369232	  93.019455	  94.872078  
	581	  180.716400	  194.532715	  438.953674  
	582	  264.303314	  90.329140	  481.984802  
	583	  61.819557	  55.552494	  331.394531  
	584	  127.335945	  198.669678	  42.194069  
	585	  237.962326	  219.592636	  276.873779  
	586	  190.221848	  179.490601	  328.299744  
	587	  189.852051	  24.994820	  243.308899  
	588	  241.865112	  197.986862	  386.521576  
	589	  82.487015	  137.412384	  286.073425  
	590	  55.087158	  165.955673	  191.386993  
	591	  124.181831	  271.510559	  245.671906  
	592	  122.473412	  40.381310	  420.742371  
	593	  133.470154	  88.248413	  434.360504  
	594	  7.428404	  169.847870	  455.225800  
	595	  276.045319	  121.169922	  222.666809  
	596	  145.753555	  138.358612	  144.791641  
	597	  182.672989	  293.107086	  266.188263  
	598	  164.356720	  198.543610	  363.416077  
	599	  148.187683	  62.120369	  333.293060  
	600	  181.647018	  267.220459	  213.079132  
	601	  40.008064	  215.585831	  44.308598  
	602	  230.655045	  244.352798	  448.108795  
	603	  129.106445	  115.363251	  143.055145  
	604	  27.459503	  121.799324	  137.203644  
	605	  161.651016	  180.912415	  448.451263  
	606	  152.329147	  167.528580	  314.066956  
	607	  48.823395	  199.377701	  105.895630  
	608	  167.193207	  25.398373	  286.224518  
	609	  165.468399	  250.778061	  249.771713  
	610	  39.362301	  225.408264	  310.576324  
	611	  248.138947	  114.230843	  256.500580  
	612	  35.431122	  160.526840	  35.408806  
	613	  163.650894	  56.008175	  328.112213  
	614	  179.465149	  223.770523	  198.501663  
	615	  171.281723	  52.872208	  349.825073  
	616	  133.470947	  121.567154	  310.148895  
	617	  263.514618	  130.993149	  268.802795  
	618	  87.776718	  211.317230	  312.909058  
	619	  164.035309	  211.850739	  300.791901  
	620	  184.527313	  235.226257	  162.458862  
	621	  289.348694	  146.543076	  489.264984  
	622	  148.932022	  117.390274	  274.499420  
	623	  147.845230	  251.367737	  182.761871  
	624	  63.813896	  159.202515	  389.427765  
	625	  121.319870	  60.485043	  126.521629  
	626	  244.676773	  201.228561	  105.195503  
	627	  153.362366	  214.075165	  122.455650  
	628	  55.627148	  109.613960	  489.841064  
	629	  79.880280	  69.158768	  50.862625  
	630	  247.653564	  102.525810	  343.438477  
	631	  222.757462	  230.138885	  185.996643  
	632	  209.595490	  247.826935	  310.248566  
	633	  142.486343	  21.312298	  184.197174  
	634	  38.406883	  125.152840	  346.283295  
	635	  293.879181	  170.624710	  125.466431  
	636	  183.805573	  257.195496	  416.776672  
	637	  263.488251	  130.361893	  129.944946  
	638	  178.442322	  197.741547	  406.839142  
	639	  205.890045	  215.394730	  369.961243  
	640	  121.366852	  45.794716	  86.621338  
	641	  283.589417	  179.213333	  207.447693  
	642	  196.799484	  164.535248	  283.006989  
	643	  113.044640	  40.483528	  145.581879  
	644	  99.826118	  155.665771	  194.162766  
	645	  156.340668	  252.598480	  127.188278  
	646	  208.254364	  199.898880	  233.478394  
	647	  82.723007	  130.533020	  225.036407  
	648	  157.788010	  201.029663	  179.436203  
	649	  103.032257	  143.847214	  211.911194  
	650	  46.697094	  207.720703	  134.886993  
	651	  144.413727	  162.820816	  248.552750  
	652	  117.223885	  161.394455	  21.033092  
	653	  218.201279	  165.663742	  186.793762  
	654	  172.147552	  219.559448	  269.949249  
	655	  227.917969	  209.941391	  277.529572  
	656	  44.359928	  121.760323	  179.223938  
	657	  112.996147	  224.471817	  141.170013  
	658	  139.631668	  272.313934	  102.219589  
	659	  157.701492	  153.316010	  375.498260  
	660	  234.566971	  165.125031	  202.004852  
	661	  251.698990	  230.513596	  289.504578  
	662	  206.958054	  58.141151	  334.986328  
	663	  60.175995	  112.978844	  64.095078  
	664	  110.814148	  262.262726	  245.878860  
	665	  287.633942	  182.993042	  122.851944  
	666	  174.486282	  234.102081	  113.003143  
   2  total number of boundary nodes
node bctyp press/flow   HD    PO2
	1	  0	  100.000000	  0.400000	  100.000000
	14	  0	  20.000000	  0.400000	  18.000000

