314257 14 0.700000 Current network file generated by angioadapt
  300.000000  300.000000  500.000000	box dimensions in microns
  15    15    25 	number of tissue points in x,y,z directions
  0.000000			outer bound distance (100. in test case)
  75.000000				max. segment length.  (5. in test case)
   40				nodsegm, max. number of segments per node
  855				total number of segments 
  name type from  to  diam       flow
	1	  4	  1	  2	  7.000000	  26.868492	  0.400000  
	2	  3	  2	  3	  7.701129	  26.868492	  0.400000  
	3	  5	  3	  4	  8.106516	  17.986761	  0.426561  
	4	  5	  4	  5	  8.167194	  17.986761	  0.426561  
	5	  5	  5	  26	  7.826224	  10.027431	  0.443304  
	6	  5	  6	  7	  7.395290	  2.280720	  0.628539  
	7	  5	  7	  569	  7.440367	  1.512757	  0.702295  
	8	  5	  8	  50	  6.846114	  0.334326	  0.554253  
	9	  5	  9	  37	  7.672129	  0.214691	  0.470686  
	12	  5	  3	  56	  5.003004	  8.881730	  0.346210  
	13	  5	  56	  132	  4.442010	  3.512045	  0.379026  
	14	  4	  14	  15	  16.000000	  -26.868492	  0.400000  
	15	  3	  15	  16	  8.210129	  -26.868492	  0.400000  
	16	  5	  16	  39	  7.465062	  -18.332952	  0.464484  
	17	  5	  17	  133	  8.132872	  -23.356447	  0.403154  
	18	  5	  18	  58	  8.075050	  -23.356447	  0.403154  
	21	  5	  33	  570	  6.756713	  -0.143272	  0.644114  
	22	  5	  22	  59	  7.697083	  -0.189001	  0.575542  
	23	  5	  23	  28	  6.779475	  -0.067793	  0.437434  
	24	  5	  24	  40	  7.283112	  -0.063682	  0.429284  
	26	  5	  20	  389	  7.513491	  -0.853067	  0.380209  
	27	  5	  28	  24	  7.258780	  -0.063682	  0.429284  
	28	  5	  12	  29	  8.011109	  0.214691	  0.470686  
	29	  5	  25	  30	  7.533414	  -0.070303	  0.431269  
	31	  5	  20	  32	  6.184705	  -1.769643	  0.476009  
	33	  5	  23	  34	  7.040708	  -0.084646	  0.686764  
	34	  5	  28	  35	  6.184256	  -0.004111	  0.563696  
	37	  5	  38	  16	  6.409509	  8.535539	  0.261499  
	38	  5	  39	  17	  8.182678	  -23.356447	  0.403154  
	39	  5	  40	  25	  6.610092	  -0.020796	  0.263966  
	40	  5	  41	  33	  6.924239	  -0.253608	  0.562637  
	41	  5	  29	  42	  7.404013	  0.105314	  0.470500  
	42	  5	  30	  43	  7.840828	  -0.119478	  0.391291  
	43	  5	  26	  44	  7.078440	  4.658037	  0.374001  
	44	  5	  32	  45	  6.575499	  -2.106341	  0.414734  
	45	  5	  33	  747	  7.337089	  -0.110336	  0.456839  
	46	  5	  34	  165	  7.052065	  -0.084646	  0.686764  
	47	  5	  35	  48	  6.625589	  -0.009260	  0.572350  
	48	  5	  7	  49	  6.819197	  0.767963	  0.483253  
	50	  5	  37	  10	  7.749917	  0.214691	  0.470686  
	51	  5	  38	  52	  6.038524	  -5.023494	  0.179333  
	52	  5	  39	  53	  6.037493	  5.023494	  0.179333  
	54	  5	  41	  55	  6.794612	  -0.262761	  0.572567  
	57	  5	  58	  76	  7.829875	  -6.905662	  0.478386  
	58	  5	  59	  23	  7.296068	  -0.152438	  0.575882  
	59	  5	  42	  60	  7.178511	  0.054823	  0.495657  
	61	  5	  44	  169	  7.100153	  4.658037	  0.374001  
	62	  5	  45	  63	  6.548423	  -2.106341	  0.414734  
	63	  5	  747	  64	  7.375421	  -0.110336	  0.456839  
	64	  5	  165	  65	  7.062448	  -0.084646	  0.686764  
	65	  5	  48	  66	  6.631020	  -0.009260	  0.572350  
	66	  5	  49	  67	  6.896284	  0.767963	  0.483253  
	68	  5	  10	  336	  7.878870	  0.214691	  0.470686  
	70	  5	  52	  70	  6.035404	  -5.023494	  0.179333  
	71	  5	  53	  70	  6.039519	  5.023494	  0.179333  
	72	  5	  40	  72	  7.253672	  -0.054540	  0.568258  
	73	  5	  55	  73	  6.821584	  -0.262761	  0.572567  
	74	  5	  56	  74	  7.076836	  5.369686	  0.324747  
	75	  5	  58	  75	  6.790260	  -16.450785	  0.371573  
	77	  5	  59	  77	  6.620803	  -0.036563	  0.574124  
	78	  5	  29	  168	  7.738951	  0.109376	  0.470865  
	79	  5	  79	  8	  6.643311	  0.334326	  0.554253  
	80	  5	  570	  667	  7.643529	  -0.189001	  0.575542  
	81	  1	  60	  81	  8.000000	  0.000000	  0.000000  
	84	  5	  63	  84	  6.517859	  -2.106341	  0.414734  
	85	  5	  64	  85	  7.411451	  -0.110336	  0.456839  
	86	  5	  65	  86	  7.065270	  -0.084646	  0.686764  
	87	  5	  66	  87	  6.628571	  -0.009260	  0.572350  
	88	  5	  67	  88	  6.966883	  0.767963	  0.483253  
	89	  5	  68	  89	  5.924096	  0.061379	  0.627537  
	92	  5	  72	  91	  7.278112	  -0.054540	  0.568258  
	94	  5	  74	  93	  7.089647	  5.369686	  0.324747  
	95	  5	  75	  94	  6.998424	  -14.257287	  0.359865  
	96	  5	  76	  95	  6.241371	  -2.140945	  0.376517  
	97	  5	  77	  96	  6.660249	  -0.036563	  0.574124  
	99	  5	  79	  98	  6.760226	  0.576553	  0.704118  
	100	  5	  570	  121	  5.883602	  0.045728	  0.360698  
	103	  5	  102	  20	  7.902454	  -2.622710	  0.444849  
	104	  1	  81	  103	  8.000000	  0.000000	  0.000000  
	106	  1	  169	  105	  8.000000	  0.000000	  0.000000  
	107	  5	  84	  106	  6.488770	  -2.106341	  0.414734  
	108	  5	  85	  107	  7.446342	  -0.110336	  0.456839  
	109	  5	  86	  108	  7.058841	  -0.084646	  0.686764  
	110	  5	  87	  109	  6.615213	  -0.009260	  0.572350  
	111	  5	  88	  110	  7.028558	  0.767963	  0.483253  
	112	  5	  89	  111	  6.035707	  0.061379	  0.627537  
	114	  5	  91	  113	  6.705521	  -0.020808	  0.577525  
	115	  5	  92	  114	  6.514262	  -0.217032	  0.617208  
	116	  5	  93	  115	  7.103637	  5.369686	  0.324747  
	117	  5	  94	  116	  6.826458	  -3.003543	  0.510020  
	118	  5	  95	  117	  5.321962	  -1.549152	  0.457069  
	119	  5	  96	  118	  6.700398	  -0.036563	  0.574124  
	120	  5	  168	  119	  6.995120	  0.038226	  0.340689  
	121	  5	  98	  267	  7.467556	  0.394510	  0.755684  
	123	  5	  26	  122	  5.811654	  2.193498	  0.447673  
	124	  5	  35	  123	  7.176157	  0.005150	  0.579259  
	125	  5	  5	  124	  6.653552	  7.959330	  0.405467  
	126	  5	  50	  125	  6.883316	  -0.182043	  0.592369  
	127	  5	  12	  336	  7.974501	  -0.214691	  0.470686  
	128	  5	  102	  330	  7.572418	  -0.886889	  0.619059  
	130	  5	  60	  129	  7.213385	  0.054823	  0.495657  
	131	  5	  68	  130	  6.720712	  0.084646	  0.686764  
	132	  5	  75	  131	  6.153584	  -2.193498	  0.447673  
	133	  5	  132	  38	  4.699494	  3.512045	  0.379026  
	134	  5	  133	  18	  8.092216	  -23.356447	  0.403154  
	135	  5	  26	  6	  7.199561	  2.280720	  0.628539  
	136	  1	  103	  135	  8.000000	  0.000000	  0.000000  
	138	  1	  105	  137	  8.000000	  0.000000	  0.000000  
	139	  5	  106	  138	  6.457470	  -2.106341	  0.414734  
	140	  5	  107	  139	  7.477331	  -0.110336	  0.456839  
	141	  5	  108	  140	  7.043096	  -0.084646	  0.686764  
	142	  5	  109	  141	  6.591167	  -0.009260	  0.572350  
	143	  1	  110	  142	  8.000000	  0.000000	  0.000000  
	144	  5	  111	  274	  8.000000	  0.000000	  0.000000  
	146	  1	  113	  145	  8.000000	  0.000000	  0.000000  
	147	  5	  114	  146	  6.506297	  -0.217032	  0.617208  
	148	  5	  115	  147	  7.117774	  5.369686	  0.324747  
	149	  5	  116	  148	  6.813524	  -3.003543	  0.510020  
	150	  5	  117	  149	  6.618622	  -2.518600	  0.395646  
	151	  5	  118	  150	  6.737067	  -0.036563	  0.574124  
	153	  1	  267	  152	  8.000000	  0.000000	  0.000000  
	155	  1	  122	  153	  8.000000	  0.000000	  0.000000  
	156	  5	  123	  154	  7.181840	  0.005150	  0.579259  
	157	  5	  124	  155	  6.287193	  2.849446	  0.288410  
	158	  5	  125	  156	  6.770162	  -0.182043	  0.592369  
	160	  5	  330	  157	  7.313097	  -0.492379	  0.509591  
	161	  5	  40	  158	  7.279694	  0.060829	  0.420454  
	162	  5	  129	  159	  7.245359	  0.054823	  0.495657  
	163	  5	  130	  160	  6.812751	  0.084646	  0.686764  
	164	  5	  131	  161	  6.124487	  -2.193498	  0.447673  
	165	  5	  132	  162	  8.000000	  0.000000	  0.000000  
	166	  5	  133	  163	  8.000000	  0.000000	  0.000000  
	168	  5	  30	  40	  7.084086	  0.049175	  0.334137  
	170	  5	  43	  166	  7.190384	  -0.030759	  0.368995  
	171	  5	  73	  167	  8.000000	  0.000000	  0.000000  
	174	  5	  76	  170	  5.513163	  -0.969448	  0.297494  
	175	  1	  87	  171	  8.000000	  0.000000	  0.000000  
	176	  5	  76	  272	  7.417056	  -2.917807	  0.554428  
	177	  1	  135	  173	  8.000000	  0.000000	  0.000000  
	178	  1	  137	  174	  8.000000	  0.000000	  0.000000  
	179	  5	  138	  175	  6.419703	  -2.106341	  0.414734  
	180	  5	  139	  176	  7.506473	  -0.110336	  0.456839  
	181	  1	  140	  177	  8.000000	  0.000000	  0.000000  
	182	  5	  141	  178	  6.755397	  -0.016754	  0.509969  
	183	  1	  142	  179	  8.000000	  0.000000	  0.000000  
	184	  5	  274	  180	  8.000000	  0.000000	  0.000000  
	186	  1	  145	  182	  8.000000	  0.000000	  0.000000  
	187	  5	  146	  183	  6.491872	  -0.217032	  0.617208  
	188	  5	  147	  184	  7.130418	  5.369686	  0.324747  
	189	  5	  148	  185	  6.799454	  -3.003543	  0.510020  
	190	  5	  149	  186	  6.593816	  -2.518600	  0.395646  
	191	  5	  150	  187	  6.769197	  -0.036563	  0.574124  
	192	  1	  119	  188	  8.000000	  0.000000	  0.000000  
	193	  1	  152	  189	  8.000000	  0.000000	  0.000000  
	194	  1	  153	  190	  8.000000	  0.000000	  0.000000  
	195	  5	  154	  191	  7.183000	  0.005150	  0.579259  
	196	  5	  155	  192	  6.831489	  1.871156	  0.296074  
	197	  5	  156	  98	  6.614948	  -0.182043	  0.592369  
	198	  5	  157	  193	  7.301462	  -0.492379	  0.509591  
	199	  5	  158	  194	  7.696373	  0.110336	  0.456839  
	200	  5	  159	  195	  7.271575	  0.054823	  0.495657  
	201	  5	  160	  196	  6.895548	  0.084646	  0.686764  
	202	  5	  161	  197	  6.092051	  -2.193498	  0.447673  
	203	  5	  162	  198	  8.000000	  0.000000	  0.000000  
	204	  5	  163	  199	  8.000000	  0.000000	  0.000000  
	205	  5	  26	  200	  6.281596	  0.895176	  0.321279  
	206	  5	  165	  201	  8.000000	  0.000000	  0.000000  
	207	  5	  166	  202	  7.197445	  -0.030759	  0.368995  
	208	  5	  167	  203	  8.000000	  0.000000	  0.000000  
	209	  5	  168	  204	  7.490368	  0.071150	  0.540804  
	210	  1	  169	  205	  8.000000	  0.000000	  0.000000  
	211	  5	  170	  206	  5.117217	  -0.431090	  0.313682  
	212	  1	  171	  207	  8.000000	  0.000000	  0.000000  
	213	  5	  76	  208	  7.377754	  -0.877462	  0.673930  
	215	  5	  94	  210	  7.476831	  -9.114307	  0.313046  
	216	  5	  94	  211	  6.267587	  -2.139436	  0.348519  
	217	  5	  117	  212	  5.239411	  0.969448	  0.297494  
	219	  5	  111	  213	  6.119272	  0.061379	  0.627537  
	220	  5	  113	  214	  7.229924	  -0.030477	  0.497744  
	222	  5	  122	  216	  5.857241	  2.193498	  0.447673  
	225	  5	  272	  102	  7.761143	  -3.509599	  0.488872  
	226	  1	  173	  220	  8.000000	  0.000000	  0.000000  
	227	  1	  174	  221	  8.000000	  0.000000	  0.000000  
	228	  5	  175	  222	  6.383059	  -2.106341	  0.414734  
	229	  5	  176	  223	  7.533782	  -0.110336	  0.456839  
	230	  1	  177	  224	  8.000000	  0.000000	  0.000000  
	231	  5	  178	  225	  7.778971	  -0.040673	  0.573070  
	232	  1	  179	  226	  8.000000	  0.000000	  0.000000  
	233	  5	  180	  227	  8.000000	  0.000000	  0.000000  
	234	  1	  182	  228	  8.000000	  0.000000	  0.000000  
	235	  5	  183	  213	  6.473288	  -0.217032	  0.617208  
	236	  5	  184	  229	  7.143393	  5.369686	  0.324747  
	237	  5	  185	  230	  6.784066	  -3.003543	  0.510020  
	238	  5	  186	  231	  6.567279	  -2.518600	  0.395646  
	239	  5	  187	  232	  6.649623	  -0.031413	  0.573282  
	240	  1	  188	  233	  8.000000	  0.000000	  0.000000  
	241	  1	  189	  234	  8.000000	  0.000000	  0.000000  
	242	  1	  190	  235	  8.000000	  0.000000	  0.000000  
	243	  5	  191	  633	  7.179545	  0.005150	  0.579259  
	244	  5	  192	  237	  6.831654	  1.871156	  0.296074  
	245	  5	  193	  238	  7.285021	  -0.492379	  0.509591  
	246	  5	  194	  239	  7.676938	  0.110336	  0.456839  
	247	  5	  195	  240	  7.288883	  0.054823	  0.495657  
	248	  5	  196	  241	  6.957316	  0.084646	  0.686764  
	249	  5	  197	  242	  6.057780	  -2.193498	  0.447673  
	250	  5	  198	  243	  8.000000	  0.000000	  0.000000  
	251	  5	  199	  244	  8.000000	  0.000000	  0.000000  
	252	  5	  200	  245	  6.325544	  0.895176	  0.321279  
	253	  5	  201	  246	  8.000000	  0.000000	  0.000000  
	254	  5	  202	  247	  8.000000	  0.000000	  0.000000  
	255	  5	  203	  248	  8.000000	  0.000000	  0.000000  
	256	  5	  204	  249	  7.548955	  0.071150	  0.540804  
	257	  1	  205	  250	  8.000000	  0.000000	  0.000000  
	258	  5	  206	  251	  6.449343	  0.538358	  0.284532  
	259	  1	  207	  252	  8.000000	  0.000000	  0.000000  
	260	  5	  208	  253	  7.389358	  -0.877462	  0.673930  
	261	  1	  42	  254	  8.000000	  0.000000	  0.000000  
	262	  1	  210	  255	  8.000000	  0.000000	  0.000000  
	263	  5	  211	  256	  6.274506	  -2.139436	  0.348519  
	264	  5	  212	  206	  5.323298	  0.969448	  0.297494  
	265	  5	  213	  257	  7.481469	  -0.155653	  0.613135  
	266	  5	  214	  258	  7.211886	  -0.030477	  0.497744  
	268	  5	  216	  260	  5.891538	  2.193498	  0.447673  
	269	  5	  79	  261	  7.552894	  -0.221037	  0.522251  
	270	  5	  336	  262	  8.000000	  0.000000	  0.000000  
	271	  5	  32	  263	  4.567294	  0.336698	  0.092683  
	272	  1	  59	  264	  8.000000	  0.000000	  0.000000  
	274	  1	  106	  266	  8.000000	  0.000000	  0.000000  
	276	  5	  124	  268	  6.901236	  5.109884	  0.470742  
	279	  5	  43	  271	  7.449878	  -0.088718	  0.399021  
	281	  1	  174	  273	  8.000000	  0.000000	  0.000000  
	283	  1	  153	  275	  8.000000	  0.000000	  0.000000  
	284	  5	  170	  276	  6.573715	  -0.538358	  0.284532  
	285	  1	  220	  277	  8.000000	  0.000000	  0.000000  
	286	  1	  221	  278	  8.000000	  0.000000	  0.000000  
	287	  5	  222	  279	  6.349758	  -2.106341	  0.414734  
	288	  1	  223	  280	  8.000000	  0.000000	  0.000000  
	289	  1	  224	  281	  8.000000	  0.000000	  0.000000  
	290	  5	  225	  282	  7.780141	  -0.040673	  0.573070  
	291	  1	  226	  283	  8.000000	  0.000000	  0.000000  
	292	  5	  227	  284	  8.000000	  0.000000	  0.000000  
	293	  1	  228	  285	  8.000000	  0.000000	  0.000000  
	294	  5	  229	  286	  7.158104	  5.369686	  0.324747  
	295	  5	  230	  287	  6.337859	  -1.400088	  0.486546  
	296	  5	  231	  288	  6.535796	  -2.518600	  0.395646  
	297	  5	  232	  289	  6.677369	  -0.031413	  0.573282  
	298	  1	  233	  290	  8.000000	  0.000000	  0.000000  
	299	  1	  234	  291	  8.000000	  0.000000	  0.000000  
	300	  1	  235	  292	  8.000000	  0.000000	  0.000000  
	301	  1	  633	  293	  8.000000	  0.000000	  0.000000  
	302	  5	  237	  294	  7.178589	  3.744622	  0.296268  
	303	  5	  238	  295	  7.263316	  -0.492379	  0.509591  
	304	  5	  239	  296	  7.659729	  0.110336	  0.456839  
	305	  5	  240	  297	  7.299366	  0.054823	  0.495657  
	306	  1	  241	  298	  8.000000	  0.000000	  0.000000  
	307	  5	  242	  299	  6.022016	  -2.193498	  0.447673  
	308	  5	  243	  300	  8.000000	  0.000000	  0.000000  
	309	  5	  244	  301	  8.000000	  0.000000	  0.000000  
	310	  1	  245	  302	  8.000000	  0.000000	  0.000000  
	311	  5	  246	  303	  8.000000	  0.000000	  0.000000  
	312	  5	  247	  304	  8.000000	  0.000000	  0.000000  
	313	  1	  248	  305	  8.000000	  0.000000	  0.000000  
	314	  5	  249	  306	  7.594319	  0.071150	  0.540804  
	315	  1	  250	  307	  8.000000	  0.000000	  0.000000  
	316	  1	  251	  308	  8.000000	  0.000000	  0.000000  
	317	  1	  252	  309	  8.000000	  0.000000	  0.000000  
	318	  5	  253	  310	  7.401231	  -0.877462	  0.673930  
	319	  1	  254	  311	  8.000000	  0.000000	  0.000000  
	320	  1	  255	  312	  8.000000	  0.000000	  0.000000  
	321	  5	  256	  313	  6.277735	  -2.139436	  0.348519  
	322	  5	  257	  314	  7.467186	  -0.155653	  0.613135  
	323	  5	  258	  315	  7.183549	  -0.030477	  0.497744  
	324	  5	  260	  316	  5.932555	  2.193498	  0.447673  
	325	  5	  261	  317	  7.173698	  0.601879	  0.782781  
	326	  5	  262	  318	  8.000000	  0.000000	  0.000000  
	327	  1	  263	  319	  8.000000	  0.000000	  0.000000  
	328	  1	  264	  320	  8.000000	  0.000000	  0.000000  
	329	  5	  121	  73	  5.481649	  0.025049	  0.383794  
	330	  1	  266	  321	  8.000000	  0.000000	  0.000000  
	331	  5	  267	  322	  7.530408	  0.394510	  0.755684  
	332	  5	  268	  323	  6.667012	  3.003543	  0.510020  
	333	  5	  270	  324	  7.085913	  0.038226	  0.340689  
	334	  5	  271	  325	  7.459958	  -0.088718	  0.399021  
	335	  5	  272	  95	  6.150702	  0.591793	  0.165652  
	336	  1	  273	  326	  8.000000	  0.000000	  0.000000  
	337	  1	  274	  327	  8.000000	  0.000000	  0.000000  
	338	  1	  275	  328	  8.000000	  0.000000	  0.000000  
	339	  1	  276	  329	  8.000000	  0.000000	  0.000000  
	341	  5	  263	  331	  4.788140	  0.336698	  0.092683  
	342	  1	  267	  332	  8.000000	  0.000000	  0.000000  
	343	  5	  272	  333	  8.000000	  0.000000	  0.000000  
	344	  5	  73	  92	  6.513399	  -0.217032	  0.617208  
	347	  1	  277	  337	  8.000000	  0.000000	  0.000000  
	348	  1	  278	  338	  8.000000	  0.000000	  0.000000  
	349	  5	  279	  339	  6.316375	  -2.106341	  0.414734  
	350	  1	  280	  340	  8.000000	  0.000000	  0.000000  
	351	  1	  281	  341	  8.000000	  0.000000	  0.000000  
	352	  5	  282	  342	  7.447982	  -0.020438	  0.574583  
	353	  1	  283	  343	  8.000000	  0.000000	  0.000000  
	354	  5	  284	  344	  8.000000	  0.000000	  0.000000  
	355	  1	  285	  345	  8.000000	  0.000000	  0.000000  
	356	  5	  286	  346	  7.171734	  5.369686	  0.324747  
	358	  5	  288	  348	  6.500811	  -2.518600	  0.395646  
	359	  5	  289	  178	  6.565604	  -0.023919	  0.617268  
	360	  1	  290	  349	  8.000000	  0.000000	  0.000000  
	361	  1	  291	  350	  8.000000	  0.000000	  0.000000  
	362	  1	  292	  351	  8.000000	  0.000000	  0.000000  
	363	  1	  293	  352	  8.000000	  0.000000	  0.000000  
	364	  5	  294	  353	  7.469190	  9.114307	  0.313046  
	365	  5	  295	  354	  7.239172	  -0.492379	  0.509591  
	366	  5	  296	  355	  7.639283	  0.110336	  0.456839  
	367	  5	  297	  356	  7.304471	  0.054823	  0.495657  
	368	  1	  298	  357	  8.000000	  0.000000	  0.000000  
	369	  5	  299	  316	  5.978667	  -2.193498	  0.447673  
	370	  5	  300	  358	  8.000000	  0.000000	  0.000000  
	371	  5	  301	  359	  8.000000	  0.000000	  0.000000  
	372	  1	  302	  360	  8.000000	  0.000000	  0.000000  
	373	  1	  303	  361	  8.000000	  0.000000	  0.000000  
	374	  5	  304	  362	  8.000000	  0.000000	  0.000000  
	375	  1	  305	  363	  8.000000	  0.000000	  0.000000  
	376	  5	  306	  364	  7.631660	  0.071150	  0.540804  
	377	  1	  307	  365	  8.000000	  0.000000	  0.000000  
	378	  1	  308	  366	  8.000000	  0.000000	  0.000000  
	379	  1	  309	  367	  8.000000	  0.000000	  0.000000  
	380	  5	  310	  368	  7.410914	  -0.877462	  0.673930  
	381	  1	  311	  369	  8.000000	  0.000000	  0.000000  
	382	  1	  312	  370	  8.000000	  0.000000	  0.000000  
	383	  5	  313	  371	  6.277139	  -2.139436	  0.348519  
	384	  5	  314	  372	  8.000000	  0.000000	  0.000000  
	385	  1	  315	  373	  8.000000	  0.000000	  0.000000  
	386	  1	  316	  374	  8.000000	  0.000000	  0.000000  
	387	  5	  317	  375	  7.197742	  -0.767963	  0.483253  
	388	  5	  318	  376	  8.000000	  0.000000	  0.000000  
	389	  1	  319	  377	  8.000000	  0.000000	  0.000000  
	390	  1	  320	  378	  8.000000	  0.000000	  0.000000  
	391	  1	  321	  379	  8.000000	  0.000000	  0.000000  
	392	  5	  322	  380	  7.567636	  0.394510	  0.755684  
	393	  5	  323	  381	  6.244380	  1.400088	  0.486546  
	394	  5	  324	  382	  7.464853	  0.088718	  0.399021  
	395	  5	  325	  383	  7.467524	  -0.088718	  0.399021  
	396	  1	  326	  384	  8.000000	  0.000000	  0.000000  
	397	  1	  327	  385	  8.000000	  0.000000	  0.000000  
	398	  1	  328	  386	  8.000000	  0.000000	  0.000000  
	399	  1	  329	  387	  8.000000	  0.000000	  0.000000  
	400	  5	  330	  388	  7.662669	  -0.394510	  0.755684  
	401	  5	  389	  41	  7.551714	  -0.516369	  0.567690  
	402	  5	  331	  389	  4.997834	  0.336698	  0.092683  
	403	  1	  332	  390	  8.000000	  0.000000	  0.000000  
	404	  5	  333	  391	  8.000000	  0.000000	  0.000000  
	405	  1	  40	  392	  8.000000	  0.000000	  0.000000  
	406	  1	  70	  393	  8.000000	  0.000000	  0.000000  
	407	  1	  73	  394	  8.000000	  0.000000	  0.000000  
	408	  5	  108	  395	  8.000000	  0.000000	  0.000000  
	409	  1	  122	  396	  8.000000	  0.000000	  0.000000  
	410	  5	  336	  397	  8.000000	  0.000000	  0.000000  
	411	  5	  123	  398	  8.000000	  0.000000	  0.000000  
	412	  5	  155	  399	  6.831956	  1.873466	  0.296462  
	413	  5	  155	  400	  6.399080	  -0.895176	  0.321279  
	414	  5	  202	  401	  7.200780	  -0.030759	  0.368995  
	416	  5	  42	  403	  7.340383	  0.050492	  0.443184  
	417	  5	  230	  404	  6.393248	  -1.603455	  0.530517  
	418	  1	  308	  405	  8.000000	  0.000000	  0.000000  
	419	  1	  337	  406	  8.000000	  0.000000	  0.000000  
	420	  1	  338	  407	  8.000000	  0.000000	  0.000000  
	421	  5	  339	  268	  6.280468	  -2.106341	  0.414734  
	422	  1	  340	  408	  8.000000	  0.000000	  0.000000  
	423	  1	  341	  409	  8.000000	  0.000000	  0.000000  
	424	  5	  342	  410	  7.433609	  -0.020438	  0.574583  
	425	  1	  343	  411	  8.000000	  0.000000	  0.000000  
	426	  5	  344	  412	  8.000000	  0.000000	  0.000000  
	427	  1	  345	  413	  8.000000	  0.000000	  0.000000  
	428	  5	  346	  414	  8.000000	  0.000000	  0.000000  
	430	  5	  348	  416	  8.000000	  0.000000	  0.000000  
	431	  1	  349	  417	  8.000000	  0.000000	  0.000000  
	432	  1	  350	  418	  8.000000	  0.000000	  0.000000  
	433	  1	  351	  419	  8.000000	  0.000000	  0.000000  
	434	  1	  352	  420	  8.000000	  0.000000	  0.000000  
	435	  5	  353	  421	  7.470794	  9.114307	  0.313046  
	436	  5	  354	  422	  7.211763	  -0.492379	  0.509591  
	437	  5	  355	  423	  7.617449	  0.110336	  0.456839  
	438	  5	  356	  424	  7.304924	  0.054823	  0.495657  
	439	  1	  357	  425	  8.000000	  0.000000	  0.000000  
	440	  5	  358	  426	  8.000000	  0.000000	  0.000000  
	441	  5	  359	  427	  8.000000	  0.000000	  0.000000  
	442	  1	  360	  428	  8.000000	  0.000000	  0.000000  
	443	  1	  361	  429	  8.000000	  0.000000	  0.000000  
	444	  5	  362	  430	  8.000000	  0.000000	  0.000000  
	445	  1	  363	  431	  8.000000	  0.000000	  0.000000  
	446	  5	  364	  315	  7.147608	  0.030477	  0.497744  
	447	  1	  365	  432	  8.000000	  0.000000	  0.000000  
	448	  1	  366	  433	  8.000000	  0.000000	  0.000000  
	449	  1	  367	  434	  8.000000	  0.000000	  0.000000  
	450	  5	  368	  435	  7.417121	  -0.877462	  0.673930  
	451	  1	  369	  436	  8.000000	  0.000000	  0.000000  
	452	  1	  370	  437	  8.000000	  0.000000	  0.000000  
	453	  5	  371	  438	  6.271073	  -2.139436	  0.348519  
	454	  5	  372	  439	  8.000000	  0.000000	  0.000000  
	455	  1	  373	  440	  8.000000	  0.000000	  0.000000  
	456	  1	  374	  441	  8.000000	  0.000000	  0.000000  
	457	  1	  375	  442	  8.000000	  0.000000	  0.000000  
	458	  5	  376	  443	  8.000000	  0.000000	  0.000000  
	459	  1	  377	  444	  8.000000	  0.000000	  0.000000  
	460	  1	  378	  445	  8.000000	  0.000000	  0.000000  
	461	  1	  379	  446	  8.000000	  0.000000	  0.000000  
	462	  5	  380	  447	  7.597363	  0.394510	  0.755684  
	463	  5	  381	  448	  6.279166	  1.400088	  0.486546  
	464	  5	  382	  449	  7.471649	  0.088718	  0.399021  
	465	  5	  383	  450	  7.472888	  -0.088718	  0.399021  
	466	  1	  384	  451	  8.000000	  0.000000	  0.000000  
	467	  1	  385	  452	  8.000000	  0.000000	  0.000000  
	468	  1	  386	  453	  8.000000	  0.000000	  0.000000  
	469	  1	  387	  454	  8.000000	  0.000000	  0.000000  
	470	  5	  388	  455	  7.657811	  -0.394510	  0.755684  
	471	  1	  390	  456	  8.000000	  0.000000	  0.000000  
	472	  5	  391	  457	  8.000000	  0.000000	  0.000000  
	473	  1	  392	  458	  8.000000	  0.000000	  0.000000  
	474	  1	  393	  459	  8.000000	  0.000000	  0.000000  
	475	  1	  394	  460	  8.000000	  0.000000	  0.000000  
	476	  5	  395	  461	  8.000000	  0.000000	  0.000000  
	477	  1	  396	  462	  8.000000	  0.000000	  0.000000  
	478	  1	  397	  463	  8.000000	  0.000000	  0.000000  
	479	  5	  398	  464	  8.000000	  0.000000	  0.000000  
	480	  5	  399	  237	  6.832045	  1.873466	  0.296462  
	481	  5	  400	  465	  6.380969	  -0.895176	  0.321279  
	482	  5	  401	  466	  7.201175	  -0.030759	  0.368995  
	484	  1	  403	  468	  8.000000	  0.000000	  0.000000  
	485	  5	  404	  469	  6.361784	  -1.603455	  0.530517  
	486	  1	  405	  470	  8.000000	  0.000000	  0.000000  
	487	  5	  34	  471	  8.000000	  0.000000	  0.000000  
	488	  5	  138	  472	  8.000000	  0.000000	  0.000000  
	489	  5	  140	  473	  7.020004	  -0.084646	  0.686764  
	490	  5	  187	  474	  7.144507	  -0.005150	  0.579259  
	491	  1	  238	  475	  8.000000	  0.000000	  0.000000  
	492	  5	  194	  476	  8.000000	  0.000000	  0.000000  
	493	  1	  279	  477	  8.000000	  0.000000	  0.000000  
	494	  1	  296	  478	  8.000000	  0.000000	  0.000000  
	495	  1	  244	  479	  8.000000	  0.000000	  0.000000  
	496	  1	  255	  480	  8.000000	  0.000000	  0.000000  
	497	  5	  346	  481	  7.183810	  5.369686	  0.324747  
	498	  5	  348	  482	  6.467539	  -2.518600	  0.395646  
	499	  1	  356	  483	  8.000000	  0.000000	  0.000000  
	500	  5	  375	  484	  7.170849	  -0.767963	  0.483253  
	501	  1	  406	  485	  8.000000	  0.000000	  0.000000  
	502	  1	  407	  486	  8.000000	  0.000000	  0.000000  
	503	  1	  408	  487	  8.000000	  0.000000	  0.000000  
	504	  1	  409	  488	  8.000000	  0.000000	  0.000000  
	505	  5	  410	  489	  7.762702	  -0.040673	  0.573070  
	506	  1	  411	  490	  8.000000	  0.000000	  0.000000  
	507	  5	  412	  491	  8.000000	  0.000000	  0.000000  
	508	  1	  413	  492	  8.000000	  0.000000	  0.000000  
	509	  5	  414	  493	  8.000000	  0.000000	  0.000000  
	511	  5	  416	  495	  8.000000	  0.000000	  0.000000  
	512	  1	  417	  496	  8.000000	  0.000000	  0.000000  
	513	  1	  418	  497	  8.000000	  0.000000	  0.000000  
	514	  1	  419	  498	  8.000000	  0.000000	  0.000000  
	515	  1	  420	  499	  8.000000	  0.000000	  0.000000  
	516	  5	  421	  500	  7.472313	  9.114307	  0.313046  
	517	  5	  422	  501	  7.745234	  -1.369842	  0.614859  
	518	  5	  423	  561	  7.588862	  0.110336	  0.456839  
	519	  5	  424	  503	  7.301210	  0.054823	  0.495657  
	520	  1	  425	  504	  8.000000	  0.000000	  0.000000  
	521	  1	  426	  505	  8.000000	  0.000000	  0.000000  
	522	  5	  427	  506	  8.000000	  0.000000	  0.000000  
	523	  1	  428	  507	  8.000000	  0.000000	  0.000000  
	524	  1	  429	  508	  8.000000	  0.000000	  0.000000  
	525	  5	  430	  509	  8.000000	  0.000000	  0.000000  
	526	  1	  431	  510	  8.000000	  0.000000	  0.000000  
	527	  1	  432	  511	  8.000000	  0.000000	  0.000000  
	528	  1	  433	  512	  8.000000	  0.000000	  0.000000  
	529	  1	  434	  513	  8.000000	  0.000000	  0.000000  
	530	  5	  435	  514	  7.420855	  -0.877462	  0.673930  
	531	  1	  436	  515	  8.000000	  0.000000	  0.000000  
	532	  1	  437	  516	  8.000000	  0.000000	  0.000000  
	533	  5	  438	  482	  6.260552	  -2.139436	  0.348519  
	534	  1	  439	  517	  8.000000	  0.000000	  0.000000  
	535	  1	  440	  518	  8.000000	  0.000000	  0.000000  
	536	  1	  441	  519	  8.000000	  0.000000	  0.000000  
	537	  1	  442	  520	  8.000000	  0.000000	  0.000000  
	538	  5	  443	  521	  8.000000	  0.000000	  0.000000  
	539	  1	  444	  522	  8.000000	  0.000000	  0.000000  
	540	  1	  445	  523	  8.000000	  0.000000	  0.000000  
	541	  1	  446	  524	  8.000000	  0.000000	  0.000000  
	542	  1	  447	  525	  8.000000	  0.000000	  0.000000  
	543	  5	  448	  287	  6.309377	  1.400088	  0.486546  
	544	  5	  449	  526	  7.474747	  0.088718	  0.399021  
	545	  1	  450	  527	  8.000000	  0.000000	  0.000000  
	546	  1	  451	  528	  8.000000	  0.000000	  0.000000  
	547	  1	  452	  529	  8.000000	  0.000000	  0.000000  
	548	  1	  453	  530	  8.000000	  0.000000	  0.000000  
	549	  1	  454	  531	  8.000000	  0.000000	  0.000000  
	550	  5	  455	  532	  7.649158	  -0.394510	  0.755684  
	551	  1	  456	  533	  8.000000	  0.000000	  0.000000  
	552	  5	  457	  534	  8.000000	  0.000000	  0.000000  
	553	  1	  458	  535	  8.000000	  0.000000	  0.000000  
	554	  1	  459	  536	  8.000000	  0.000000	  0.000000  
	555	  1	  460	  537	  8.000000	  0.000000	  0.000000  
	556	  5	  461	  538	  8.000000	  0.000000	  0.000000  
	557	  1	  462	  539	  8.000000	  0.000000	  0.000000  
	558	  1	  463	  540	  8.000000	  0.000000	  0.000000  
	559	  5	  464	  541	  8.000000	  0.000000	  0.000000  
	560	  5	  465	  245	  6.356193	  -0.895176	  0.321279  
	561	  5	  466	  542	  8.000000	  0.000000	  0.000000  
	563	  1	  468	  544	  8.000000	  0.000000	  0.000000  
	564	  5	  469	  323	  6.329432	  -1.603455	  0.530517  
	565	  1	  470	  545	  8.000000	  0.000000	  0.000000  
	566	  5	  471	  546	  8.000000	  0.000000	  0.000000  
	567	  5	  472	  547	  8.000000	  0.000000	  0.000000  
	568	  5	  473	  241	  6.994622	  -0.084646	  0.686764  
	569	  5	  474	  548	  7.156845	  -0.005150	  0.579259  
	570	  1	  475	  549	  8.000000	  0.000000	  0.000000  
	571	  5	  476	  550	  8.000000	  0.000000	  0.000000  
	572	  1	  477	  551	  8.000000	  0.000000	  0.000000  
	573	  1	  478	  552	  8.000000	  0.000000	  0.000000  
	574	  1	  479	  553	  8.000000	  0.000000	  0.000000  
	575	  1	  480	  554	  8.000000	  0.000000	  0.000000  
	576	  5	  481	  555	  7.195863	  5.369686	  0.324747  
	577	  5	  482	  556	  7.133005	  -4.658037	  0.374001  
	578	  1	  483	  557	  8.000000	  0.000000	  0.000000  
	579	  5	  484	  558	  7.137825	  -0.767963	  0.483253  
	580	  1	  107	  559	  8.000000	  0.000000	  0.000000  
	581	  5	  158	  25	  7.268763	  -0.049507	  0.501545  
	582	  1	  167	  560	  8.000000	  0.000000	  0.000000  
	583	  5	  223	  561	  7.557922	  -0.110336	  0.456839  
	584	  5	  251	  562	  6.501002	  0.538358	  0.284532  
	585	  5	  262	  563	  8.000000	  0.000000	  0.000000  
	586	  1	  252	  564	  8.000000	  0.000000	  0.000000  
	587	  5	  270	  119	  7.051784	  -0.038226	  0.340689  
	588	  5	  314	  566	  7.445288	  -0.155653	  0.613135  
	589	  5	  364	  567	  7.711627	  0.040673	  0.573070  
	590	  5	  466	  568	  7.197854	  -0.030759	  0.368995  
	591	  5	  569	  79	  7.064286	  0.689841	  0.689761  
	593	  5	  50	  9	  7.542311	  0.214691	  0.470686  
	594	  5	  50	  68	  6.599241	  0.146025	  0.661869  
	595	  1	  485	  573	  8.000000	  0.000000	  0.000000  
	596	  1	  486	  574	  8.000000	  0.000000	  0.000000  
	597	  1	  487	  575	  8.000000	  0.000000	  0.000000  
	598	  1	  488	  576	  8.000000	  0.000000	  0.000000  
	599	  1	  489	  577	  8.000000	  0.000000	  0.000000  
	600	  1	  490	  578	  8.000000	  0.000000	  0.000000  
	601	  5	  491	  579	  8.000000	  0.000000	  0.000000  
	602	  1	  492	  580	  8.000000	  0.000000	  0.000000  
	603	  5	  493	  581	  8.000000	  0.000000	  0.000000  
	605	  5	  495	  583	  8.000000	  0.000000	  0.000000  
	606	  1	  496	  584	  8.000000	  0.000000	  0.000000  
	607	  1	  497	  585	  8.000000	  0.000000	  0.000000  
	608	  1	  498	  586	  8.000000	  0.000000	  0.000000  
	609	  1	  499	  587	  8.000000	  0.000000	  0.000000  
	610	  5	  500	  588	  7.473807	  9.114307	  0.313046  
	611	  5	  501	  589	  7.737988	  -1.369842	  0.614859  
	612	  1	  561	  590	  8.000000	  0.000000	  0.000000  
	613	  5	  503	  91	  7.051487	  0.033731	  0.562541  
	614	  1	  504	  591	  8.000000	  0.000000	  0.000000  
	615	  1	  505	  592	  8.000000	  0.000000	  0.000000  
	616	  5	  506	  593	  8.000000	  0.000000	  0.000000  
	617	  1	  507	  594	  8.000000	  0.000000	  0.000000  
	618	  1	  508	  595	  8.000000	  0.000000	  0.000000  
	619	  5	  509	  596	  8.000000	  0.000000	  0.000000  
	620	  1	  510	  597	  8.000000	  0.000000	  0.000000  
	621	  1	  511	  598	  8.000000	  0.000000	  0.000000  
	622	  1	  512	  599	  8.000000	  0.000000	  0.000000  
	623	  1	  513	  600	  8.000000	  0.000000	  0.000000  
	624	  5	  514	  422	  7.422959	  -0.877462	  0.673929  
	625	  1	  515	  601	  8.000000	  0.000000	  0.000000  
	626	  1	  516	  602	  8.000000	  0.000000	  0.000000  
	627	  1	  517	  603	  8.000000	  0.000000	  0.000000  
	628	  1	  518	  604	  8.000000	  0.000000	  0.000000  
	629	  1	  519	  605	  8.000000	  0.000000	  0.000000  
	630	  1	  520	  606	  8.000000	  0.000000	  0.000000  
	631	  1	  521	  607	  8.000000	  0.000000	  0.000000  
	632	  1	  522	  608	  8.000000	  0.000000	  0.000000  
	633	  1	  523	  609	  8.000000	  0.000000	  0.000000  
	634	  1	  524	  610	  8.000000	  0.000000	  0.000000  
	635	  1	  525	  611	  8.000000	  0.000000	  0.000000  
	636	  5	  526	  450	  7.474723	  0.088718	  0.399021  
	637	  1	  527	  612	  8.000000	  0.000000	  0.000000  
	638	  1	  528	  613	  8.000000	  0.000000	  0.000000  
	639	  1	  529	  614	  8.000000	  0.000000	  0.000000  
	640	  1	  530	  615	  8.000000	  0.000000	  0.000000  
	641	  1	  531	  616	  8.000000	  0.000000	  0.000000  
	642	  5	  532	  617	  7.636247	  -0.394510	  0.755684  
	643	  1	  533	  618	  8.000000	  0.000000	  0.000000  
	644	  5	  534	  619	  8.000000	  0.000000	  0.000000  
	645	  1	  535	  620	  8.000000	  0.000000	  0.000000  
	646	  1	  536	  621	  8.000000	  0.000000	  0.000000  
	647	  1	  537	  622	  8.000000	  0.000000	  0.000000  
	648	  1	  538	  623	  8.000000	  0.000000	  0.000000  
	649	  1	  539	  624	  8.000000	  0.000000	  0.000000  
	650	  1	  540	  625	  8.000000	  0.000000	  0.000000  
	651	  5	  541	  626	  8.000000	  0.000000	  0.000000  
	652	  5	  542	  627	  8.000000	  0.000000	  0.000000  
	654	  1	  544	  629	  8.000000	  0.000000	  0.000000  
	655	  1	  545	  630	  8.000000	  0.000000	  0.000000  
	656	  1	  546	  631	  8.000000	  0.000000	  0.000000  
	657	  1	  547	  632	  8.000000	  0.000000	  0.000000  
	658	  5	  548	  633	  7.167889	  -0.005150	  0.579259  
	659	  1	  549	  634	  8.000000	  0.000000	  0.000000  
	660	  1	  550	  635	  8.000000	  0.000000	  0.000000  
	661	  1	  551	  636	  8.000000	  0.000000	  0.000000  
	662	  1	  552	  637	  8.000000	  0.000000	  0.000000  
	663	  1	  553	  638	  8.000000	  0.000000	  0.000000  
	664	  1	  554	  639	  8.000000	  0.000000	  0.000000  
	665	  5	  555	  294	  7.211125	  5.369686	  0.324747  
	666	  5	  556	  169	  7.119074	  -4.658037	  0.374001  
	667	  1	  557	  640	  8.000000	  0.000000	  0.000000  
	668	  5	  558	  110	  7.087166	  -0.767963	  0.483253  
	669	  1	  559	  641	  8.000000	  0.000000	  0.000000  
	670	  1	  560	  642	  8.000000	  0.000000	  0.000000  
	672	  5	  562	  276	  6.541662	  0.538358	  0.284532  
	673	  5	  563	  397	  8.000000	  0.000000	  0.000000  
	674	  1	  564	  643	  8.000000	  0.000000	  0.000000  
	676	  1	  566	  644	  8.000000	  0.000000	  0.000000  
	677	  5	  567	  645	  7.731810	  0.040673	  0.573070  
	678	  5	  568	  113	  6.715053	  -0.009668	  0.326032  
	679	  5	  569	  261	  7.563885	  0.822916	  0.712802  
	680	  1	  570	  646	  8.000000	  0.000000	  0.000000  
	682	  5	  65	  648	  8.000000	  0.000000	  0.000000  
	683	  5	  50	  649	  7.347490	  0.155653	  0.613135  
	684	  5	  141	  650	  6.952853	  0.007494	  0.432879  
	685	  1	  146	  651	  8.000000	  0.000000	  0.000000  
	686	  1	  135	  652	  8.000000	  0.000000	  0.000000  
	687	  1	  201	  653	  8.000000	  0.000000	  0.000000  
	688	  5	  248	  654	  8.000000	  0.000000	  0.000000  
	689	  1	  331	  655	  8.000000	  0.000000	  0.000000  
	690	  1	  280	  656	  8.000000	  0.000000	  0.000000  
	691	  5	  282	  657	  7.444431	  -0.020235	  0.571542  
	692	  1	  285	  658	  8.000000	  0.000000	  0.000000  
	693	  1	  351	  659	  8.000000	  0.000000	  0.000000  
	694	  5	  303	  660	  8.000000	  0.000000	  0.000000  
	695	  1	  377	  661	  8.000000	  0.000000	  0.000000  
	696	  1	  451	  662	  8.000000	  0.000000	  0.000000  
	697	  5	  403	  663	  7.373793	  0.050492	  0.443184  
	698	  1	  504	  664	  8.000000	  0.000000	  0.000000  
	699	  5	  550	  665	  8.000000	  0.000000	  0.000000  
	700	  5	  568	  666	  7.230844	  -0.021091	  0.388689  
	701	  5	  667	  22	  7.658895	  -0.189001	  0.575542  
	702	  1	  573	  668	  8.000000	  0.000000	  0.000000  
	703	  1	  574	  669	  8.000000	  0.000000	  0.000000  
	704	  1	  575	  670	  8.000000	  0.000000	  0.000000  
	705	  1	  576	  671	  8.000000	  0.000000	  0.000000  
	706	  1	  577	  672	  8.000000	  0.000000	  0.000000  
	707	  1	  578	  673	  8.000000	  0.000000	  0.000000  
	708	  5	  579	  674	  8.000000	  0.000000	  0.000000  
	709	  1	  580	  675	  8.000000	  0.000000	  0.000000  
	710	  5	  581	  676	  8.000000	  0.000000	  0.000000  
	712	  5	  583	  678	  8.000000	  0.000000	  0.000000  
	713	  1	  584	  679	  8.000000	  0.000000	  0.000000  
	714	  1	  585	  680	  8.000000	  0.000000	  0.000000  
	715	  1	  586	  681	  8.000000	  0.000000	  0.000000  
	716	  1	  587	  682	  8.000000	  0.000000	  0.000000  
	717	  5	  588	  210	  7.475369	  9.114307	  0.313046  
	718	  5	  589	  317	  7.727926	  -1.369842	  0.614859  
	719	  1	  590	  683	  8.000000	  0.000000	  0.000000  
	720	  1	  591	  684	  8.000000	  0.000000	  0.000000  
	721	  1	  592	  685	  8.000000	  0.000000	  0.000000  
	722	  5	  593	  686	  8.000000	  0.000000	  0.000000  
	723	  1	  594	  687	  8.000000	  0.000000	  0.000000  
	724	  1	  595	  688	  8.000000	  0.000000	  0.000000  
	725	  5	  596	  689	  8.000000	  0.000000	  0.000000  
	726	  1	  597	  690	  8.000000	  0.000000	  0.000000  
	727	  1	  598	  691	  8.000000	  0.000000	  0.000000  
	728	  1	  599	  692	  8.000000	  0.000000	  0.000000  
	729	  1	  600	  693	  8.000000	  0.000000	  0.000000  
	730	  1	  601	  694	  8.000000	  0.000000	  0.000000  
	731	  1	  602	  695	  8.000000	  0.000000	  0.000000  
	732	  1	  603	  696	  8.000000	  0.000000	  0.000000  
	733	  1	  604	  697	  8.000000	  0.000000	  0.000000  
	734	  1	  605	  698	  8.000000	  0.000000	  0.000000  
	735	  1	  606	  699	  8.000000	  0.000000	  0.000000  
	736	  1	  607	  700	  8.000000	  0.000000	  0.000000  
	737	  1	  608	  701	  8.000000	  0.000000	  0.000000  
	738	  1	  609	  702	  8.000000	  0.000000	  0.000000  
	739	  1	  610	  703	  8.000000	  0.000000	  0.000000  
	740	  1	  611	  704	  8.000000	  0.000000	  0.000000  
	741	  1	  612	  705	  8.000000	  0.000000	  0.000000  
	742	  1	  613	  706	  8.000000	  0.000000	  0.000000  
	743	  1	  614	  707	  8.000000	  0.000000	  0.000000  
	744	  1	  615	  708	  8.000000	  0.000000	  0.000000  
	745	  1	  616	  709	  8.000000	  0.000000	  0.000000  
	746	  5	  617	  447	  7.619656	  -0.394510	  0.755684  
	747	  1	  618	  710	  8.000000	  0.000000	  0.000000  
	748	  5	  619	  711	  8.000000	  0.000000	  0.000000  
	749	  1	  620	  712	  8.000000	  0.000000	  0.000000  
	750	  1	  621	  713	  8.000000	  0.000000	  0.000000  
	751	  1	  622	  714	  8.000000	  0.000000	  0.000000  
	752	  1	  623	  715	  8.000000	  0.000000	  0.000000  
	753	  1	  624	  716	  8.000000	  0.000000	  0.000000  
	754	  1	  625	  717	  8.000000	  0.000000	  0.000000  
	755	  5	  626	  718	  8.000000	  0.000000	  0.000000  
	756	  5	  627	  719	  8.000000	  0.000000	  0.000000  
	758	  1	  629	  721	  8.000000	  0.000000	  0.000000  
	759	  1	  630	  722	  8.000000	  0.000000	  0.000000  
	760	  1	  631	  723	  8.000000	  0.000000	  0.000000  
	761	  1	  632	  724	  8.000000	  0.000000	  0.000000  
	763	  1	  634	  725	  8.000000	  0.000000	  0.000000  
	764	  1	  635	  726	  8.000000	  0.000000	  0.000000  
	765	  1	  636	  727	  8.000000	  0.000000	  0.000000  
	766	  1	  637	  728	  8.000000	  0.000000	  0.000000  
	767	  1	  638	  729	  8.000000	  0.000000	  0.000000  
	768	  1	  639	  730	  8.000000	  0.000000	  0.000000  
	769	  1	  640	  731	  8.000000	  0.000000	  0.000000  
	770	  1	  641	  732	  8.000000	  0.000000	  0.000000  
	771	  1	  642	  733	  8.000000	  0.000000	  0.000000  
	772	  1	  643	  734	  8.000000	  0.000000	  0.000000  
	773	  1	  644	  735	  8.000000	  0.000000	  0.000000  
	774	  5	  645	  489	  7.750051	  0.040673	  0.573070  
	775	  1	  646	  736	  8.000000	  0.000000	  0.000000  
	776	  1	  50	  737	  8.000000	  0.000000	  0.000000  
	777	  5	  648	  738	  8.000000	  0.000000	  0.000000  
	778	  5	  649	  566	  7.412650	  0.155653	  0.613135  
	779	  5	  650	  739	  8.000000	  0.000000	  0.000000  
	780	  1	  651	  740	  8.000000	  0.000000	  0.000000  
	781	  1	  652	  741	  8.000000	  0.000000	  0.000000  
	782	  1	  653	  742	  8.000000	  0.000000	  0.000000  
	783	  5	  654	  743	  8.000000	  0.000000	  0.000000  
	784	  1	  655	  744	  8.000000	  0.000000	  0.000000  
	785	  1	  656	  745	  8.000000	  0.000000	  0.000000  
	786	  5	  657	  410	  7.430220	  -0.020235	  0.571542  
	787	  1	  658	  746	  8.000000	  0.000000	  0.000000  
	788	  1	  659	  235	  8.000000	  0.000000	  0.000000  
	789	  5	  660	  747	  8.000000	  0.000000	  0.000000  
	790	  1	  661	  748	  8.000000	  0.000000	  0.000000  
	791	  1	  662	  749	  8.000000	  0.000000	  0.000000  
	792	  5	  663	  324	  7.402288	  0.050492	  0.443184  
	793	  1	  664	  750	  8.000000	  0.000000	  0.000000  
	794	  5	  665	  751	  8.000000	  0.000000	  0.000000  
	795	  5	  666	  503	  7.219052	  -0.021091	  0.388689  
	796	  1	  37	  752	  8.000000	  0.000000	  0.000000  
	797	  1	  667	  753	  8.000000	  0.000000	  0.000000  
	798	  1	  114	  754	  8.000000	  0.000000	  0.000000  
	799	  5	  154	  755	  8.000000	  0.000000	  0.000000  
	800	  5	  160	  756	  8.000000	  0.000000	  0.000000  
	801	  1	  160	  757	  8.000000	  0.000000	  0.000000  
	802	  5	  274	  758	  8.000000	  0.000000	  0.000000  
	803	  1	  249	  759	  8.000000	  0.000000	  0.000000  
	804	  1	  320	  760	  8.000000	  0.000000	  0.000000  
	805	  5	  271	  761	  8.000000	  0.000000	  0.000000  
	806	  1	  411	  762	  8.000000	  0.000000	  0.000000  
	807	  1	  430	  763	  8.000000	  0.000000	  0.000000  
	808	  1	  432	  764	  8.000000	  0.000000	  0.000000  
	809	  1	  530	  765	  8.000000	  0.000000	  0.000000  
	810	  1	  564	  766	  8.000000	  0.000000	  0.000000  
	811	  5	  650	  289	  6.973747	  0.007494	  0.432879  
	812	  0	  668	  767	  8.000000	  0.000000	  0.000000  
	813	  0	  669	  768	  8.000000	  0.000000	  0.000000  
	814	  0	  670	  769	  8.000000	  0.000000	  0.000000  
	815	  0	  671	  770	  8.000000	  0.000000	  0.000000  
	816	  0	  672	  771	  8.000000	  0.000000	  0.000000  
	817	  0	  673	  772	  8.000000	  0.000000	  0.000000  
	818	  5	  674	  546	  8.000000	  0.000000	  0.000000  
	819	  0	  675	  773	  8.000000	  0.000000	  0.000000  
	820	  5	  676	  244	  8.000000	  0.000000	  0.000000  
	821	  5	  678	  547	  8.000000	  0.000000	  0.000000  
	822	  0	  679	  774	  8.000000	  0.000000	  0.000000  
	823	  0	  680	  775	  8.000000	  0.000000	  0.000000  
	824	  0	  681	  776	  8.000000	  0.000000	  0.000000  
	825	  0	  682	  777	  8.000000	  0.000000	  0.000000  
	826	  0	  683	  778	  8.000000	  0.000000	  0.000000  
	827	  0	  684	  779	  8.000000	  0.000000	  0.000000  
	828	  0	  685	  780	  8.000000	  0.000000	  0.000000  
	829	  5	  686	  426	  8.000000	  0.000000	  0.000000  
	830	  0	  687	  781	  8.000000	  0.000000	  0.000000  
	831	  0	  688	  782	  8.000000	  0.000000	  0.000000  
	832	  5	  689	  439	  8.000000	  0.000000	  0.000000  
	833	  0	  690	  783	  8.000000	  0.000000	  0.000000  
	834	  0	  691	  784	  8.000000	  0.000000	  0.000000  
	835	  0	  692	  785	  8.000000	  0.000000	  0.000000  
	836	  0	  693	  786	  8.000000	  0.000000	  0.000000  
	837	  0	  694	  787	  8.000000	  0.000000	  0.000000  
	838	  0	  695	  788	  8.000000	  0.000000	  0.000000  
	839	  0	  696	  789	  8.000000	  0.000000	  0.000000  
	840	  0	  697	  790	  8.000000	  0.000000	  0.000000  
	841	  0	  698	  791	  8.000000	  0.000000	  0.000000  
	842	  0	  699	  792	  8.000000	  0.000000	  0.000000  
	843	  0	  700	  793	  8.000000	  0.000000	  0.000000  
	844	  0	  701	  794	  8.000000	  0.000000	  0.000000  
	845	  0	  702	  795	  8.000000	  0.000000	  0.000000  
	846	  0	  703	  796	  8.000000	  0.000000	  0.000000  
	847	  0	  704	  797	  8.000000	  0.000000	  0.000000  
	848	  0	  705	  798	  8.000000	  0.000000	  0.000000  
	849	  0	  706	  799	  8.000000	  0.000000	  0.000000  
	850	  0	  707	  800	  8.000000	  0.000000	  0.000000  
	851	  0	  708	  801	  8.000000	  0.000000	  0.000000  
	852	  0	  709	  802	  8.000000	  0.000000	  0.000000  
	853	  0	  710	  803	  8.000000	  0.000000	  0.000000  
	854	  0	  711	  804	  8.000000	  0.000000	  0.000000  
	855	  0	  712	  805	  8.000000	  0.000000	  0.000000  
	856	  0	  713	  806	  8.000000	  0.000000	  0.000000  
	857	  0	  714	  807	  8.000000	  0.000000	  0.000000  
	858	  0	  715	  808	  8.000000	  0.000000	  0.000000  
	859	  0	  716	  809	  8.000000	  0.000000	  0.000000  
	860	  0	  717	  810	  8.000000	  0.000000	  0.000000  
	861	  5	  718	  271	  8.000000	  0.000000	  0.000000  
	862	  5	  719	  410	  8.000000	  0.000000	  0.000000  
	863	  0	  721	  811	  8.000000	  0.000000	  0.000000  
	864	  0	  722	  812	  8.000000	  0.000000	  0.000000  
	865	  0	  723	  813	  8.000000	  0.000000	  0.000000  
	866	  0	  724	  814	  8.000000	  0.000000	  0.000000  
	867	  0	  725	  815	  8.000000	  0.000000	  0.000000  
	868	  0	  726	  816	  8.000000	  0.000000	  0.000000  
	869	  0	  727	  817	  8.000000	  0.000000	  0.000000  
	870	  0	  728	  818	  8.000000	  0.000000	  0.000000  
	871	  0	  729	  819	  8.000000	  0.000000	  0.000000  
	872	  0	  730	  820	  8.000000	  0.000000	  0.000000  
	873	  0	  731	  821	  8.000000	  0.000000	  0.000000  
	874	  0	  732	  822	  8.000000	  0.000000	  0.000000  
	875	  0	  733	  823	  8.000000	  0.000000	  0.000000  
	876	  0	  734	  824	  8.000000	  0.000000	  0.000000  
	877	  0	  735	  825	  8.000000	  0.000000	  0.000000  
	878	  0	  736	  826	  8.000000	  0.000000	  0.000000  
	879	  0	  737	  827	  8.000000	  0.000000	  0.000000  
	880	  5	  738	  538	  8.000000	  0.000000	  0.000000  
	881	  5	  739	  665	  8.000000	  0.000000	  0.000000  
	882	  0	  740	  828	  8.000000	  0.000000	  0.000000  
	883	  0	  741	  829	  8.000000	  0.000000	  0.000000  
	884	  0	  742	  830	  8.000000	  0.000000	  0.000000  
	885	  5	  743	  711	  8.000000	  0.000000	  0.000000  
	886	  0	  744	  831	  8.000000	  0.000000	  0.000000  
	887	  0	  745	  832	  8.000000	  0.000000	  0.000000  
	888	  0	  746	  833	  8.000000	  0.000000	  0.000000  
	890	  0	  748	  834	  8.000000	  0.000000	  0.000000  
	891	  0	  749	  835	  8.000000	  0.000000	  0.000000  
	892	  0	  750	  836	  8.000000	  0.000000	  0.000000  
	893	  5	  751	  521	  8.000000	  0.000000	  0.000000  
	894	  0	  752	  837	  8.000000	  0.000000	  0.000000  
	895	  0	  753	  838	  8.000000	  0.000000	  0.000000  
	896	  0	  754	  839	  8.000000	  0.000000	  0.000000  
	897	  5	  755	  66	  8.000000	  0.000000	  0.000000  
	898	  5	  756	  649	  8.000000	  0.000000	  0.000000  
	899	  0	  757	  840	  8.000000	  0.000000	  0.000000  
	900	  5	  758	  241	  8.000000	  0.000000	  0.000000  
	901	  0	  759	  841	  8.000000	  0.000000	  0.000000  
	902	  0	  760	  842	  8.000000	  0.000000	  0.000000  
	903	  5	  761	  166	  8.000000	  0.000000	  0.000000  
	904	  0	  762	  843	  8.000000	  0.000000	  0.000000  
	905	  0	  763	  844	  8.000000	  0.000000	  0.000000  
	906	  0	  764	  845	  8.000000	  0.000000	  0.000000  
	907	  0	  765	  846	  8.000000	  0.000000	  0.000000  
	908	  0	  766	  847	  8.000000	  0.000000	  0.000000  
	909	  0	  35	  848	  8.000000	  0.000000	  0.000000  
	910	  0	  103	  849	  8.000000	  0.000000	  0.000000  
	911	  0	  150	  850	  8.000000	  0.000000	  0.000000  
	912	  0	  226	  851	  8.000000	  0.000000	  0.000000  
	913	  0	  392	  852	  8.000000	  0.000000	  0.000000  
	914	  0	  407	  853	  8.000000	  0.000000	  0.000000  
	915	  0	  488	  854	  8.000000	  0.000000	  0.000000  
	916	  0	  420	  855	  8.000000	  0.000000	  0.000000  
	917	  0	  518	  856	  8.000000	  0.000000	  0.000000  
	918	  0	  567	  857	  8.000000	  0.000000	  0.000000  
	919	  0	  637	  858	  8.000000	  0.000000	  0.000000  
	920	  0	  610	  859	  8.000000	  0.000000	  0.000000  
	921	  0	  717	  860	  8.000000	  0.000000	  0.000000  
	922	  0	  719	  861	  8.000000	  0.000000	  0.000000  
	923	  0	  721	  862	  8.000000	  0.000000	  0.000000  
	924	  0	  735	  863	  8.000000	  0.000000	  0.000000  
	925	  0	  658	  864	  8.000000	  0.000000	  0.000000  
 799       total number of nodes
  name    x       y       z
	1	  25.000000	  77.900002	  500.000000  
	2	  55.000000	  95.199997	  500.000000  
	3	  85.000000	  112.500000	  500.000000  
	4	  85.000000	  112.500000	  450.000000  
	5	  84.619965	  109.376923	  401.523193  
	6	  85.000000	  112.500000	  350.000000  
	7	  85.689163	  112.674942	  299.532104  
	8	  85.000000	  112.500000	  250.000000  
	9	  85.000000	  112.500000	  200.000000  
	10	  85.000000	  112.500000	  167.000000  
	12	  85.042885	  112.162666	  101.407501  
	14	  275.000000	  222.100006	  500.000000  
	15	  245.000000	  204.800003	  500.000000  
	16	  215.039963	  187.513229	  499.517853  
	17	  215.000000	  187.500000	  450.000000  
	18	  215.000000	  187.500000	  400.000000  
	20	  215.664154	  188.751114	  300.145203  
	22	  215.000000	  187.500000	  200.000000  
	23	  212.401291	  188.466522	  167.082214  
	24	  215.000000	  187.500000	  133.000000  
	25	  216.077164	  187.951050	  101.436440  
	26	  82.746834	  109.284828	  390.085541  
	28	  217.921722	  189.048157	  148.727615  
	29	  84.064079	  110.591309	  82.304054  
	30	  214.641708	  189.133408	  88.980652  
	32	  219.879990	  200.668518	  302.461243  
	33	  218.803513	  177.292938	  237.407471  
	34	  201.464081	  192.077194	  169.458893  
	35	  232.339386	  199.949890	  148.957016  
	37	  86.110291	  112.530159	  178.462418  
	38	  199.314392	  178.406708	  499.982208  
	39	  216.256042	  186.848923	  469.016968  
	40	  212.930466	  190.075775	  116.132042  
	41	  211.803207	  183.497864	  260.097656  
	42	  86.611816	  118.879402	  66.446877  
	43	  214.441116	  191.562195	  72.152084  
	44	  63.064339	  88.313438	  394.229004  
	45	  217.514664	  210.300034	  311.637787  
	48	  245.231659	  200.704224	  145.678864  
	49	  98.433289	  113.127991	  290.182922  
	50	  90.883316	  126.608299	  223.706818  
	52	  214.919846	  175.403534	  495.222626  
	53	  226.834778	  180.358307	  476.451324  
	55	  203.333420	  176.662537	  258.547119  
	56	  104.887222	  120.139755	  499.015350  
	58	  216.418808	  183.799179	  385.092773  
	59	  216.519409	  190.415527	  188.470413  
	60	  92.302330	  117.621925	  56.795322  
	63	  215.381363	  219.646301	  325.250977  
	64	  241.693710	  160.269363	  220.701004  
	65	  164.884506	  190.264709	  172.264343  
	66	  260.103027	  207.875549	  145.636169  
	67	  105.753143	  115.762802	  275.462189  
	68	  97.701065	  146.429352	  223.935760  
	70	  228.999603	  173.351471	  486.575562  
	72	  191.851822	  210.229996	  118.217239  
	73	  193.200485	  172.168976	  251.984848  
	74	  104.160110	  108.149094	  496.043915  
	75	  220.352020	  171.825211	  384.949677  
	76	  218.818512	  170.362732	  347.240234  
	77	  228.615601	  196.700653	  185.794998  
	79	  87.552773	  120.330269	  270.281799  
	81	  102.691154	  128.866104	  41.852531  
	84	  213.240097	  231.934875	  336.279510  
	85	  256.641907	  153.001953	  219.721649  
	86	  150.078995	  187.300247	  175.889206  
	87	  274.260376	  216.148605	  148.935745  
	88	  112.409653	  119.009377	  260.550018  
	89	  104.154655	  155.734787	  231.077835  
	91	  181.425552	  224.246719	  120.715714  
	92	  177.901550	  158.515060	  248.349106  
	93	  103.858177	  93.186890	  488.745697  
	94	  235.098526	  159.190689	  384.281921  
	95	  224.830643	  164.069244	  341.725677  
	96	  244.830307	  200.088348	  184.112961  
	98	  83.846916	  128.769409	  266.021057  
	102	  220.509811	  182.324677	  317.924530  
	103	  105.024361	  140.473907	  30.051367  
	105	  150.707870	  290.929474	  381.664368  
	106	  217.081100	  241.409241	  344.860535  
	107	  273.750275	  152.695541	  215.177505  
	108	  136.927429	  191.018127	  185.629913  
	109	  32.017731	  217.785797	  148.888901  
	110	  119.441673	  124.754181	  248.436646  
	111	  112.920822	  168.233276	  233.891724  
	113	  167.951401	  235.106140	  119.934639  
	114	  163.304443	  154.101028	  240.851624  
	115	  97.703407	  80.263390	  480.241333  
	116	  241.111649	  145.486221	  382.486694  
	117	  235.382156	  148.618530	  336.417816  
	118	  261.140167	  200.618057	  180.806808  
	119	  48.938644	  90.066719	  62.175777  
	121	  200.393814	  173.972183	  243.527863  
	122	  104.912933	  119.991852	  391.726074  
	123	  238.365799	  220.116394	  158.583313  
	124	  83.344940	  97.865379	  406.854187  
	125	  86.835968	  122.995186	  235.611359  
	129	  88.972046	  106.650429	  59.369396  
	130	  95.556221	  157.393692	  218.653610  
	131	  206.431381	  166.077682	  384.985138  
	132	  128.037277	  137.318619	  499.995697  
	133	  212.581696	  185.984238	  430.136963  
	135	  104.499947	  155.255661	  21.038462  
	137	  136.568588	  290.419434	  373.210419  
	138	  212.302612	  255.952332	  355.210938  
	139	  27.022095	  147.331985	  209.037903  
	140	  120.972343	  189.505997	  199.643295  
	141	  48.011246	  217.535324	  144.262665  
	142	  127.790512	  130.821075	  233.569611  
	145	  153.584473	  239.645737	  116.609085  
	146	  147.928650	  157.581345	  236.216125  
	147	  89.840309	  65.291901	  474.719635  
	148	  250.760849	  132.151215	  384.995300  
	149	  248.651474	  138.628815	  329.223572  
	150	  275.911713	  201.595444	  173.185440  
	152	  71.058228	  160.022293	  267.187134  
	153	  117.346680	  123.027893	  382.986633  
	154	  243.292419	  231.049973	  171.941010  
	155	  89.472511	  81.542351	  410.528198  
	156	  86.639412	  127.189972	  252.982513  
	157	  240.168564	  166.457153	  316.313141  
	158	  231.194351	  186.707855	  116.863777  
	159	  87.385384	  92.413078	  67.854843  
	160	  95.724083	  169.543213	  216.068787  
	161	  192.182358	  158.667572	  389.375793  
	162	  128.323608	  121.123459	  496.141174  
	163	  201.354736	  178.947372	  426.747589  
	165	  195.844955	  182.146057	  172.670380  
	166	  201.076736	  191.287811	  69.279129  
	167	  189.138000	  180.669632	  258.082886  
	168	  65.535782	  91.917618	  77.656403  
	169	  40.563232	  72.867332	  379.423431  
	170	  206.059814	  155.476913	  349.690948  
	171	  269.641541	  225.431946	  154.829224  
	173	  99.741623	  169.371216	  15.147343  
	174	  245.203522	  62.819298	  364.458771  
	175	  78.406830	  41.501381	  370.943573  
	176	  39.195496	  146.022415	  197.754471  
	177	  114.049637	  188.242172	  208.784576  
	178	  62.653290	  217.179779	  144.421173  
	179	  137.337860	  134.265854	  220.370972  
	180	  124.275040	  198.913757	  243.910629  
	182	  141.974716	  250.530777	  111.714981  
	183	  133.614807	  160.123901	  227.503876  
	184	  81.127647	  58.562576	  467.078705  
	185	  259.214539	  120.595428	  393.493622  
	186	  262.919830	  131.738266	  324.109192  
	187	  30.280312	  207.358276	  167.266907  
	188	  161.995926	  285.833252	  57.055721  
	189	  62.188148	  173.164612	  266.454529  
	190	  129.126526	  135.658813	  380.459564  
	191	  121.524811	  16.683670	  183.252106  
	192	  94.420525	  66.080765	  409.613037  
	193	  254.227585	  157.617935	  317.510956  
	194	  249.842529	  179.130203	  126.083244  
	195	  86.404655	  78.659416	  77.187439  
	196	  98.416862	  189.032669	  211.217697  
	197	  179.409821	  151.821167	  397.574066  
	198	  131.163803	  108.832436	  485.274414  
	199	  188.593536	  168.514359	  429.098480  
	200	  68.549278	  119.267136	  405.541687  
	201	  212.139236	  174.127197	  177.970215  
	202	  184.407684	  189.967026	  76.155243  
	203	  183.282578	  196.776672	  257.225342  
	204	  55.454132	  78.989891	  81.189476  
	205	  170.541656	  286.708557	  368.303894  
	206	  204.327087	  141.573273	  352.562164  
	207	  258.216156	  235.927261	  160.873352  
	208	  230.105621	  179.216431	  342.782532  
	210	  238.692902	  174.160767	  389.071960  
	211	  243.390503	  149.252060	  378.504150  
	212	  223.348068	  143.283890	  340.405121  
	213	  123.950165	  161.635468	  225.363220  
	214	  168.105362	  249.308243	  124.122528  
	216	  110.551842	  117.933701	  399.739685  
	220	  96.201736	  185.604340	  14.062160  
	221	  237.409393	  65.350021	  358.210632  
	222	  74.649002	  52.898163	  382.485443  
	223	  46.597054	  141.942383	  184.236023  
	224	  103.235016	  189.460892	  221.385422  
	225	  80.912605	  218.900665	  140.310028  
	226	  150.225540	  131.784607	  209.034286  
	227	  136.328827	  207.875992	  249.064804  
	228	  133.270401	  263.545624	  106.051804  
	229	  74.743706	  45.220894	  455.050537  
	230	  270.293335	  113.512627	  406.641571  
	231	  276.942108	  122.893631	  324.184631  
	232	  46.023804	  206.603683	  159.478607  
	233	  152.673447	  273.146942	  56.358467  
	234	  51.212326	  185.449066	  264.036652  
	235	  143.028305	  147.070786	  376.535522  
	237	  94.907715	  54.366325	  405.550812  
	238	  269.685089	  147.426987	  315.939240  
	239	  259.194855	  176.508453	  134.032486  
	240	  84.432404	  64.099648	  85.019798  
	241	  107.526871	  202.375778	  209.422211  
	242	  165.581299	  147.373093	  405.710968  
	243	  138.769974	  97.291428	  475.991425  
	244	  176.694672	  163.336197	  432.303741  
	245	  62.660301	  122.601036	  419.575256  
	246	  225.052490	  168.344543	  180.099106  
	247	  173.498413	  180.353668	  82.080177  
	248	  181.356537	  214.147064	  260.509491  
	249	  44.766579	  67.720566	  89.251633  
	250	  166.453903	  274.709290	  357.508972  
	251	  196.435486	  129.511948	  352.656250  
	252	  116.958351	  20.575842	  167.862442  
	253	  245.216599	  175.530075	  337.658875  
	254	  78.940331	  146.033310	  61.678429  
	255	  233.492157	  189.990356	  393.427979  
	256	  253.392883	  139.203033	  369.775360  
	257	  127.469528	  156.800446	  213.002914  
	258	  167.606445	  265.815491	  126.240181  
	260	  121.079063	  123.205994	  411.512665  
	261	  94.494339	  124.188873	  277.349182  
	262	  84.669449	  125.829903	  119.427925  
	263	  230.280762	  205.064560	  300.287964  
	264	  201.031296	  192.481079	  207.568787  
	266	  226.365189	  235.916870	  342.555664  
	267	  65.156502	  148.191162	  269.847504  
	268	  69.731270	  97.742889	  407.762726  
	270	  41.597992	  100.622704	  60.580643  
	271	  229.375336	  191.453110	  69.507080  
	272	  220.375168	  178.065460	  336.991669  
	273	  236.184036	  57.830482	  362.834808  
	274	  123.359657	  191.294891	  228.924637  
	275	  121.580666	  110.467865	  377.330811  
	276	  194.381256	  152.515488	  348.204773  
	277	  99.302101	  201.958084	  13.655693  
	278	  225.017624	  67.507195	  347.824066  
	279	  69.701385	  65.465111	  392.781067  
	280	  51.023117	  131.081161	  171.807266  
	281	  88.463989	  192.248337	  228.545685  
	282	  99.944427	  221.217438	  138.520401  
	283	  162.011551	  128.540695	  198.758575  
	284	  151.710617	  213.344711	  249.188400  
	285	  125.553352	  275.972382	  103.979080  
	286	  202.388733	  255.425034	  447.800018  
	287	  274.914093	  107.014542	  420.348907  
	288	  25.983887	  110.378555	  330.502838  
	289	  55.829380	  210.226120	  148.063538  
	290	  149.789963	  259.113129	  49.795238  
	291	  35.662941	  191.398590	  263.831085  
	292	  154.957932	  155.526947	  374.499908  
	293	  146.580246	  33.664902	  196.292526  
	294	  96.831879	  34.554688	  399.753448  
	295	  22.354919	  142.232697	  308.848511  
	296	  272.352600	  171.849762	  141.655762  
	297	  81.361465	  50.675560	  94.378525  
	298	  109.325996	  220.247131	  209.703354  
	299	  153.671524	  138.092224	  412.728485  
	300	  140.316162	  86.246216	  463.840729  
	301	  165.010849	  146.691971	  436.700806  
	302	  55.346481	  131.674103	  433.026672  
	303	  237.909424	  162.375992	  189.706436  
	304	  161.785675	  174.018967	  92.075470  
	305	  186.704712	  228.175034	  263.899841  
	306	  166.992767	  284.931213	  99.176270  
	307	  163.118790	  259.482147	  351.658051  
	308	  189.968674	  112.615364	  347.591553  
	309	  104.810867	  26.239403	  178.801849  
	310	  260.178192	  168.280243	  338.560669  
	311	  74.078323	  160.020035	  54.065628  
	312	  229.270294	  201.478409	  401.197418  
	313	  264.175659	  129.598190	  361.486755  
	314	  126.727936	  147.194977	  200.280273  
	315	  164.445221	  281.708679	  127.197975  
	316	  134.708542	  131.776108	  420.725830  
	317	  103.736229	  136.257660	  284.641785  
	318	  81.589439	  145.095749	  118.838127  
	319	  246.180420	  213.732513	  301.556061  
	320	  187.784317	  198.715927	  215.265900  
	321	  238.606934	  227.571335	  334.958679  
	322	  47.732147	  140.005280	  268.971527  
	323	  53.090199	  101.800987	  415.021637  
	324	  35.118031	  116.152153	  58.271042  
	325	  246.566513	  186.543335	  68.404999  
	326	  221.871033	  51.534027	  357.115112  
	327	  127.949257	  198.043396	  215.605362  
	328	  127.968857	  95.699615	  373.051544  
	329	  177.537872	  151.618073	  345.436890  
	330	  227.101593	  168.189819	  306.787170  
	331	  226.178040	  199.850739	  288.426025  
	332	  69.363998	  159.027252	  277.278473  
	333	  214.326080	  188.028748	  335.352081  
	336	  85.407761	  112.645386	  112.609070  
	337	  100.701874	  218.450546	  11.849691  
	338	  216.998260	  77.500999	  337.729340  
	339	  70.159767	  80.732750	  399.511322  
	340	  58.396103	  122.567009	  158.827179  
	341	  77.795647	  202.016052	  236.791946  
	342	  113.601906	  223.574646	  137.550781  
	343	  172.399536	  121.142014	  188.054764  
	344	  165.961548	  214.817154	  241.361267  
	345	  241.018066	  62.877449	  103.819199  
	346	  201.171722	  241.034393	  441.871063  
	348	  34.485023	  95.727516	  334.148529  
	349	  144.605835	  244.832825	  42.981979  
	350	  21.631180	  200.361099	  263.904510  
	351	  164.640457	  162.305908	  369.496704  
	352	  159.170853	  35.522202	  206.697968  
	353	  232.609787	  244.989075	  393.514923  
	354	  37.286652	  136.084198	  304.791199  
	355	  26.172791	  171.845505	  152.657166  
	356	  208.636978	  265.435028	  101.251343  
	357	  115.392754	  235.060226	  214.284760  
	358	  135.265030	  72.229858	  456.765839  
	359	  156.596375	  132.364685	  435.629211  
	360	  46.644623	  141.818726	  442.955750  
	361	  250.131287	  154.825150	  196.550354  
	362	  155.313477	  165.567673	  104.878159  
	363	  187.962006	  243.878250	  269.289734  
	364	  161.689743	  280.272400	  115.931938  
	365	  160.790619	  243.225220	  348.916840  
	366	  178.447647	  99.474113	  344.932495  
	367	  220.303955	  256.890808	  184.934998  
	368	  274.801239	  160.877243	  335.630676  
	369	  68.431732	  174.799377	  48.878197  
	370	  224.649857	  215.280304	  409.283325  
	371	  275.864166	  118.749100	  356.701477  
	372	  129.068771	  134.879654	  188.673859  
	373	  34.118011	  72.976234	  132.134491  
	374	  142.588165	  139.303833	  431.100983  
	375	  116.537392	  141.385574	  290.329407  
	376	  75.261093	  160.413361	  117.242699  
	377	  257.636108	  225.199814	  300.418762  
	378	  180.326706	  211.538132	  223.316269  
	379	  252.245270	  224.803635	  325.817657  
	380	  32.595810	  133.069702	  269.079193  
	381	  39.085297	  99.480843	  420.377838  
	382	  26.722046	  131.129272	  57.834270  
	383	  261.052124	  178.987793	  65.195190  
	384	  207.983765	  49.248821	  348.274536  
	385	  137.040161	  204.032059	  203.007187  
	386	  137.181519	  83.719223	  366.064453  
	387	  162.242004	  147.106552	  340.650940  
	388	  231.275345	  159.767426	  292.981506  
	389	  214.374161	  186.773895	  276.940918  
	390	  72.234879	  170.757843	  288.740295  
	391	  203.467590	  197.730270	  327.362793  
	392	  204.342224	  199.787506	  132.675293  
	393	  243.745728	  165.925995	  484.422333  
	394	  180.257462	  151.018616	  255.971344  
	395	  139.096710	  202.800201	  188.184189  
	396	  99.000725	  127.414238	  395.328278  
	397	  95.395287	  103.605316	  114.049149  
	398	  244.252579	  218.836487	  149.790466  
	399	  90.932007	  65.805305	  409.513794  
	400	  80.395653	  94.817162	  412.810516  
	401	  181.459259	  199.853271	  84.115417  
	403	  74.766632	  114.716782	  62.250755  
	404	  24.664063	  112.516655	  409.869659  
	405	  201.466690	  109.609261	  342.316559  
	406	  96.440170	  234.072983	  7.976738  
	407	  209.914413	  87.037529	  325.120331  
	408	  60.920059	  108.035881	  151.140381  
	409	  67.458786	  209.942291	  247.162415  
	410	  128.928619	  225.515610	  138.291199  
	411	  176.245270	  117.262581	  172.674088  
	412	  180.116882	  217.561508	  233.035553  
	413	  230.972305	  76.114624	  104.859573  
	414	  195.287079	  223.982971	  439.877441  
	416	  40.584877	  80.833664	  331.253937  
	417	  137.096298	  230.260513	  40.070484  
	418	  267.141907	  208.685242	  265.783234  
	419	  176.974777	  170.326691	  357.002472  
	420	  171.187744	  34.866692	  217.347122  
	421	  234.784332	  230.294418	  386.135284  
	422	  51.885605	  136.644958	  299.860382  
	423	  35.355118	  165.251190	  164.881012  
	424	  194.925446	  252.954590	  109.808517  
	425	  117.684937	  250.108841	  221.030701  
	426	  130.980957	  62.115799	  444.351563  
	427	  150.023834	  117.116341	  434.399506  
	428	  34.601395	  152.225983	  447.841675  
	429	  259.133972	  144.564484	  206.084106  
	430	  152.154083	  155.035324	  118.368668  
	431	  187.215515	  260.500244	  269.901733  
	432	  162.035599	  227.716568	  347.986237  
	433	  167.585678	  87.741173	  340.287262  
	434	  205.022247	  259.007996	  191.196716  
	435	  28.544525	  153.245819	  329.684540  
	436	  58.733261	  188.297012	  47.890251  
	437	  227.168304	  228.321091	  419.324127  
	438	  24.360992	  105.765465	  350.401947  
	439	  130.713821	  127.211990	  173.412628  
	440	  33.930183	  89.619797	  132.557693  
	441	  151.970963	  150.685043	  438.824554  
	442	  129.778915	  148.106506	  301.222351  
	443	  70.348824	  176.097382	  114.577446  
	444	  142.875824	  7.512695	  300.030243  
	445	  174.371475	  224.464615	  231.957092  
	446	  268.394592	  222.430618	  322.532715  
	447	  275.813873	  128.186295	  264.472900  
	448	  24.621464	  105.392639	  423.907227  
	449	  279.749634	  146.300858	  56.796474  
	450	  275.416992	  172.316101	  55.188198  
	451	  195.337082	  54.698483	  341.826202  
	452	  151.694901	  207.962311	  196.150482  
	453	  147.973206	  71.580673	  362.401428  
	454	  149.955124	  138.317795	  333.650024  
	455	  240.106079	  148.852676	  284.031158  
	456	  75.469788	  184.738022	  297.184967  
	457	  191.168793	  202.533417	  317.219238  
	458	  197.589584	  211.759308	  142.912781  
	459	  258.324615	  158.205551	  486.674713  
	460	  169.717773	  139.236267	  261.197601  
	461	  140.194672	  219.397705	  187.449387  
	462	  89.543343	  141.017197	  396.983612  
	463	  106.223900	  88.306808	  116.399803  
	464	  247.430893	  214.160736	  134.129745  
	465	  71.672844	  108.908363	  411.221283  
	466	  173.154846	  207.490387	  98.958305  
	468	  72.254265	  100.249306	  59.904270  
	469	  40.679070	  111.744690	  413.863861  
	470	  216.901489	  111.044426	  337.260468  
	471	  205.474777	  204.776077	  173.314041  
	472	  210.713531	  256.462982	  341.976013  
	473	  113.897491	  194.835266	  205.334885  
	474	  27.898773	  219.884995	  172.523270  
	475	  277.185272	  140.364044	  325.661133  
	476	  261.339569	  174.799438	  126.662201  
	477	  63.545311	  59.410156	  401.897430  
	478	  271.231293	  161.017197	  137.152954  
	479	  175.455734	  173.178696	  426.791351  
	480	  228.757111	  197.731857	  385.734406  
	481	  209.262527	  248.123398	  432.487396  
	482	  35.717758	  93.805428	  349.101563  
	483	  89.810905	  44.489044	  95.744209  
	484	  118.826012	  136.105545	  281.077515  
	485	  95.545761	  250.396515	  11.133460  
	486	  205.370132	  97.497414	  314.288971  
	487	  65.116829	  92.490158	  146.904800  
	488	  55.479866	  213.185410	  258.722900  
	489	  144.604065	  234.626511	  134.885254  
	490	  184.079620	  112.125778	  158.261078  
	491	  189.552490	  218.361450	  219.340591  
	492	  217.331375	  85.134109	  101.729660  
	493	  189.955414	  208.244110	  440.918640  
	495	  49.567062	  66.821808	  331.712921  
	496	  133.366638	  214.033752	  40.003498  
	497	  252.413239	  215.342545	  269.779388  
	498	  185.636597	  175.778336	  343.869507  
	499	  182.991882	  29.623856	  228.861328  
	500	  239.594406	  214.463013	  387.297882  
	501	  66.125847	  137.592331	  289.156006  
	503	  183.521545	  240.700195	  115.590462  
	504	  119.649452	  261.303802	  235.112961  
	505	  128.493073	  50.871323	  432.185516  
	506	  141.556137	  102.791046	  434.953217  
	507	  20.606491	  160.142548	  452.165222  
	508	  267.506226	  132.609268	  214.096634  
	509	  147.564789	  149.920441	  132.948242  
	510	  186.375778	  276.904114	  267.175781  
	511	  166.062637	  211.003693	  352.554138  
	512	  157.573318	  74.471664	  339.341003  
	513	  192.180664	  261.605957	  201.471283  
	514	  38.044609	  147.140381	  317.449554  
	515	  49.144470	  201.832428	  46.451572  
	516	  229.945282	  237.426025	  432.984680  
	517	  128.453812	  121.590782	  158.482864  
	518	  31.056007	  105.587852	  134.387009  
	519	  157.934219	  165.747864	  442.668182  
	520	  142.632217	  154.823181	  309.401672  
	521	  60.382973	  189.480759	  110.898720  
	522	  155.285019	  17.022064	  294.302582  
	523	  171.217194	  236.927017	  242.538284  
	524	  24.436218	  222.697723	  317.438354  
	525	  263.250549	  120.687790	  259.178223  
	526	  278.926483	  162.379272	  53.084553  
	527	  24.674072	  169.050568	  44.835068  
	528	  178.348953	  56.796021	  335.894806  
	529	  165.538055	  216.588730	  192.965454  
	530	  157.984634	  59.116173	  355.353912  
	531	  141.421906	  129.242767	  322.602386  
	532	  252.386490	  139.476639	  277.825989  
	533	  81.141296	  198.607529	  304.444000  
	534	  178.211151	  206.152420	  307.409821  
	535	  191.896622	  224.242416	  152.345947  
	536	  273.500793	  151.568939	  488.366364  
	537	  161.164902	  126.928665	  268.449768  
	538	  143.877502	  234.610733	  184.128708  
	539	  78.555901	  153.252533	  394.376862  
	540	  114.714569	  74.822952	  121.228539  
	541	  248.484680	  211.164383	  117.880180  
	542	  164.579376	  209.229233	  111.145569  
	544	  75.451340	  84.686417	  54.924549  
	545	  232.618973	  109.336494	  341.247986  
	546	  214.239563	  217.087036	  179.595032  
	547	  208.784195	  254.646057	  325.538513  
	548	  152.396133	  9.936752	  177.153351  
	549	  28.788483	  134.061005	  336.019104  
	550	  279.511993	  173.610840	  126.581993  
	551	  186.214554	  272.737640	  411.312103  
	552	  269.233459	  144.496399	  136.610580  
	553	  178.022827	  188.203888	  420.353790  
	554	  218.684647	  206.444107	  375.741150  
	555	  217.431335	  254.550705	  419.480377  
	556	  41.124817	  86.162018	  363.036530  
	557	  105.146935	  47.470139	  89.987320  
	558	  118.706245	  126.800583	  267.270782  
	559	  278.420898	  163.889160	  211.407303  
	560	  195.723907	  175.239838	  270.299622  
	561	  48.238701	  156.158188	  183.826202  
	562	  197.745728	  142.661819	  352.588654  
	563	  89.542000	  113.692238	  120.195351  
	564	  118.111778	  29.139931	  156.468704  
	566	  114.257584	  150.501968	  199.388504  
	567	  158.176575	  267.619141	  120.934387  
	568	  172.092361	  222.107620	  105.477852  
	569	  87.034317	  116.064873	  287.531281  
	570	  213.575027	  185.521393	  229.446030  
	573	  93.337929	  266.896698	  10.830028  
	574	  200.785797	  112.834618	  309.708954  
	575	  74.145714	  79.335403	  142.145172  
	576	  45.166733	  218.719101	  270.251495  
	577	  156.612259	  242.847824	  139.972595  
	578	  193.180008	  106.645500	  145.440308  
	579	  195.087265	  219.111038	  203.760376  
	580	  204.369232	  93.019455	  94.872078  
	581	  180.716400	  194.532715	  438.953674  
	583	  61.760197	  55.528080	  331.325348  
	584	  127.335945	  198.669678	  42.194069  
	585	  237.962326	  219.592636	  276.873779  
	586	  190.221848	  179.490601	  328.299744  
	587	  189.852051	  24.994820	  243.308899  
	588	  241.865112	  197.986862	  386.521576  
	589	  82.487015	  137.412384	  286.073425  
	590	  55.087158	  165.955673	  191.386993  
	591	  124.181831	  271.510559	  245.671906  
	592	  122.473412	  40.381310	  420.742371  
	593	  133.470154	  88.248413	  434.360504  
	594	  267.236023	  169.847870	  455.225800  
	595	  276.045319	  121.169922	  222.666809  
	596	  145.753555	  138.358612	  144.791641  
	597	  52.769180	  68.107094	  266.188263  
	598	  164.356720	  198.543610	  363.416077  
	599	  148.187683	  62.120369	  333.293060  
	600	  182.095398	  267.100677	  213.298325  
	601	  40.008064	  215.585831	  44.308598  
	602	  230.655045	  244.352798	  448.108795  
	603	  129.106445	  115.363251	  143.055145  
	604	  27.459503	  121.799324	  137.203644  
	605	  161.651016	  180.912415	  448.451263  
	606	  152.329147	  167.528580	  314.066956  
	607	  48.823395	  199.377701	  105.895630  
	608	  167.193207	  25.398376	  286.224518  
	609	  165.468399	  250.778061	  249.771713  
	610	  39.578590	  224.917252	  310.497559  
	611	  248.138947	  114.230843	  256.500580  
	612	  35.431122	  160.526840	  35.408806  
	613	  163.650894	  56.008179	  328.112213  
	614	  179.465149	  223.770523	  198.501663  
	615	  171.281723	  52.872208	  349.825073  
	616	  133.468964	  121.567596	  310.150879  
	617	  263.514618	  130.993149	  268.802795  
	618	  87.776718	  211.317230	  312.909058  
	619	  164.035309	  211.850739	  300.791901  
	620	  184.527313	  235.226257	  162.458862  
	621	  29.541077	  146.543076	  489.264984  
	622	  148.932022	  117.390274	  274.499420  
	623	  147.845230	  251.367737	  182.761871  
	624	  63.813896	  159.202515	  389.427765  
	625	  121.319870	  60.485046	  126.521629  
	626	  244.613052	  201.491867	  105.118233  
	627	  153.362366	  214.075165	  122.455650  
	629	  79.880280	  69.158768	  50.862625  
	630	  247.653564	  102.525810	  343.438477  
	631	  222.757462	  230.138885	  185.996643  
	632	  209.595490	  247.826935	  310.248566  
	633	  142.475800	  21.286102	  184.208405  
	634	  38.406883	  125.152840	  346.283295  
	635	  34.071564	  170.624710	  125.466431  
	636	  183.805573	  257.195496	  416.776672  
	637	  263.719696	  130.262070	  129.597580  
	638	  178.442322	  197.741547	  406.839142  
	639	  205.890045	  215.394730	  369.961243  
	640	  121.366852	  45.794716	  86.621338  
	641	  23.781799	  179.213333	  207.447693  
	642	  196.799484	  164.535248	  283.006989  
	643	  113.044640	  40.483528	  145.581879  
	644	  99.826118	  155.665771	  194.162766  
	645	  156.340668	  252.598480	  127.188278  
	646	  208.254364	  199.898880	  233.478394  
	648	  157.788010	  201.029663	  179.436203  
	649	  102.975380	  143.943298	  211.906647  
	650	  46.985336	  207.910278	  136.218536  
	651	  144.413727	  162.820816	  248.552750  
	652	  117.006622	  161.602020	  21.207085  
	653	  218.201279	  165.663742	  186.793762  
	654	  172.147552	  219.559448	  269.949249  
	655	  227.917969	  209.941391	  277.529572  
	656	  44.359924	  121.760323	  179.223938  
	657	  112.996147	  224.471817	  141.170013  
	658	  139.344940	  273.061188	  102.749779  
	659	  157.431412	  153.544312	  375.215546  
	660	  234.566971	  165.125031	  202.004852  
	661	  251.698990	  230.513596	  289.504578  
	662	  206.958054	  58.141151	  334.986328  
	663	  60.175995	  112.978844	  64.095078  
	664	  110.814148	  262.262726	  245.878860  
	665	  28.657558	  183.525070	  123.037041  
	666	  175.327286	  233.772491	  112.588066  
	667	  212.960007	  185.667984	  211.420212  
	668	  222.166870	  58.378548	  8.728642  
	669	  197.160782	  126.442795	  300.826416  
	670	  86.418922	  68.162117	  140.822876  
	671	  32.272018	  219.199921	  280.773743  
	672	  169.437073	  253.459167	  139.590363  
	673	  200.261902	  101.591103	  131.244461  
	674	  204.586273	  212.445847	  192.134949  
	675	  191.210403	  96.512352	  85.287338  
	676	  175.126144	  178.984100	  436.901337  
	678	  198.271225	  266.931580	  324.451447  
	679	  117.801704	  185.026459	  41.765705  
	680	  222.353607	  220.783661	  282.545776  
	681	  192.630371	  185.532181	  312.972626  
	682	  63.514771	  245.612549	  258.970886  
	683	  67.444328	  176.233826	  195.732391  
	684	  135.283478	  280.325745	  254.405090  
	685	  117.445778	  28.871986	  409.811646  
	686	  126.773521	  73.670708	  437.647156  
	687	  255.599899	  181.730209	  456.021667  
	688	  24.989685	  111.563194	  233.075272  
	689	  140.529556	  132.127182	  159.320984  
	690	  43.587326	  81.689575	  263.284393  
	691	  158.405518	  188.403137	  375.204895  
	692	  137.862595	  55.365639	  322.113220  
	693	  180.818970	  270.242035	  229.431717  
	694	  30.246735	  228.931122	  42.348488  
	695	  226.303177	  248.944199	  463.510193  
	696	  128.754227	  108.718620	  127.792534  
	697	  27.857803	  138.419754	  136.295151  
	698	  167.881363	  194.195557	  456.322968  
	699	  161.117050	  181.595047	  315.526337  
	700	  33.734497	  203.432449	  100.141785  
	701	  179.444183	  34.010300	  278.946411  
	702	  162.610413	  266.657593	  253.882080  
	703	  50.921661	  230.040665	  299.524414  
	704	  232.790375	  109.452431	  252.186661  
	705	  41.594757	  150.321716	  23.786083  
	706	  151.393112	  56.672714	  316.863770  
	707	  190.455093	  235.830948	  201.816696  
	708	  182.218597	  40.633896	  347.026733  
	709	  119.455696	  115.254921	  303.749603  
	710	  96.317047	  223.815094	  319.843658  
	711	  149.315186	  215.032654	  293.849487  
	712	  180.344543	  248.921249	  170.954407  
	713	  46.134682	  147.497681	  490.246552  
	714	  136.323502	  109.013435	  281.433105  
	715	  150.797546	  267.014099	  178.572250  
	716	  51.477692	  164.701370	  379.691071  
	717	  126.197098	  46.699791	  133.244110  
	718	  238.565201	  200.558884	  89.722214  
	719	  141.625366	  215.792145	  134.505219  
	721	  84.018181	  52.577641	  48.441143  
	722	  263.234467	  96.657028	  343.314911  
	723	  229.599930	  243.973068	  192.243134  
	724	  213.154602	  236.177383	  298.897644  
	725	  49.118126	  114.397537	  353.125458  
	726	  50.046738	  169.180679	  121.409096  
	727	  175.873672	  243.054749	  420.564392  
	728	  254.069458	  117.310104	  125.683540  
	729	  175.370972	  206.655807	  393.115967  
	730	  196.605103	  224.621872	  359.679169  
	731	  137.877930	  47.859001	  87.208946  
	732	  32.848328	  192.121140	  202.117676  
	733	  202.023529	  155.970901	  296.295471  
	734	  110.085800	  50.821732	  132.870102  
	735	  84.042114	  159.256287	  194.987228  
	736	  201.792480	  214.253021	  238.902878  
	737	  74.457382	  135.726044	  238.524719  
	738	  151.295547	  214.699097	  186.380035  
	739	  39.197701	  195.774689	  126.039719  
	740	  134.933777	  165.331848	  262.008148  
	741	  125.996834	  174.614960	  26.080462  
	742	  224.081314	  155.299576	  198.422684  
	743	  158.215302	  220.542435	  278.994812  
	744	  230.640106	  218.326324	  263.404938  
	745	  37.388046	  113.596603	  191.950653  
	746	  155.569656	  267.861389	  100.381668  
	747	  228.733902	  168.459366	  216.994019  
	748	  246.247421	  238.599182	  276.009155  
	749	  218.067001	  58.708527	  322.597137  
	750	  105.010605	  263.536163	  261.432617  
	751	  41.227505	  191.606644	  118.085159  
	752	  90.870224	  118.702141	  166.011124  
	753	  200.817215	  177.414963	  212.383270  
	754	  164.376053	  140.979111	  231.969086  
	755	  249.948929	  222.040665	  164.014648  
	756	  96.589790	  156.499146	  214.308929  
	757	  96.677704	  168.388626	  228.659485  
	758	  119.640129	  199.955246	  217.262436  
	759	  33.969025	  71.659225	  96.477020  
	760	  182.966553	  183.492737	  218.460907  
	761	  215.204941	  187.637238	  66.788231  
	762	  163.372620	  124.977028	  169.933609  
	763	  156.760193	  140.237671	  120.313286  
	764	  150.890060	  235.858063	  341.454681  
	765	  160.535995	  45.866722	  361.666565  
	766	  123.907608	  20.171692	  145.886612  
	767	  223.623138	  74.800407	  11.057651  
	768	  196.993622	  138.480164	  289.324402  
	769	  99.610855	  58.206711	  142.844086  
	770	  19.105942	  217.749374	  290.862000  
	771	  182.626419	  260.338196	  132.110901  
	772	  203.319275	  97.391975	  115.425415  
	773	  178.833908	  100.832764	  75.021912  
	774	  106.565834	  174.303558	  35.765957  
	775	  207.316956	  217.863922	  289.072418  
	776	  196.157150	  195.015274	  299.749329  
	777	  64.884354	  243.656311	  275.448730  
	778	  83.187622	  181.622498	  195.154816  
	779	  146.862411	  291.409149	  258.911652  
	780	  113.973015	  15.215831	  400.941925  
	781	  242.377853	  191.364990	  459.115387  
	782	  36.030884	  105.205292	  243.794022  
	783	  37.189907	  97.007484	  264.571747  
	784	  151.166534	  179.669907	  387.393005  
	785	  129.522659	  46.832447	  310.500610  
	786	  176.631500	  269.869873	  245.542236  
	787	  18.944599	  241.136383	  41.630135  
	788	  220.225342	  250.344421	  478.947876  
	789	  129.283325	  98.304504	  114.812210  
	790	  22.495300	  154.157120	  135.399902  
	791	  171.327637	  210.154419	  459.587982  
	792	  173.877319	  191.948105	  312.840759  
	793	  18.462458	  204.313446	  93.568260  
	794	  192.160034	  44.756947	  279.144989  
	795	  161.186951	  283.238525	  254.400650  
	796	  60.495750	  232.934784	  286.213379  
	797	  221.436768	  97.366058	  250.759583  
	798	  44.981464	  135.741745	  16.493807  
	799	  139.251755	  51.778633	  306.575043  
	800	  203.394852	  246.072647	  204.028687  
	801	  192.839005	  28.468636	  342.972626  
	802	  105.465225	  106.652321	  301.013824  
	803	  96.552040	  238.702866	  327.294922  
	804	  133.697906	  214.430267	  287.821350  
	805	  174.827209	  260.948608	  181.060043  
	806	  62.018593	  148.802200	  495.065491  
	807	  122.995255	  101.017822	  287.403900  
	808	  161.698761	  278.742737	  182.403656  
	809	  40.759216	  176.676956	  375.341095  
	810	  127.111504	  29.978809	  136.791779  
	811	  91.412788	  38.302078	  47.225361  
	812	  277.832916	  88.662956	  343.764587  
	813	  235.692764	  258.222839	  198.329529  
	814	  210.935120	  227.035461	  285.160034  
	815	  57.671227	  102.799652	  361.465485  
	816	  64.710220	  164.597061	  127.551262  
	817	  170.124969	  230.480927	  429.841980  
	818	  247.058746	  102.710403	  121.820724  
	819	  177.742813	  216.890915	  380.199341  
	820	  184.104996	  235.378967	  357.420074  
	821	  153.071518	  53.650951	  83.626938  
	822	  37.723740	  207.114487	  196.764893  
	823	  207.607498	  144.759369	  307.265594  
	824	  106.373245	  63.472450	  122.701584  
	825	  67.520309	  162.311325	  191.733322  
	826	  192.648026	  227.058945	  244.344345  
	827	  60.993343	  142.277863	  245.805908  
	828	  122.346146	  164.251160	  272.852783  
	829	  138.683319	  185.370682	  26.848757  
	830	  222.104019	  144.057785	  210.544357  
	831	  230.418579	  224.671997	  248.013199  
	832	  27.514538	  105.350235	  202.521072  
	833	  172.110535	  269.764099	  100.419960  
	834	  240.172653	  247.539642	  263.344727  
	835	  230.061569	  55.046043	  311.645477  
	836	  95.001114	  268.345245	  273.838470  
	837	  91.748413	  125.389740	  150.788528  
	838	  186.418762	  169.069260	  212.889465  
	839	  169.409698	  126.548141	  225.363632  
	840	  95.866081	  171.093643	  245.068222  
	841	  22.359594	  80.527222	  104.464645  
	842	  180.541473	  167.020416	  218.394974  
	843	  147.331589	  125.252213	  165.487106  
	844	  161.846527	  125.702423	  126.644020  
	845	  139.200287	  243.722092	  332.581757  
	846	  163.782959	  31.446365	  369.330322  
	847	  131.635727	  11.817924	  133.732880  
	848	  233.605972	  200.050674	  165.556625  
	849	  119.895264	  144.279541	  33.444592  
	850	  273.025116	  188.468369	  164.422821  
	851	  161.679871	  140.030701	  202.154312  
	852	  206.219879	  184.184998	  128.938004  
	853	  214.769394	  99.295959	  317.300751  
	854	  44.034134	  202.199036	  259.060089  
	855	  165.259155	  46.378628	  207.986328  
	856	  39.587624	  101.671089	  146.593811  
	857	  159.490875	  259.259369	  108.207993  
	858	  273.838776	  126.399567	  117.519592  
	859	  48.057961	  211.388626	  312.825317  
	860	  136.265610	  54.352779	  123.993553  
	861	  144.171021	  217.240891	  150.442169  
	862	  77.921143	  38.285507	  44.751736  
	863	  93.840393	  169.894562	  201.292328  
	864	  134.756836	  285.470856	  111.183609  
   2  total number of boundary nodes
node bctyp press/flow   HD    PO2
	1	  0	  100.000000	  0.400000	  100.000000
	14	  0	  20.000000	  0.400000	  18.000000

