314173 2 0.100000 Current network file generated by angioadapt
  300.000000  300.000000  500.000000	box dimensions in microns
  15    15    25 	number of tissue points in x,y,z directions
  0.000000			outer bound distance (100. in test case)
  75.000000				max. segment length.  (5. in test case)
   40				nodsegm, max. number of segments per node
  76				total number of segments 
  name type from  to  diam       flow
	1	  4	  1	  2	  7.000000	  29.738260	  0.400000  
	2	  3	  2	  3	  6.998284	  29.738260	  0.400000  
	3	  1	  3	  4	  8.000000	  0.000000	  0.400000  
	4	  1	  4	  5	  8.000000	  0.000000	  0.400000  
	5	  1	  5	  26	  8.000000	  0.000000	  0.400000  
	6	  1	  6	  7	  8.000000	  0.000000	  0.400000  
	7	  1	  7	  8	  8.000000	  0.000000	  0.400000  
	8	  1	  8	  36	  8.000000	  0.000000	  0.400000  
	9	  1	  9	  37	  8.000000	  0.000000	  0.400000  
	10	  1	  10	  69	  8.000000	  0.000000	  0.400000  
	11	  1	  11	  12	  8.000000	  0.000000	  0.400000  
	12	  5	  3	  56	  7.027187	  29.738260	  0.400000  
	13	  5	  56	  38	  7.135639	  29.738260	  0.400000  
	14	  4	  14	  15	  16.000000	  -29.738260	  0.400000  
	15	  3	  15	  16	  7.637748	  -29.738260	  0.400000  
	16	  1	  16	  39	  8.000000	  0.000000	  0.400000  
	17	  1	  17	  18	  8.000000	  0.000000	  0.400000  
	18	  1	  18	  58	  8.000000	  0.000000	  0.400000  
	19	  1	  19	  20	  8.000000	  0.000000	  0.400000  
	20	  1	  20	  27	  8.000000	  0.000000	  0.400000  
	21	  1	  21	  22	  8.000000	  0.000000	  0.400000  
	22	  1	  22	  59	  8.000000	  0.000000	  0.400000  
	23	  1	  23	  28	  8.000000	  0.000000	  0.400000  
	24	  1	  24	  40	  8.000000	  0.000000	  0.400000  
	25	  1	  26	  6	  8.000000	  0.000000	  0.400000  
	26	  1	  27	  41	  8.000000	  0.000000	  0.400000  
	27	  1	  28	  24	  8.000000	  0.000000	  0.400000  
	28	  1	  12	  29	  8.000000	  0.000000	  0.000000  
	29	  1	  25	  30	  8.000000	  0.000000	  0.000000  
	30	  1	  26	  31	  8.000000	  0.000000	  0.000000  
	31	  1	  27	  32	  8.000000	  0.000000	  0.000000  
	32	  1	  21	  33	  8.000000	  0.000000	  0.000000  
	33	  1	  23	  34	  8.000000	  0.000000	  0.000000  
	34	  1	  28	  35	  8.000000	  0.000000	  0.000000  
	35	  1	  36	  9	  8.000000	  0.000000	  0.400000  
	36	  1	  37	  10	  8.000000	  0.000000	  0.400000  
	37	  5	  38	  16	  7.264147	  29.738260	  0.400000  
	38	  1	  39	  17	  8.000000	  0.000000	  0.400000  
	39	  1	  40	  25	  8.000000	  0.000000	  0.400000  
	40	  1	  41	  21	  8.000000	  0.000000	  0.400000  
	41	  1	  29	  42	  8.000000	  0.000000	  0.000000  
	42	  1	  30	  43	  8.000000	  0.000000	  0.000000  
	43	  1	  31	  44	  8.000000	  0.000000	  0.000000  
	44	  1	  32	  45	  8.000000	  0.000000	  0.000000  
	45	  1	  33	  46	  8.000000	  0.000000	  0.000000  
	46	  1	  34	  47	  8.000000	  0.000000	  0.000000  
	47	  1	  35	  48	  8.000000	  0.000000	  0.000000  
	48	  1	  7	  49	  8.000000	  0.000000	  0.000000  
	49	  1	  36	  50	  8.000000	  0.000000	  0.000000  
	50	  1	  37	  51	  8.000000	  0.000000	  0.000000  
	51	  1	  38	  52	  8.000000	  0.000000	  0.000000  
	52	  1	  39	  53	  8.000000	  0.000000	  0.000000  
	53	  1	  40	  54	  8.000000	  0.000000	  0.000000  
	54	  1	  41	  55	  8.000000	  0.000000	  0.000000  
	57	  1	  58	  19	  8.000000	  0.000000	  0.400000  
	58	  1	  59	  23	  8.000000	  0.000000	  0.400000  
	59	  0	  42	  60	  8.000000	  0.000000	  0.000000  
	60	  0	  43	  61	  8.000000	  0.000000	  0.000000  
	61	  0	  44	  62	  8.000000	  0.000000	  0.000000  
	62	  0	  45	  63	  8.000000	  0.000000	  0.000000  
	63	  0	  46	  64	  8.000000	  0.000000	  0.000000  
	64	  0	  47	  65	  8.000000	  0.000000	  0.000000  
	65	  0	  48	  66	  8.000000	  0.000000	  0.000000  
	66	  0	  49	  67	  8.000000	  0.000000	  0.000000  
	67	  0	  50	  68	  8.000000	  0.000000	  0.000000  
	68	  1	  69	  11	  8.000000	  0.000000	  0.400000  
	69	  1	  51	  69	  8.000000	  0.000000	  0.000000  
	70	  0	  52	  70	  8.000000	  0.000000	  0.000000  
	71	  0	  53	  71	  8.000000	  0.000000	  0.000000  
	72	  0	  54	  72	  8.000000	  0.000000	  0.000000  
	73	  0	  55	  73	  8.000000	  0.000000	  0.000000  
	74	  0	  56	  74	  8.000000	  0.000000	  0.000000  
	75	  0	  58	  75	  8.000000	  0.000000	  0.000000  
	76	  0	  19	  76	  8.000000	  0.000000	  0.000000  
	77	  0	  59	  77	  8.000000	  0.000000	  0.000000  
	78	  0	  29	  78	  8.000000	  0.000000	  0.000000  
 76       total number of nodes
  name    x       y       z
	1	  25.000000	  77.900002	  500.000000  
	2	  55.000000	  95.199997	  500.000000  
	3	  85.000000	  112.500000	  500.000000  
	4	  85.000000	  112.500000	  450.000000  
	5	  85.000000	  112.500000	  400.000000  
	6	  85.000000	  112.500000	  350.000000  
	7	  85.000000	  112.500000	  300.000000  
	8	  85.000000	  112.500000	  250.000000  
	9	  85.000000	  112.500000	  200.000000  
	10	  85.000000	  112.500000	  167.000000  
	11	  85.000000	  112.500000	  133.000000  
	12	  85.000000	  112.500000	  100.000000  
	14	  275.000000	  222.100006	  500.000000  
	15	  245.000000	  204.800003	  500.000000  
	16	  215.011063	  187.504532	  499.746613  
	17	  215.000000	  187.500000	  450.000000  
	18	  215.000000	  187.500000	  400.000000  
	19	  215.000000	  187.500000	  350.000000  
	20	  215.000000	  187.500000	  300.000000  
	21	  215.102295	  187.181900	  249.613220  
	22	  215.000000	  187.500000	  200.000000  
	23	  213.732040	  187.807327	  167.005157  
	24	  215.000000	  187.500000	  133.000000  
	25	  215.000000	  187.500000	  100.000000  
	26	  84.335876	  111.591331	  389.590118  
	27	  215.163910	  188.699905	  288.821991  
	28	  216.854324	  188.283554	  148.757126  
	29	  86.530052	  110.260040	  83.376541  
	30	  215.014648	  187.971832	  83.356689  
	31	  75.190414	  99.078163	  390.447266  
	32	  216.778870	  199.794418	  298.741547  
	33	  218.803513	  177.292938	  237.407471  
	34	  198.708237	  190.935226	  167.000000  
	35	  230.491653	  193.601746	  148.762634  
	36	  85.414101	  113.208221	  216.613892  
	37	  85.281975	  112.107529	  184.195953  
	38	  199.314392	  178.406708	  499.982208  
	39	  215.672821	  187.151108	  468.690369  
	40	  213.570908	  188.381653	  117.237465  
	41	  214.107834	  186.627670	  260.000122  
	42	  88.454361	  114.768417	  67.802391  
	43	  216.450012	  192.775909	  67.479568  
	44	  63.064339	  88.313438	  394.229004  
	45	  217.514664	  210.300034	  311.637787  
	46	  228.968582	  168.553040	  227.532852  
	47	  182.284958	  191.266815	  169.718140  
	48	  245.231659	  200.704224	  145.678864  
	49	  98.433289	  113.127991	  290.182922  
	50	  93.268608	  126.641411	  219.440445  
	51	  87.606361	  108.872292	  169.992142  
	52	  214.919846	  175.403534	  495.222626  
	53	  228.234421	  180.633270	  475.717377  
	54	  200.829697	  196.242126	  117.237709  
	55	  203.496048	  175.560852	  260.006958  
	56	  105.408340	  124.274040	  500.000000  
	58	  215.181473	  187.098831	  385.112183  
	59	  215.429794	  188.076416	  185.817001  
	60	  93.065605	  121.623482	  53.346699  
	61	  218.969757	  198.117264	  51.912189  
	62	  47.901466	  81.541603	  393.023987  
	63	  215.381363	  219.646301	  325.250977  
	64	  241.693710	  160.269363	  220.701004  
	65	  165.782120	  189.303192	  170.729507  
	66	  260.466248	  207.376541	  144.897766  
	67	  105.753143	  115.762802	  275.462189  
	68	  98.033699	  141.879135	  224.165710  
	69	  85.132484	  112.315598	  154.222794  
	70	  228.999603	  173.351471	  486.575562  
	71	  241.403442	  174.458420	  483.821106  
	72	  191.851822	  210.229996	  118.217239  
	73	  191.545837	  164.906967	  255.434250  
	74	  104.160110	  108.149094	  496.043915  
	75	  221.861572	  172.331879	  384.855377  
	76	  216.234344	  170.918945	  349.123810  
	77	  228.615601	  196.700653	  185.794998  
	78	  72.441589	  106.813095	  77.492393  
   2  total number of boundary nodes
node bctyp press/flow   HD    PO2
	1	  0	  100.000000	  0.400000	  100.000000
	14	  0	  20.000000	  0.400000	  18.000000

