314236 11 0.550000 Current network file generated by angioadapt
  300.000000  300.000000  500.000000	box dimensions in microns
  15    15    25 	number of tissue points in x,y,z directions
  0.000000			outer bound distance (100. in test case)
  75.000000				max. segment length.  (5. in test case)
   40				nodsegm, max. number of segments per node
  552				total number of segments 
  name type from  to  diam       flow
	1	  4	  1	  2	  7.000000	  18.803486	  0.400000  
	2	  3	  2	  3	  6.466293	  18.803486	  0.400000  
	3	  5	  3	  4	  7.420187	  12.278756	  0.435589  
	4	  5	  4	  5	  7.474054	  12.278756	  0.435589  
	5	  5	  5	  26	  7.397106	  6.735062	  0.483235  
	6	  5	  6	  7	  7.080523	  2.163600	  0.332544  
	7	  5	  7	  79	  7.169277	  2.163600	  0.332544  
	8	  5	  8	  50	  6.583419	  1.098168	  0.338876  
	9	  5	  9	  37	  7.734139	  0.914962	  0.249995  
	12	  5	  3	  56	  4.914603	  6.524730	  0.333026  
	13	  5	  56	  132	  5.023376	  6.524730	  0.333026  
	14	  4	  14	  15	  16.000000	  -18.803486	  0.400000  
	15	  3	  15	  16	  7.493908	  -18.803486	  0.400000  
	16	  5	  16	  39	  6.774382	  -9.524739	  0.504512  
	17	  5	  17	  133	  7.699975	  -12.278756	  0.435589  
	18	  5	  18	  58	  7.651856	  -12.278756	  0.435589  
	21	  5	  21	  80	  6.765461	  -0.894010	  0.255854  
	22	  5	  22	  59	  7.827157	  -0.914962	  0.249995  
	23	  5	  23	  28	  7.670159	  -0.680137	  0.304618  
	24	  5	  24	  40	  7.924552	  -0.914962	  0.249995  
	26	  5	  20	  389	  7.317194	  -3.035219	  0.258349  
	27	  5	  28	  24	  7.924267	  -0.914962	  0.249995  
	28	  5	  12	  29	  7.841110	  0.914962	  0.249995  
	29	  1	  25	  30	  8.000000	  0.000000	  0.000000  
	31	  5	  20	  32	  7.175420	  -4.672076	  0.434328  
	32	  1	  21	  33	  8.000000	  0.000000	  0.000000  
	33	  5	  23	  34	  8.000000	  0.000000	  0.000000  
	34	  5	  28	  35	  7.480892	  0.234825	  0.091789  
	35	  5	  50	  9	  7.697054	  0.914962	  0.249995  
	37	  5	  38	  16	  6.213446	  9.278748	  0.292717  
	38	  5	  39	  17	  7.728256	  -12.278756	  0.435589  
	39	  1	  40	  25	  8.000000	  0.000000	  0.400000  
	40	  5	  41	  21	  6.760390	  -0.894010	  0.255854  
	41	  1	  29	  42	  8.000000	  0.000000	  0.000000  
	42	  1	  30	  43	  8.000000	  0.000000	  0.000000  
	43	  1	  26	  44	  8.000000	  0.000000	  0.000000  
	44	  5	  32	  45	  7.622620	  -5.543695	  0.377702  
	45	  1	  33	  46	  8.000000	  0.000000	  0.000000  
	46	  5	  34	  47	  8.000000	  0.000000	  0.000000  
	47	  5	  35	  48	  7.493870	  0.234825	  0.091789  
	48	  1	  7	  49	  8.000000	  0.000000	  0.000000  
	50	  5	  37	  10	  7.757063	  0.914962	  0.249995  
	51	  5	  38	  52	  5.743142	  -2.754017	  0.197218  
	52	  5	  39	  53	  5.766997	  2.754017	  0.197218  
	54	  5	  41	  55	  6.881544	  -1.269590	  0.386546  
	57	  5	  58	  19	  7.456556	  -7.707295	  0.365025  
	58	  5	  59	  23	  7.661205	  -0.680137	  0.304618  
	59	  1	  42	  60	  8.000000	  0.000000	  0.000000  
	61	  1	  44	  169	  8.000000	  0.000000	  0.000000  
	62	  5	  45	  63	  7.615974	  -5.543695	  0.377702  
	63	  1	  46	  64	  8.000000	  0.000000	  0.000000  
	64	  5	  47	  65	  8.000000	  0.000000	  0.000000  
	65	  5	  48	  66	  7.503741	  0.234825	  0.091789  
	66	  1	  49	  67	  8.000000	  0.000000	  0.000000  
	67	  5	  50	  68	  6.940040	  1.248638	  0.393033  
	68	  5	  10	  336	  7.797219	  0.914962	  0.249995  
	70	  5	  52	  70	  5.749388	  -2.754017	  0.197218  
	71	  5	  53	  70	  5.764440	  2.754017	  0.197218  
	72	  5	  40	  72	  7.923167	  -0.914962	  0.249995  
	73	  5	  55	  73	  6.875178	  -1.269590	  0.386546  
	74	  1	  56	  74	  8.000000	  0.000000	  0.000000  
	75	  5	  58	  75	  7.269710	  -4.571461	  0.554555  
	76	  5	  19	  76	  7.000436	  -2.657830	  0.238125  
	77	  5	  59	  77	  7.463142	  -0.234825	  0.091789  
	78	  5	  29	  168	  7.854942	  0.914962	  0.249995  
	79	  5	  79	  8	  6.499454	  1.098168	  0.338876  
	80	  5	  80	  22	  7.816115	  -0.914962	  0.249995  
	81	  1	  60	  81	  8.000000	  0.000000	  0.000000  
	84	  5	  63	  84	  7.608574	  -5.543695	  0.377702  
	85	  1	  64	  85	  8.000000	  0.000000	  0.000000  
	86	  5	  65	  86	  8.000000	  0.000000	  0.000000  
	87	  5	  66	  87	  7.511384	  0.234825	  0.091789  
	88	  1	  67	  88	  8.000000	  0.000000	  0.000000  
	89	  5	  68	  89	  6.966891	  1.248638	  0.393033  
	92	  5	  72	  91	  7.921046	  -0.914962	  0.249995  
	94	  1	  74	  93	  8.000000	  0.000000	  0.000000  
	95	  5	  75	  94	  8.000000	  0.000000	  0.000000  
	96	  5	  76	  95	  6.780169	  -2.066937	  0.290294  
	97	  5	  77	  96	  7.473822	  -0.234825	  0.091789  
	98	  1	  168	  97	  8.000000	  0.000000	  0.000000  
	99	  5	  79	  98	  6.520195	  1.065432	  0.326017  
	100	  5	  80	  99	  5.797945	  0.020952	  0.000000  
	102	  1	  35	  101	  8.000000	  0.000000	  0.000000  
	103	  5	  102	  20	  7.587286	  -7.707295	  0.365025  
	104	  1	  81	  103	  8.000000	  0.000000	  0.000000  
	106	  1	  169	  105	  8.000000	  0.000000	  0.000000  
	107	  5	  84	  106	  7.601406	  -5.543695	  0.377702  
	108	  1	  85	  107	  8.000000	  0.000000	  0.000000  
	109	  5	  86	  108	  8.000000	  0.000000	  0.000000  
	110	  5	  87	  109	  7.516072	  0.234825	  0.091789  
	111	  1	  88	  110	  8.000000	  0.000000	  0.000000  
	112	  5	  89	  111	  6.988222	  1.248638	  0.393033  
	114	  5	  91	  113	  7.918509	  -0.914962	  0.249995  
	115	  5	  92	  114	  7.068323	  -1.248638	  0.393033  
	116	  1	  93	  115	  8.000000	  0.000000	  0.000000  
	117	  5	  94	  116	  8.000000	  0.000000	  0.000000  
	118	  5	  95	  117	  6.132256	  0.590893	  0.055638  
	119	  5	  96	  118	  7.484762	  -0.234825	  0.091789  
	120	  1	  97	  119	  8.000000	  0.000000	  0.000000  
	121	  1	  98	  120	  8.000000	  0.000000	  0.000000  
	122	  5	  99	  121	  5.302576	  0.008883	  0.000000  
	123	  5	  26	  122	  7.107842	  4.571461	  0.554555  
	124	  1	  101	  123	  8.000000	  0.000000	  0.000000  
	125	  5	  5	  124	  7.535017	  5.543695	  0.377702  
	126	  5	  50	  125	  6.633743	  -1.065432	  0.326017  
	127	  5	  12	  336	  7.828750	  -0.914962	  0.249995  
	128	  1	  102	  127	  8.000000	  0.000000	  0.000000  
	130	  1	  60	  129	  8.000000	  0.000000	  0.000000  
	131	  5	  68	  130	  8.000000	  0.000000	  0.000000  
	132	  5	  75	  131	  7.255879	  -4.571461	  0.554555  
	133	  5	  132	  38	  5.209233	  6.524730	  0.333026  
	134	  5	  133	  18	  7.670833	  -12.278756	  0.435589  
	135	  5	  26	  6	  6.975996	  2.163600	  0.332544  
	136	  1	  103	  135	  8.000000	  0.000000	  0.000000  
	138	  1	  105	  137	  8.000000	  0.000000	  0.000000  
	139	  5	  106	  138	  7.593719	  -5.543695	  0.377702  
	140	  1	  107	  139	  8.000000	  0.000000	  0.000000  
	141	  5	  108	  140	  8.000000	  0.000000	  0.000000  
	142	  5	  109	  141	  7.517929	  0.234825	  0.091789  
	143	  1	  110	  142	  8.000000	  0.000000	  0.000000  
	144	  1	  111	  143	  8.000000	  0.000000	  0.000000  
	146	  1	  113	  145	  8.000000	  0.000000	  0.000000  
	147	  5	  114	  146	  7.054575	  -1.248638	  0.393033  
	148	  1	  115	  147	  8.000000	  0.000000	  0.000000  
	149	  5	  116	  148	  8.000000	  0.000000	  0.000000  
	150	  5	  117	  149	  8.000000	  0.000000	  0.000000  
	151	  5	  118	  150	  7.494216	  -0.234825	  0.091789  
	152	  1	  119	  151	  8.000000	  0.000000	  0.000000  
	153	  1	  120	  152	  8.000000	  0.000000	  0.000000  
	154	  5	  121	  73	  5.357514	  0.008883	  0.000000  
	155	  1	  122	  153	  8.000000	  0.000000	  0.000000  
	156	  1	  123	  154	  8.000000	  0.000000	  0.000000  
	157	  5	  124	  155	  8.000000	  0.000000	  0.000000  
	158	  5	  125	  156	  6.618603	  -1.065432	  0.326017  
	160	  1	  127	  157	  8.000000	  0.000000	  0.000000  
	161	  1	  40	  158	  8.000000	  0.000000	  0.000000  
	162	  1	  129	  159	  8.000000	  0.000000	  0.000000  
	163	  5	  130	  160	  8.000000	  0.000000	  0.000000  
	164	  5	  131	  161	  7.240691	  -4.571461	  0.554555  
	165	  1	  132	  162	  8.000000	  0.000000	  0.000000  
	166	  1	  133	  163	  8.000000	  0.000000	  0.000000  
	168	  1	  30	  40	  8.000000	  0.000000	  0.000000  
	169	  1	  47	  165	  8.000000	  0.000000	  0.000000  
	170	  1	  43	  166	  8.000000	  0.000000	  0.000000  
	171	  1	  73	  167	  8.000000	  0.000000	  0.000000  
	174	  5	  76	  170	  6.280456	  -0.590893	  0.055638  
	175	  1	  87	  171	  8.000000	  0.000000	  0.000000  
	176	  5	  19	  272	  7.154167	  -5.049465	  0.431820  
	177	  1	  135	  173	  8.000000	  0.000000	  0.000000  
	178	  1	  137	  174	  8.000000	  0.000000	  0.000000  
	179	  5	  138	  175	  7.585087	  -5.543695	  0.377702  
	180	  1	  139	  176	  8.000000	  0.000000	  0.000000  
	181	  1	  140	  177	  8.000000	  0.000000	  0.000000  
	182	  5	  141	  178	  7.517530	  0.234825	  0.091789  
	183	  1	  142	  179	  8.000000	  0.000000	  0.000000  
	184	  1	  143	  180	  8.000000	  0.000000	  0.000000  
	186	  1	  145	  182	  8.000000	  0.000000	  0.000000  
	187	  5	  146	  183	  7.038862	  -1.248638	  0.393033  
	188	  1	  147	  184	  8.000000	  0.000000	  0.000000  
	189	  5	  148	  185	  8.000000	  0.000000	  0.000000  
	190	  5	  149	  186	  8.000000	  0.000000	  0.000000  
	191	  5	  150	  187	  7.502530	  -0.234825	  0.091789  
	192	  1	  151	  188	  8.000000	  0.000000	  0.000000  
	193	  1	  152	  189	  8.000000	  0.000000	  0.000000  
	194	  1	  153	  190	  8.000000	  0.000000	  0.000000  
	195	  1	  154	  191	  8.000000	  0.000000	  0.000000  
	196	  1	  155	  192	  8.000000	  0.000000	  0.000000  
	197	  5	  156	  98	  6.566560	  -1.065432	  0.326017  
	198	  1	  157	  193	  8.000000	  0.000000	  0.000000  
	199	  1	  158	  194	  8.000000	  0.000000	  0.000000  
	200	  1	  159	  195	  8.000000	  0.000000	  0.000000  
	201	  5	  160	  196	  8.000000	  0.000000	  0.000000  
	202	  5	  161	  197	  7.224857	  -4.571461	  0.554555  
	203	  1	  162	  198	  8.000000	  0.000000	  0.000000  
	204	  1	  163	  199	  8.000000	  0.000000	  0.000000  
	205	  5	  26	  200	  8.000000	  0.000000	  0.000000  
	206	  1	  165	  201	  8.000000	  0.000000	  0.000000  
	207	  1	  166	  202	  8.000000	  0.000000	  0.000000  
	208	  1	  167	  203	  8.000000	  0.000000	  0.000000  
	209	  5	  168	  204	  7.872196	  0.914962	  0.249995  
	210	  1	  169	  205	  8.000000	  0.000000	  0.000000  
	211	  5	  170	  206	  6.262499	  -0.590893	  0.055638  
	212	  1	  171	  207	  8.000000	  0.000000	  0.000000  
	213	  1	  19	  208	  8.000000	  0.000000	  0.000000  
	214	  1	  42	  209	  8.000000	  0.000000	  0.000000  
	215	  1	  94	  210	  8.000000	  0.000000	  0.000000  
	216	  5	  94	  211	  8.000000	  0.000000	  0.000000  
	217	  5	  117	  212	  6.183260	  0.590893	  0.055638  
	219	  5	  111	  213	  7.007830	  1.248638	  0.393033  
	220	  5	  113	  214	  7.915405	  -0.914962	  0.249995  
	222	  5	  122	  216	  7.125903	  4.571461	  0.554555  
	225	  5	  272	  102	  7.587342	  -7.707295	  0.365025  
	226	  1	  173	  220	  8.000000	  0.000000	  0.000000  
	227	  1	  174	  221	  8.000000	  0.000000	  0.000000  
	228	  5	  175	  222	  7.576666	  -5.543695	  0.377702  
	229	  1	  176	  223	  8.000000	  0.000000	  0.000000  
	230	  1	  177	  224	  8.000000	  0.000000	  0.000000  
	231	  1	  178	  225	  8.000000	  0.000000	  0.000000  
	232	  1	  179	  226	  8.000000	  0.000000	  0.000000  
	233	  1	  180	  227	  8.000000	  0.000000	  0.000000  
	234	  1	  182	  228	  8.000000	  0.000000	  0.000000  
	235	  5	  183	  213	  7.023656	  -1.248638	  0.393033  
	236	  1	  184	  229	  8.000000	  0.000000	  0.000000  
	237	  5	  185	  230	  8.000000	  0.000000	  0.000000  
	238	  5	  186	  231	  8.000000	  0.000000	  0.000000  
	239	  5	  187	  232	  7.508718	  -0.234825	  0.091789  
	240	  1	  188	  233	  8.000000	  0.000000	  0.000000  
	241	  1	  189	  234	  8.000000	  0.000000	  0.000000  
	242	  1	  190	  235	  8.000000	  0.000000	  0.000000  
	243	  1	  191	  236	  8.000000	  0.000000	  0.000000  
	244	  1	  192	  237	  8.000000	  0.000000	  0.000000  
	245	  1	  193	  238	  8.000000	  0.000000	  0.000000  
	246	  1	  194	  239	  8.000000	  0.000000	  0.000000  
	247	  1	  195	  240	  8.000000	  0.000000	  0.000000  
	248	  5	  196	  241	  8.000000	  0.000000	  0.000000  
	249	  5	  197	  242	  7.209100	  -4.571461	  0.554555  
	250	  1	  198	  243	  8.000000	  0.000000	  0.000000  
	251	  1	  199	  244	  8.000000	  0.000000	  0.000000  
	252	  5	  200	  245	  8.000000	  0.000000	  0.000000  
	253	  1	  201	  246	  8.000000	  0.000000	  0.000000  
	254	  1	  202	  247	  8.000000	  0.000000	  0.000000  
	255	  1	  203	  248	  8.000000	  0.000000	  0.000000  
	256	  5	  204	  249	  7.881175	  0.914962	  0.249995  
	257	  1	  205	  250	  8.000000	  0.000000	  0.000000  
	258	  1	  206	  251	  8.000000	  0.000000	  0.000000  
	259	  1	  207	  252	  8.000000	  0.000000	  0.000000  
	260	  1	  208	  253	  8.000000	  0.000000	  0.000000  
	261	  1	  209	  254	  8.000000	  0.000000	  0.000000  
	262	  1	  210	  255	  8.000000	  0.000000	  0.000000  
	263	  5	  211	  256	  8.000000	  0.000000	  0.000000  
	264	  5	  212	  206	  6.229029	  0.590893	  0.055638  
	265	  1	  213	  257	  8.000000	  0.000000	  0.000000  
	266	  5	  214	  258	  7.911883	  -0.914962	  0.249995  
	268	  5	  216	  260	  7.139937	  4.571461	  0.554555  
	269	  1	  79	  261	  8.000000	  0.000000	  0.000000  
	270	  1	  336	  262	  8.000000	  0.000000	  0.000000  
	271	  5	  32	  263	  6.668393	  0.871619	  0.074176  
	272	  1	  59	  264	  8.000000	  0.000000	  0.000000  
	273	  5	  99	  265	  5.700523	  0.012069	  0.000000  
	274	  1	  106	  266	  8.000000	  0.000000	  0.000000  
	275	  1	  120	  267	  8.000000	  0.000000	  0.000000  
	276	  5	  124	  268	  7.542353	  5.543695	  0.377702  
	278	  1	  119	  270	  8.000000	  0.000000	  0.000000  
	279	  1	  43	  271	  8.000000	  0.000000	  0.000000  
	281	  1	  174	  273	  8.000000	  0.000000	  0.000000  
	282	  1	  143	  274	  8.000000	  0.000000	  0.000000  
	283	  1	  153	  275	  8.000000	  0.000000	  0.000000  
	284	  1	  170	  276	  8.000000	  0.000000	  0.000000  
	285	  1	  220	  277	  8.000000	  0.000000	  0.000000  
	286	  1	  221	  278	  8.000000	  0.000000	  0.000000  
	287	  5	  222	  279	  7.568463	  -5.543695	  0.377702  
	288	  1	  223	  280	  8.000000	  0.000000	  0.000000  
	289	  1	  224	  281	  8.000000	  0.000000	  0.000000  
	290	  1	  225	  282	  8.000000	  0.000000	  0.000000  
	291	  1	  226	  283	  8.000000	  0.000000	  0.000000  
	292	  1	  227	  284	  8.000000	  0.000000	  0.000000  
	293	  1	  228	  285	  8.000000	  0.000000	  0.000000  
	294	  1	  229	  286	  8.000000	  0.000000	  0.000000  
	295	  5	  230	  287	  8.000000	  0.000000	  0.000000  
	296	  5	  231	  288	  8.000000	  0.000000	  0.000000  
	297	  5	  232	  289	  7.513361	  -0.234825	  0.091789  
	298	  1	  233	  290	  8.000000	  0.000000	  0.000000  
	299	  1	  234	  291	  8.000000	  0.000000	  0.000000  
	300	  1	  235	  292	  8.000000	  0.000000	  0.000000  
	301	  1	  236	  293	  8.000000	  0.000000	  0.000000  
	302	  1	  237	  294	  8.000000	  0.000000	  0.000000  
	303	  1	  238	  295	  8.000000	  0.000000	  0.000000  
	304	  1	  239	  296	  8.000000	  0.000000	  0.000000  
	305	  1	  240	  297	  8.000000	  0.000000	  0.000000  
	306	  1	  241	  298	  8.000000	  0.000000	  0.000000  
	307	  5	  242	  299	  7.193437	  -4.571461	  0.554555  
	308	  1	  243	  300	  8.000000	  0.000000	  0.000000  
	309	  1	  244	  301	  8.000000	  0.000000	  0.000000  
	310	  1	  245	  302	  8.000000	  0.000000	  0.000000  
	311	  1	  246	  303	  8.000000	  0.000000	  0.000000  
	312	  1	  247	  304	  8.000000	  0.000000	  0.000000  
	313	  1	  248	  305	  8.000000	  0.000000	  0.000000  
	314	  5	  249	  306	  7.889125	  0.914962	  0.249995  
	315	  1	  250	  307	  8.000000	  0.000000	  0.000000  
	316	  1	  251	  308	  8.000000	  0.000000	  0.000000  
	317	  1	  252	  309	  8.000000	  0.000000	  0.000000  
	318	  1	  253	  310	  8.000000	  0.000000	  0.000000  
	319	  1	  254	  311	  8.000000	  0.000000	  0.000000  
	320	  1	  255	  312	  8.000000	  0.000000	  0.000000  
	321	  5	  256	  313	  8.000000	  0.000000	  0.000000  
	322	  1	  257	  314	  8.000000	  0.000000	  0.000000  
	323	  5	  258	  315	  7.907323	  -0.914962	  0.249995  
	324	  5	  260	  316	  7.155992	  4.571461	  0.554555  
	325	  1	  261	  317	  8.000000	  0.000000	  0.000000  
	326	  1	  262	  318	  8.000000	  0.000000	  0.000000  
	327	  1	  263	  319	  8.000000	  0.000000	  0.000000  
	328	  1	  264	  320	  8.000000	  0.000000	  0.000000  
	329	  5	  265	  73	  5.746103	  0.012069	  0.000000  
	330	  1	  266	  321	  8.000000	  0.000000	  0.000000  
	331	  1	  267	  322	  8.000000	  0.000000	  0.000000  
	332	  5	  268	  323	  8.000000	  0.000000	  0.000000  
	333	  1	  270	  324	  8.000000	  0.000000	  0.000000  
	334	  1	  271	  325	  8.000000	  0.000000	  0.000000  
	335	  5	  272	  95	  7.039407	  2.657830	  0.238125  
	336	  1	  273	  326	  8.000000	  0.000000	  0.000000  
	337	  1	  274	  327	  8.000000	  0.000000	  0.000000  
	338	  1	  275	  328	  8.000000	  0.000000	  0.000000  
	339	  1	  276	  329	  8.000000	  0.000000	  0.000000  
	340	  1	  127	  330	  8.000000	  0.000000	  0.000000  
	341	  5	  263	  331	  6.696836	  0.871619	  0.074176  
	342	  1	  267	  332	  8.000000	  0.000000	  0.000000  
	343	  1	  272	  333	  8.000000	  0.000000	  0.000000  
	344	  5	  73	  92	  7.081374	  -1.248638	  0.393033  
	347	  1	  277	  337	  8.000000	  0.000000	  0.000000  
	348	  1	  278	  338	  8.000000	  0.000000	  0.000000  
	349	  5	  279	  339	  7.560213	  -5.543695	  0.377702  
	350	  1	  280	  340	  8.000000	  0.000000	  0.000000  
	351	  1	  281	  341	  8.000000	  0.000000	  0.000000  
	352	  1	  282	  342	  8.000000	  0.000000	  0.000000  
	353	  1	  283	  343	  8.000000	  0.000000	  0.000000  
	354	  1	  284	  344	  8.000000	  0.000000	  0.000000  
	355	  1	  285	  345	  8.000000	  0.000000	  0.000000  
	356	  1	  286	  346	  8.000000	  0.000000	  0.000000  
	357	  1	  287	  347	  8.000000	  0.000000	  0.000000  
	358	  5	  288	  348	  8.000000	  0.000000	  0.000000  
	359	  5	  289	  178	  7.516749	  -0.234825	  0.091789  
	360	  1	  290	  349	  8.000000	  0.000000	  0.000000  
	361	  1	  291	  350	  8.000000	  0.000000	  0.000000  
	362	  1	  292	  351	  8.000000	  0.000000	  0.000000  
	363	  1	  293	  352	  8.000000	  0.000000	  0.000000  
	364	  1	  294	  353	  8.000000	  0.000000	  0.000000  
	365	  1	  295	  354	  8.000000	  0.000000	  0.000000  
	366	  1	  296	  355	  8.000000	  0.000000	  0.000000  
	367	  1	  297	  356	  8.000000	  0.000000	  0.000000  
	368	  1	  298	  357	  8.000000	  0.000000	  0.000000  
	369	  5	  299	  316	  7.174876	  -4.571461	  0.554555  
	370	  1	  300	  358	  8.000000	  0.000000	  0.000000  
	371	  1	  301	  359	  8.000000	  0.000000	  0.000000  
	372	  1	  302	  360	  8.000000	  0.000000	  0.000000  
	373	  1	  303	  361	  8.000000	  0.000000	  0.000000  
	374	  1	  304	  362	  8.000000	  0.000000	  0.000000  
	375	  1	  305	  363	  8.000000	  0.000000	  0.000000  
	376	  5	  306	  364	  7.896114	  0.914962	  0.249995  
	377	  1	  307	  365	  8.000000	  0.000000	  0.000000  
	378	  1	  308	  366	  8.000000	  0.000000	  0.000000  
	379	  1	  309	  367	  8.000000	  0.000000	  0.000000  
	380	  1	  310	  368	  8.000000	  0.000000	  0.000000  
	381	  1	  311	  369	  8.000000	  0.000000	  0.000000  
	382	  1	  312	  370	  8.000000	  0.000000	  0.000000  
	383	  5	  313	  371	  8.000000	  0.000000	  0.000000  
	384	  1	  314	  372	  8.000000	  0.000000	  0.000000  
	385	  1	  315	  373	  8.000000	  0.000000	  0.000000  
	386	  1	  316	  374	  8.000000	  0.000000	  0.000000  
	387	  1	  317	  375	  8.000000	  0.000000	  0.000000  
	388	  1	  318	  376	  8.000000	  0.000000	  0.000000  
	389	  1	  319	  377	  8.000000	  0.000000	  0.000000  
	390	  1	  320	  378	  8.000000	  0.000000	  0.000000  
	391	  1	  321	  379	  8.000000	  0.000000	  0.000000  
	392	  1	  322	  380	  8.000000	  0.000000	  0.000000  
	393	  5	  323	  381	  8.000000	  0.000000	  0.000000  
	394	  1	  324	  382	  8.000000	  0.000000	  0.000000  
	395	  1	  325	  383	  8.000000	  0.000000	  0.000000  
	396	  1	  326	  384	  8.000000	  0.000000	  0.000000  
	397	  1	  327	  385	  8.000000	  0.000000	  0.000000  
	398	  1	  328	  386	  8.000000	  0.000000	  0.000000  
	399	  1	  329	  387	  8.000000	  0.000000	  0.000000  
	400	  1	  330	  388	  8.000000	  0.000000	  0.000000  
	401	  5	  389	  41	  7.442695	  -2.163600	  0.332544  
	402	  5	  331	  389	  6.730410	  0.871619	  0.074176  
	403	  1	  332	  390	  8.000000	  0.000000	  0.000000  
	404	  1	  333	  391	  8.000000	  0.000000	  0.000000  
	405	  1	  40	  392	  8.000000	  0.000000	  0.000000  
	406	  1	  70	  393	  8.000000	  0.000000	  0.000000  
	407	  1	  73	  394	  8.000000	  0.000000	  0.000000  
	408	  1	  108	  395	  8.000000	  0.000000	  0.000000  
	409	  1	  122	  396	  8.000000	  0.000000	  0.000000  
	410	  1	  336	  397	  8.000000	  0.000000	  0.000000  
	411	  1	  123	  398	  8.000000	  0.000000	  0.000000  
	412	  1	  155	  399	  8.000000	  0.000000	  0.000000  
	413	  5	  155	  400	  8.000000	  0.000000	  0.000000  
	414	  1	  202	  401	  8.000000	  0.000000	  0.000000  
	415	  1	  184	  402	  8.000000	  0.000000	  0.000000  
	416	  1	  209	  403	  8.000000	  0.000000	  0.000000  
	417	  5	  230	  404	  8.000000	  0.000000	  0.000000  
	418	  1	  308	  405	  8.000000	  0.000000	  0.000000  
	419	  1	  337	  406	  8.000000	  0.000000	  0.000000  
	420	  1	  338	  407	  8.000000	  0.000000	  0.000000  
	421	  5	  339	  268	  7.551097	  -5.543695	  0.377702  
	422	  1	  340	  408	  8.000000	  0.000000	  0.000000  
	423	  1	  341	  409	  8.000000	  0.000000	  0.000000  
	424	  1	  342	  410	  8.000000	  0.000000	  0.000000  
	425	  1	  343	  411	  8.000000	  0.000000	  0.000000  
	426	  1	  344	  412	  8.000000	  0.000000	  0.000000  
	427	  1	  345	  413	  8.000000	  0.000000	  0.000000  
	428	  1	  346	  414	  8.000000	  0.000000	  0.000000  
	429	  1	  347	  415	  8.000000	  0.000000	  0.000000  
	430	  1	  348	  416	  8.000000	  0.000000	  0.000000  
	431	  1	  349	  417	  8.000000	  0.000000	  0.000000  
	432	  1	  350	  418	  8.000000	  0.000000	  0.000000  
	433	  1	  351	  419	  8.000000	  0.000000	  0.000000  
	434	  1	  352	  420	  8.000000	  0.000000	  0.000000  
	435	  1	  353	  421	  8.000000	  0.000000	  0.000000  
	436	  1	  354	  422	  8.000000	  0.000000	  0.000000  
	437	  1	  355	  423	  8.000000	  0.000000	  0.000000  
	438	  1	  356	  424	  8.000000	  0.000000	  0.000000  
	439	  1	  357	  425	  8.000000	  0.000000	  0.000000  
	440	  1	  358	  426	  8.000000	  0.000000	  0.000000  
	441	  1	  359	  427	  8.000000	  0.000000	  0.000000  
	442	  1	  360	  428	  8.000000	  0.000000	  0.000000  
	443	  1	  361	  429	  8.000000	  0.000000	  0.000000  
	444	  1	  362	  430	  8.000000	  0.000000	  0.000000  
	445	  1	  363	  431	  8.000000	  0.000000	  0.000000  
	446	  5	  364	  315	  7.902077	  0.914962	  0.249995  
	447	  1	  365	  432	  8.000000	  0.000000	  0.000000  
	448	  1	  366	  433	  8.000000	  0.000000	  0.000000  
	449	  1	  367	  434	  8.000000	  0.000000	  0.000000  
	450	  1	  368	  435	  8.000000	  0.000000	  0.000000  
	451	  1	  369	  436	  8.000000	  0.000000	  0.000000  
	452	  1	  370	  437	  8.000000	  0.000000	  0.000000  
	453	  5	  371	  438	  8.000000	  0.000000	  0.000000  
	454	  1	  372	  439	  8.000000	  0.000000	  0.000000  
	455	  1	  373	  440	  8.000000	  0.000000	  0.000000  
	456	  1	  374	  441	  8.000000	  0.000000	  0.000000  
	457	  1	  375	  442	  8.000000	  0.000000	  0.000000  
	458	  1	  376	  443	  8.000000	  0.000000	  0.000000  
	459	  1	  377	  444	  8.000000	  0.000000	  0.000000  
	460	  1	  378	  445	  8.000000	  0.000000	  0.000000  
	461	  1	  379	  446	  8.000000	  0.000000	  0.000000  
	462	  1	  380	  447	  8.000000	  0.000000	  0.000000  
	463	  5	  381	  448	  8.000000	  0.000000	  0.000000  
	464	  1	  382	  449	  8.000000	  0.000000	  0.000000  
	465	  1	  383	  450	  8.000000	  0.000000	  0.000000  
	466	  1	  384	  451	  8.000000	  0.000000	  0.000000  
	467	  1	  385	  452	  8.000000	  0.000000	  0.000000  
	468	  1	  386	  453	  8.000000	  0.000000	  0.000000  
	469	  1	  387	  454	  8.000000	  0.000000	  0.000000  
	470	  1	  388	  455	  8.000000	  0.000000	  0.000000  
	471	  1	  390	  456	  8.000000	  0.000000	  0.000000  
	472	  1	  391	  457	  8.000000	  0.000000	  0.000000  
	473	  1	  392	  458	  8.000000	  0.000000	  0.000000  
	474	  1	  393	  459	  8.000000	  0.000000	  0.000000  
	475	  1	  394	  460	  8.000000	  0.000000	  0.000000  
	476	  1	  395	  461	  8.000000	  0.000000	  0.000000  
	477	  1	  396	  462	  8.000000	  0.000000	  0.000000  
	478	  1	  397	  463	  8.000000	  0.000000	  0.000000  
	479	  1	  398	  464	  8.000000	  0.000000	  0.000000  
	480	  1	  399	  237	  8.000000	  0.000000	  0.000000  
	481	  5	  400	  465	  8.000000	  0.000000	  0.000000  
	482	  1	  401	  466	  8.000000	  0.000000	  0.000000  
	483	  1	  402	  467	  8.000000	  0.000000	  0.000000  
	484	  1	  403	  468	  8.000000	  0.000000	  0.000000  
	485	  5	  404	  469	  8.000000	  0.000000	  0.000000  
	486	  1	  405	  470	  8.000000	  0.000000	  0.000000  
	487	  1	  34	  471	  8.000000	  0.000000	  0.000000  
	488	  1	  138	  472	  8.000000	  0.000000	  0.000000  
	489	  5	  140	  473	  8.000000	  0.000000	  0.000000  
	490	  1	  187	  474	  8.000000	  0.000000	  0.000000  
	491	  1	  238	  475	  8.000000	  0.000000	  0.000000  
	492	  1	  194	  476	  8.000000	  0.000000	  0.000000  
	493	  1	  279	  477	  8.000000	  0.000000	  0.000000  
	494	  1	  296	  478	  8.000000	  0.000000	  0.000000  
	495	  1	  244	  479	  8.000000	  0.000000	  0.000000  
	496	  1	  255	  480	  8.000000	  0.000000	  0.000000  
	497	  1	  346	  481	  8.000000	  0.000000	  0.000000  
	498	  5	  348	  482	  8.000000	  0.000000	  0.000000  
	499	  1	  356	  483	  8.000000	  0.000000	  0.000000  
	500	  1	  375	  484	  8.000000	  0.000000	  0.000000  
	501	  0	  406	  485	  8.000000	  0.000000	  0.000000  
	502	  0	  407	  486	  8.000000	  0.000000	  0.000000  
	503	  0	  408	  487	  8.000000	  0.000000	  0.000000  
	504	  0	  409	  488	  8.000000	  0.000000	  0.000000  
	505	  0	  410	  489	  8.000000	  0.000000	  0.000000  
	506	  0	  411	  490	  8.000000	  0.000000	  0.000000  
	507	  0	  412	  491	  8.000000	  0.000000	  0.000000  
	508	  0	  413	  492	  8.000000	  0.000000	  0.000000  
	509	  0	  414	  493	  8.000000	  0.000000	  0.000000  
	510	  0	  415	  494	  8.000000	  0.000000	  0.000000  
	511	  0	  416	  495	  8.000000	  0.000000	  0.000000  
	512	  0	  417	  496	  8.000000	  0.000000	  0.000000  
	513	  0	  418	  497	  8.000000	  0.000000	  0.000000  
	514	  0	  419	  498	  8.000000	  0.000000	  0.000000  
	515	  0	  420	  499	  8.000000	  0.000000	  0.000000  
	516	  0	  421	  500	  8.000000	  0.000000	  0.000000  
	517	  0	  422	  501	  8.000000	  0.000000	  0.000000  
	518	  0	  423	  502	  8.000000	  0.000000	  0.000000  
	519	  0	  424	  503	  8.000000	  0.000000	  0.000000  
	520	  0	  425	  504	  8.000000	  0.000000	  0.000000  
	521	  0	  426	  505	  8.000000	  0.000000	  0.000000  
	522	  0	  427	  506	  8.000000	  0.000000	  0.000000  
	523	  0	  428	  507	  8.000000	  0.000000	  0.000000  
	524	  0	  429	  508	  8.000000	  0.000000	  0.000000  
	525	  0	  430	  509	  8.000000	  0.000000	  0.000000  
	526	  0	  431	  510	  8.000000	  0.000000	  0.000000  
	527	  0	  432	  511	  8.000000	  0.000000	  0.000000  
	528	  0	  433	  512	  8.000000	  0.000000	  0.000000  
	529	  0	  434	  513	  8.000000	  0.000000	  0.000000  
	530	  0	  435	  514	  8.000000	  0.000000	  0.000000  
	531	  0	  436	  515	  8.000000	  0.000000	  0.000000  
	532	  0	  437	  516	  8.000000	  0.000000	  0.000000  
	533	  5	  438	  482	  8.000000	  0.000000	  0.000000  
	534	  0	  439	  517	  8.000000	  0.000000	  0.000000  
	535	  0	  440	  518	  8.000000	  0.000000	  0.000000  
	536	  0	  441	  519	  8.000000	  0.000000	  0.000000  
	537	  0	  442	  520	  8.000000	  0.000000	  0.000000  
	538	  0	  443	  521	  8.000000	  0.000000	  0.000000  
	539	  0	  444	  522	  8.000000	  0.000000	  0.000000  
	540	  0	  445	  523	  8.000000	  0.000000	  0.000000  
	541	  0	  446	  524	  8.000000	  0.000000	  0.000000  
	542	  0	  447	  525	  8.000000	  0.000000	  0.000000  
	543	  5	  448	  287	  8.000000	  0.000000	  0.000000  
	544	  0	  449	  526	  8.000000	  0.000000	  0.000000  
	545	  0	  450	  527	  8.000000	  0.000000	  0.000000  
	546	  0	  451	  528	  8.000000	  0.000000	  0.000000  
	547	  0	  452	  529	  8.000000	  0.000000	  0.000000  
	548	  0	  453	  530	  8.000000	  0.000000	  0.000000  
	549	  0	  454	  531	  8.000000	  0.000000	  0.000000  
	550	  0	  455	  532	  8.000000	  0.000000	  0.000000  
	551	  0	  456	  533	  8.000000	  0.000000	  0.000000  
	552	  0	  457	  534	  8.000000	  0.000000	  0.000000  
	553	  0	  458	  535	  8.000000	  0.000000	  0.000000  
	554	  0	  459	  536	  8.000000	  0.000000	  0.000000  
	555	  0	  460	  537	  8.000000	  0.000000	  0.000000  
	556	  0	  461	  538	  8.000000	  0.000000	  0.000000  
	557	  0	  462	  539	  8.000000	  0.000000	  0.000000  
	558	  0	  463	  540	  8.000000	  0.000000	  0.000000  
	559	  0	  464	  541	  8.000000	  0.000000	  0.000000  
	560	  5	  465	  245	  8.000000	  0.000000	  0.000000  
	561	  0	  466	  542	  8.000000	  0.000000	  0.000000  
	562	  0	  467	  543	  8.000000	  0.000000	  0.000000  
	563	  0	  468	  544	  8.000000	  0.000000	  0.000000  
	564	  5	  469	  323	  8.000000	  0.000000	  0.000000  
	565	  0	  470	  545	  8.000000	  0.000000	  0.000000  
	566	  0	  471	  546	  8.000000	  0.000000	  0.000000  
	567	  0	  472	  547	  8.000000	  0.000000	  0.000000  
	568	  5	  473	  241	  8.000000	  0.000000	  0.000000  
	569	  0	  474	  548	  8.000000	  0.000000	  0.000000  
	570	  0	  475	  549	  8.000000	  0.000000	  0.000000  
	571	  0	  476	  550	  8.000000	  0.000000	  0.000000  
	572	  0	  477	  551	  8.000000	  0.000000	  0.000000  
	573	  0	  478	  552	  8.000000	  0.000000	  0.000000  
	574	  0	  479	  553	  8.000000	  0.000000	  0.000000  
	575	  0	  480	  554	  8.000000	  0.000000	  0.000000  
	576	  0	  481	  555	  8.000000	  0.000000	  0.000000  
	577	  0	  482	  556	  8.000000	  0.000000	  0.000000  
	578	  0	  483	  557	  8.000000	  0.000000	  0.000000  
	579	  0	  484	  558	  8.000000	  0.000000	  0.000000  
	580	  0	  107	  559	  8.000000	  0.000000	  0.000000  
	581	  1	  158	  25	  8.000000	  0.000000	  0.000000  
	582	  0	  167	  560	  8.000000	  0.000000	  0.000000  
	583	  0	  223	  561	  8.000000	  0.000000	  0.000000  
	584	  0	  251	  562	  8.000000	  0.000000	  0.000000  
	585	  0	  262	  563	  8.000000	  0.000000	  0.000000  
	586	  0	  252	  564	  8.000000	  0.000000	  0.000000  
	587	  0	  270	  565	  8.000000	  0.000000	  0.000000  
	588	  0	  314	  566	  8.000000	  0.000000	  0.000000  
	589	  0	  364	  567	  8.000000	  0.000000	  0.000000  
	590	  0	  466	  568	  8.000000	  0.000000	  0.000000  
 533       total number of nodes
  name    x       y       z
	1	  25.000000	  77.900002	  500.000000  
	2	  55.000000	  95.199997	  500.000000  
	3	  85.000000	  112.500000	  500.000000  
	4	  85.000000	  112.500000	  450.000000  
	5	  84.703674	  109.691597	  401.348145  
	6	  85.000000	  112.500000	  350.000000  
	7	  85.134567	  112.521255	  299.903351  
	8	  85.000000	  112.500000	  250.000000  
	9	  85.000000	  112.500000	  200.000000  
	10	  85.000000	  112.500000	  167.000000  
	12	  85.042885	  112.162666	  101.407501  
	14	  275.000000	  222.100006	  500.000000  
	15	  245.000000	  204.800003	  500.000000  
	16	  215.023407	  187.506805	  499.582581  
	17	  215.000000	  187.500000	  450.000000  
	18	  215.000000	  187.500000	  400.000000  
	19	  219.613892	  180.533783	  347.836395  
	20	  215.576065	  188.657394	  300.117493  
	21	  215.553680	  183.527557	  244.825211  
	22	  215.000000	  187.500000	  200.000000  
	23	  212.542999	  188.351425	  167.034836  
	24	  215.000000	  187.500000	  133.000000  
	25	  215.366196	  187.650879	  100.454254  
	26	  82.807709	  109.265442	  389.897461  
	28	  217.921722	  189.048157	  148.727615  
	29	  84.064079	  110.591309	  82.304054  
	30	  214.597595	  188.932632	  87.315491  
	32	  219.878647	  200.667664	  302.458923  
	33	  218.803513	  177.292938	  237.407471  
	34	  199.543915	  191.779297	  168.095795  
	35	  231.975067	  199.156891	  148.861740  
	37	  85.692894	  111.535591	  180.119919  
	38	  199.314392	  178.406708	  499.982208  
	39	  216.256042	  186.848923	  469.016968  
	40	  212.901016	  189.985291	  116.137016  
	41	  212.061218	  183.979980	  260.093658  
	42	  87.567368	  118.360466	  67.102661  
	43	  214.403824	  191.698318	  71.449577  
	44	  63.064339	  88.313438	  394.229004  
	45	  217.514664	  210.300034	  311.637787  
	46	  228.968582	  168.553040	  227.532852  
	47	  187.322510	  188.091949	  170.169662  
	48	  245.231659	  200.704224	  145.678864  
	49	  98.433289	  113.127991	  290.182922  
	50	  91.308411	  126.082176	  223.077423  
	52	  214.919846	  175.403534	  495.222626  
	53	  227.383438	  180.467529	  476.161438  
	55	  203.349762	  176.469681	  258.804016  
	56	  105.112022	  121.280045	  499.274902  
	58	  216.233017	  184.390930	  385.068665  
	59	  216.725510	  190.206589	  187.732193  
	60	  92.432190	  117.813873	  56.549084  
	63	  215.381363	  219.646301	  325.250977  
	64	  241.693710	  160.269363	  220.701004  
	65	  165.782120	  189.303192	  170.729507  
	66	  260.466248	  207.376541	  144.897766  
	67	  105.753143	  115.762802	  275.462189  
	68	  97.716957	  146.093292	  223.928879  
	70	  228.999603	  173.351471	  486.575562  
	72	  191.851822	  210.229996	  118.217239  
	73	  193.200485	  172.168976	  251.984848  
	74	  104.160110	  108.149094	  496.043915  
	75	  220.352020	  171.825211	  384.949677  
	76	  217.284332	  169.856720	  348.114075  
	77	  228.615601	  196.700653	  185.794998  
	79	  86.678307	  118.519112	  269.461792  
	80	  213.879761	  186.153290	  219.065323  
	81	  102.691154	  128.866104	  41.852531  
	84	  213.240097	  231.934875	  336.279510  
	85	  256.641907	  153.001953	  219.721649  
	86	  150.078995	  187.300247	  175.889206  
	87	  274.628510	  215.512589	  148.475098  
	88	  112.409653	  119.009377	  260.550018  
	89	  104.154655	  155.734787	  231.077835  
	91	  181.397919	  222.729416	  121.638176  
	92	  177.901550	  158.515060	  248.349106  
	93	  103.858177	  93.186890	  488.745697  
	94	  235.097672	  159.190689	  384.282135  
	95	  225.605179	  162.595444	  341.823029  
	96	  244.830307	  200.088348	  184.112961  
	97	  60.890671	  97.709587	  69.686951  
	98	  83.846916	  128.769409	  266.021057  
	99	  205.457138	  178.957291	  233.061554  
	101	  232.971527	  209.609863	  151.897385  
	102	  219.525772	  183.729431	  318.436493  
	103	  104.248360	  140.059433	  29.625229  
	105	  150.643341	  290.707520	  382.100891  
	106	  216.013519	  242.569412	  345.464996  
	107	  273.040924	  150.591751	  216.866425  
	108	  136.351654	  189.346695	  184.906769  
	109	  32.017731	  217.785797	  148.888901  
	110	  119.335953	  124.445839	  246.418716  
	111	  112.191856	  168.338531	  234.790695  
	113	  167.979050	  235.097595	  120.505241  
	114	  163.265594	  154.641541	  241.420410  
	115	  97.703407	  80.263390	  480.241333  
	116	  241.111649	  145.486221	  382.486694  
	117	  235.382156	  148.618530	  336.417816  
	118	  261.140167	  200.618057	  180.806808  
	119	  49.067772	  89.922684	  62.079647  
	120	  74.948120	  145.774048	  267.962921  
	121	  200.393814	  173.972183	  243.527863  
	122	  104.958153	  118.513268	  390.518860  
	123	  236.989380	  220.910583	  160.443619  
	124	  84.053642	  97.873962	  407.036011  
	125	  86.816093	  122.961426	  235.608261  
	127	  227.984314	  175.202850	  315.523560  
	129	  88.972046	  106.650429	  59.369396  
	130	  95.556221	  157.393692	  218.653610  
	131	  206.431381	  166.077682	  384.985138  
	132	  128.037277	  137.318619	  499.995697  
	133	  213.058578	  186.283142	  430.321014  
	135	  102.419533	  153.801224	  20.403458  
	137	  136.568588	  290.419434	  373.210419  
	138	  212.563812	  256.282898	  357.015808  
	139	  27.022095	  147.331985	  209.037903  
	140	  122.681519	  187.547897	  197.107101  
	141	  48.195328	  220.215179	  145.789551  
	142	  127.790512	  130.821075	  233.569611  
	143	  118.318489	  186.518707	  238.325165  
	145	  153.584473	  239.645737	  116.609085  
	146	  148.577286	  156.379074	  233.774689  
	147	  89.840309	  65.291901	  474.719635  
	148	  250.760849	  132.151215	  384.995300  
	149	  248.651474	  138.628815	  329.223572  
	150	  276.062927	  202.050125	  173.562302  
	151	  39.831657	  75.360817	  59.560234  
	152	  72.544777	  160.146027	  266.994995  
	153	  117.346680	  123.027893	  382.986633  
	154	  241.357391	  232.644424	  173.552383  
	155	  89.729889	  81.742905	  410.635620  
	156	  86.639412	  127.189972	  252.982513  
	157	  240.168564	  166.457153	  316.313141  
	158	  232.166473	  186.898026	  117.223808  
	159	  87.385384	  92.413078	  67.854843  
	160	  94.444023	  172.941254	  212.800522  
	161	  192.182358	  158.667572	  389.375793  
	162	  128.323608	  121.123459	  496.141174  
	163	  201.354736	  178.947372	  426.747589  
	165	  195.578827	  181.699493	  172.711823  
	166	  199.863693	  191.833267	  68.260445  
	167	  188.008652	  181.001480	  257.545654  
	168	  65.768356	  91.815392	  77.826530  
	169	  40.877934	  72.801308	  380.687805  
	170	  206.808563	  155.742233	  349.885712  
	171	  269.641541	  225.431946	  154.829224  
	173	  99.741623	  169.371216	  15.147343  
	174	  247.291351	  63.219513	  365.702454  
	175	  78.406830	  41.501381	  370.943573  
	176	  39.195496	  146.022415	  197.754471  
	177	  114.049637	  188.242172	  208.784576  
	178	  63.398052	  218.314743	  144.067688  
	179	  137.337860	  134.265854	  220.370972  
	180	  123.190536	  199.055084	  244.599854  
	182	  141.974716	  250.530777	  111.714981  
	183	  133.614807	  160.123901	  227.503876  
	184	  81.395180	  57.216991	  466.899628  
	185	  259.214539	  120.595428	  393.493622  
	186	  262.919830	  131.738266	  324.109192  
	187	  30.524296	  206.245224	  166.637634  
	188	  161.995926	  285.833252	  57.055721  
	189	  62.188148	  173.164612	  266.454529  
	190	  129.126526	  135.658813	  380.459564  
	191	  121.524811	  16.683670	  183.252106  
	192	  94.420525	  66.080765	  409.613037  
	193	  254.227585	  157.617935	  317.510956  
	194	  247.365051	  179.665619	  125.433434  
	195	  86.404655	  78.659416	  77.187439  
	196	  98.416862	  189.032669	  211.217697  
	197	  179.409821	  151.821167	  397.574066  
	198	  131.163803	  108.832436	  485.274414  
	199	  188.593536	  168.514359	  429.098480  
	200	  68.549278	  119.267136	  405.541687  
	201	  210.912369	  176.206711	  176.166443  
	202	  184.436462	  189.534241	  74.866669  
	203	  183.282578	  196.776672	  257.225342  
	204	  55.454132	  78.989891	  81.189476  
	205	  170.541656	  286.708557	  368.303894  
	206	  204.327087	  141.573273	  352.562164  
	207	  258.216156	  235.927261	  160.873352  
	208	  229.974182	  179.832108	  342.795380  
	209	  82.619835	  127.971970	  64.686630  
	210	  239.460892	  172.673798	  389.290375  
	211	  243.390503	  149.252060	  378.504150  
	212	  223.348068	  143.283890	  340.405121  
	213	  122.822350	  161.908676	  225.959641  
	214	  168.105362	  249.308243	  124.122528  
	216	  110.551842	  117.933701	  399.739685  
	220	  96.201736	  185.604340	  14.062160  
	221	  237.409393	  65.350021	  358.210632  
	222	  74.649002	  52.898163	  382.485443  
	223	  46.680981	  140.513000	  184.278610  
	224	  103.235016	  189.460892	  221.385422  
	225	  80.912605	  218.900665	  140.310028  
	226	  149.525696	  131.278717	  209.427658  
	227	  136.328827	  207.875992	  249.064804  
	228	  133.270401	  263.545624	  106.051804  
	229	  74.743706	  45.220894	  455.050537  
	230	  269.799011	  113.579895	  406.347809  
	231	  276.942108	  122.893631	  324.184631  
	232	  46.023804	  206.603683	  159.478607  
	233	  152.186005	  273.248962	  56.802532  
	234	  51.212326	  185.449066	  264.036652  
	235	  141.092148	  146.515091	  376.436157  
	236	  133.966064	  24.502159	  191.082108  
	237	  95.667603	  52.156384	  404.707458  
	238	  268.663574	  147.997665	  315.224365  
	239	  259.194855	  176.508453	  134.032486  
	240	  84.432404	  64.099648	  85.019798  
	241	  105.427773	  203.636749	  208.984344  
	242	  165.581299	  147.373093	  405.710968  
	243	  138.769974	  97.291428	  475.991425  
	244	  176.484604	  159.993103	  433.535400  
	245	  62.367603	  122.875984	  419.930939  
	246	  225.052490	  168.344543	  180.099106  
	247	  173.498413	  180.353668	  82.080177  
	248	  181.937988	  213.354370	  257.996552  
	249	  46.663998	  66.235817	  87.166718  
	250	  166.453903	  274.709290	  357.508972  
	251	  195.878174	  127.518074	  353.494690  
	252	  246.719711	  244.509705	  169.158386  
	253	  245.216599	  175.530075	  337.658875  
	254	  78.940331	  146.033310	  61.678429  
	255	  234.826065	  188.407440	  394.779755  
	256	  253.392883	  139.203033	  369.775360  
	257	  127.469528	  156.800446	  213.002914  
	258	  167.606445	  265.815491	  126.240181  
	260	  121.079063	  123.205994	  411.512665  
	261	  96.761383	  124.875206	  275.544403  
	262	  83.879097	  128.202591	  120.955376  
	263	  230.280762	  205.064560	  300.287964  
	264	  201.031296	  192.481079	  207.568787  
	265	  198.188797	  174.216461	  242.224304  
	266	  226.365189	  235.916870	  342.555664  
	267	  64.121887	  147.336792	  269.431824  
	268	  69.670502	  98.063576	  407.783508  
	270	  41.597996	  100.622704	  60.580643  
	271	  230.960205	  192.338043	  68.700111  
	272	  220.762512	  177.447769	  336.872192  
	273	  236.184036	  57.830482	  362.834808  
	274	  123.979210	  190.278458	  229.788696  
	275	  121.580666	  110.467865	  377.330811  
	276	  193.716751	  155.357788	  346.653900  
	277	  99.302101	  201.958084	  13.655693  
	278	  224.831970	  67.174454	  347.811676  
	279	  70.299873	  66.480484	  391.126373  
	280	  52.096802	  133.222870	  169.951767  
	281	  88.463989	  192.248337	  228.545685  
	282	  97.288261	  220.245514	  137.617126  
	283	  162.011551	  128.540695	  198.758575  
	284	  151.757004	  213.508621	  249.514511  
	285	  123.763443	  277.051331	  103.945587  
	286	  202.388733	  255.425034	  447.800018  
	287	  273.789917	  106.939308	  420.273895  
	288	  25.983887	  110.378555	  330.502838  
	289	  57.446152	  209.141434	  149.029388  
	290	  149.789963	  259.113129	  49.795238  
	291	  35.662941	  191.398590	  263.831085  
	292	  154.957932	  155.526947	  374.499908  
	293	  146.570053	  33.856590	  196.174454  
	294	  97.021881	  34.770432	  398.655457  
	295	  22.354919	  142.232697	  308.848511  
	296	  272.787018	  174.001358	  142.368271  
	297	  81.361465	  50.675560	  94.378525  
	298	  109.325996	  220.247131	  209.703354  
	299	  153.671524	  138.092224	  412.728485  
	300	  140.457443	  86.309830	  463.732025  
	301	  165.010849	  146.691971	  436.700806  
	302	  55.346481	  131.674103	  433.026672  
	303	  239.135895	  161.989975	  186.303940  
	304	  161.785675	  174.018967	  92.075470  
	305	  186.704712	  228.175034	  263.899841  
	306	  166.992767	  284.931213	  99.176270  
	307	  163.118790	  259.482147	  351.658051  
	308	  188.869080	  112.794846	  348.125336  
	309	  104.810867	  26.239403	  178.801849  
	310	  260.178192	  168.280243	  338.560669  
	311	  74.078323	  160.020035	  54.065628  
	312	  229.270294	  201.478409	  401.197418  
	313	  264.175659	  129.598190	  361.486755  
	314	  129.588547	  146.696350	  200.386337  
	315	  164.683792	  281.640381	  129.192352  
	316	  133.774307	  131.244644	  420.763794  
	317	  104.494057	  136.536453	  284.569031  
	318	  81.589439	  145.095749	  118.838127  
	319	  246.180420	  213.732513	  301.556061  
	320	  187.742203	  199.088531	  215.116257  
	321	  238.606934	  227.571335	  334.958679  
	322	  47.732147	  140.005280	  268.971527  
	323	  54.193012	  101.427422	  415.271851  
	324	  34.221817	  116.264236	  57.914860  
	325	  246.566513	  186.543335	  68.404999  
	326	  221.871033	  51.534027	  357.115112  
	327	  127.949257	  198.043396	  215.605362  
	328	  127.968857	  95.699615	  373.051544  
	329	  177.537872	  151.618073	  345.436890  
	330	  226.172333	  168.007172	  306.488281  
	331	  226.353424	  198.623001	  289.640259  
	332	  69.363998	  159.027252	  277.278473  
	333	  214.354401	  188.081909	  335.421967  
	336	  85.139114	  112.573868	  112.420837  
	337	  100.701874	  218.450546	  11.849691  
	338	  216.998260	  77.500999	  337.729340  
	339	  70.159767	  80.732750	  399.511322  
	340	  58.429199	  122.612160	  158.792191  
	341	  77.795647	  202.016052	  236.791946  
	342	  113.601906	  223.574646	  137.550781  
	343	  172.399536	  121.142014	  188.054764  
	344	  165.961548	  214.817154	  241.361267  
	345	  241.018066	  62.877449	  103.819199  
	346	  200.693146	  240.359695	  442.513000  
	347	  271.230316	  100.168304	  434.960938  
	348	  34.481354	  95.990570	  333.661316  
	349	  144.605835	  244.832825	  42.981979  
	350	  21.631180	  200.361099	  263.904510  
	351	  166.993637	  165.713684	  369.401031  
	352	  159.170853	  35.522202	  206.697968  
	353	  232.609787	  244.989075	  393.514923  
	354	  37.286652	  136.084198	  304.791199  
	355	  26.172791	  171.845505	  152.657166  
	356	  207.568512	  264.020905	  102.947952  
	357	  115.392754	  235.060226	  214.284760  
	358	  135.265030	  72.229858	  456.765839  
	359	  156.596375	  132.364685	  435.629211  
	360	  46.644623	  141.818726	  442.955750  
	361	  250.131287	  154.825150	  196.550354  
	362	  155.313477	  165.567673	  104.878159  
	363	  187.962006	  243.878250	  269.289734  
	364	  160.712234	  281.966187	  114.614883  
	365	  160.790619	  243.225220	  348.916840  
	366	  178.447647	  99.474113	  344.932495  
	367	  220.303955	  256.890808	  184.934998  
	368	  274.801239	  160.877243	  335.630676  
	369	  68.431732	  174.799377	  48.878197  
	370	  224.649857	  215.280304	  409.283325  
	371	  275.864166	  118.749100	  356.701477  
	372	  129.068771	  134.879654	  188.673859  
	373	  34.118011	  72.976234	  132.134491  
	374	  142.588165	  139.303833	  431.100983  
	375	  115.911263	  142.896454	  292.356323  
	376	  75.261093	  160.413361	  117.242699  
	377	  258.472046	  224.777618	  303.591705  
	378	  180.326706	  211.538132	  223.316269  
	379	  252.245270	  224.803635	  325.817657  
	380	  32.595810	  133.069702	  269.079193  
	381	  39.085293	  99.480843	  420.377838  
	382	  26.722046	  131.129272	  57.834270  
	383	  261.052124	  178.987793	  65.195190  
	384	  207.987869	  49.207741	  348.256683  
	385	  137.040161	  204.032059	  203.007187  
	386	  137.181519	  83.719223	  366.064453  
	387	  162.242004	  147.106552	  340.650940  
	388	  231.275345	  159.767426	  292.981506  
	389	  214.363754	  186.763077	  276.927429  
	390	  72.234879	  170.757843	  288.740295  
	391	  203.467590	  197.730270	  327.362793  
	392	  204.270950	  200.232025	  132.927612  
	393	  243.745728	  165.925995	  484.422333  
	394	  180.257462	  151.018616	  255.971344  
	395	  139.096710	  202.800201	  188.184189  
	396	  99.000725	  127.414238	  395.328278  
	397	  97.647804	  101.726868	  111.544380  
	398	  244.252579	  218.836487	  149.790466  
	399	  90.932007	  65.805305	  409.513794  
	400	  80.395653	  94.817162	  412.810516  
	401	  181.459259	  199.853271	  84.115417  
	402	  75.971146	  69.355820	  469.448425  
	403	  76.250015	  116.347389	  61.356236  
	404	  24.664063	  112.516655	  409.869659  
	405	  201.466690	  109.609261	  342.316559  
	406	  96.440170	  234.072983	  7.976738  
	407	  209.303635	  85.948746	  325.619385  
	408	  60.920059	  108.035881	  151.140381  
	409	  67.458786	  209.942291	  247.162415  
	410	  130.155319	  225.117004	  138.428284  
	411	  177.366882	  116.451080	  172.871124  
	412	  180.116882	  217.561508	  233.035553  
	413	  230.972305	  76.114624	  104.859573  
	414	  195.287079	  223.982971	  439.877441  
	415	  272.695404	  95.747696	  450.946381  
	416	  40.584877	  80.833664	  331.253937  
	417	  137.096298	  230.260513	  40.070484  
	418	  267.141907	  208.685242	  265.783234  
	419	  176.974777	  170.326691	  357.002472  
	420	  171.524414	  34.487091	  217.812851  
	421	  234.744949	  230.311401	  386.007599  
	422	  52.972008	  135.836685	  299.211700  
	423	  35.355118	  165.251190	  164.881012  
	424	  194.925446	  252.954590	  109.808517  
	425	  117.684937	  250.108841	  221.030701  
	426	  131.237976	  61.272972	  444.893524  
	427	  150.023834	  117.116341	  434.399506  
	428	  34.601395	  152.225983	  447.841675  
	429	  259.133972	  144.564484	  206.084106  
	430	  151.846725	  155.983536	  118.044342  
	431	  187.215515	  260.500244	  269.901733  
	432	  163.120163	  226.756882	  348.149139  
	433	  167.585678	  87.741173	  340.287262  
	434	  205.022247	  259.007996	  191.196716  
	435	  28.544525	  153.245819	  329.684540  
	436	  58.733261	  188.297012	  47.890251  
	437	  227.168304	  228.321091	  419.324127  
	438	  24.360992	  105.765465	  350.401947  
	439	  130.414291	  126.813171	  174.170624  
	440	  33.930183	  89.619797	  132.557693  
	441	  151.970963	  150.685043	  438.824554  
	442	  129.778915	  148.106506	  301.222351  
	443	  70.348824	  176.097382	  114.577446  
	444	  142.875824	  7.512695	  300.030243  
	445	  174.371475	  224.464615	  231.957092  
	446	  268.394592	  222.430618	  322.532715  
	447	  277.352905	  128.161926	  263.919922  
	448	  24.679697	  105.785484	  424.806122  
	449	  279.749634	  146.300858	  56.796474  
	450	  275.084961	  175.734222	  56.845585  
	451	  193.038620	  54.682129	  343.442505  
	452	  151.694901	  207.962311	  196.150482  
	453	  147.973206	  71.580673	  362.401428  
	454	  149.955124	  138.317795	  333.650024  
	455	  240.106079	  148.852676	  284.031158  
	456	  75.469788	  184.738022	  297.184967  
	457	  191.168793	  202.533417	  317.219238  
	458	  197.589584	  211.759308	  142.912781  
	459	  258.324615	  158.205551	  486.674713  
	460	  169.717773	  139.236267	  261.197601  
	461	  140.194672	  219.397705	  187.449387  
	462	  89.543343	  141.017197	  396.983612  
	463	  106.223900	  88.306808	  116.399803  
	464	  247.430893	  214.160736	  134.129745  
	465	  71.672844	  108.908363	  411.221283  
	466	  173.647232	  205.946701	  98.136978  
	467	  68.774933	  83.691757	  473.911377  
	468	  72.254265	  100.249306	  59.904270  
	469	  40.737587	  111.923187	  413.915924  
	470	  216.880371	  111.279221	  336.584930  
	471	  205.474777	  204.776077	  173.314041  
	472	  210.713531	  256.462982	  341.976013  
	473	  113.897491	  194.835266	  205.334885  
	474	  27.898773	  219.884995	  172.523270  
	475	  277.185272	  140.364044	  325.661133  
	476	  261.339569	  174.799438	  126.662201  
	477	  63.545311	  59.410156	  401.897430  
	478	  271.231293	  161.017197	  137.152954  
	479	  175.455734	  173.178696	  426.791351  
	480	  228.757111	  197.731857	  385.734406  
	481	  209.262527	  248.123398	  432.487396  
	482	  35.717754	  93.805428	  349.101563  
	483	  89.810905	  44.489044	  95.744209  
	484	  118.826012	  136.105545	  281.077515  
	485	  95.545761	  250.396515	  11.133460  
	486	  205.370132	  97.497414	  314.288971  
	487	  65.116829	  92.490158	  146.904800  
	488	  56.063911	  213.704712	  258.704651  
	489	  144.045868	  233.403580	  134.484924  
	490	  184.079620	  112.125778	  158.261078  
	491	  189.552490	  218.361450	  219.340591  
	492	  217.331375	  85.134109	  101.729660  
	493	  189.955414	  208.244110	  440.918640  
	494	  270.209290	  95.797844	  467.409637  
	495	  49.567062	  66.821808	  331.712921  
	496	  133.366638	  214.033752	  40.003498  
	497	  252.413239	  215.342545	  269.779388  
	498	  185.636597	  175.778336	  343.869507  
	499	  182.991882	  29.623859	  228.861328  
	500	  239.594406	  214.463013	  387.297882  
	501	  66.125847	  137.592331	  289.156006  
	502	  46.467724	  164.273911	  177.241333  
	503	  183.790588	  242.406677	  116.287643  
	504	  121.279617	  261.133972	  232.978378  
	505	  128.493073	  50.871323	  432.185516  
	506	  141.556137	  102.791046	  434.953217  
	507	  20.606489	  160.142548	  452.165222  
	508	  267.506226	  132.609268	  214.096634  
	509	  147.564789	  149.920441	  132.948242  
	510	  186.375778	  276.904114	  267.175781  
	511	  166.131454	  210.960968	  352.467010  
	512	  157.573318	  74.471664	  339.341003  
	513	  192.180664	  261.605957	  201.471283  
	514	  38.044609	  147.140381	  317.449554  
	515	  49.144466	  201.832428	  46.451572  
	516	  229.945282	  237.426025	  432.984680  
	517	  128.453812	  121.590782	  158.482864  
	518	  30.434778	  105.880074	  133.337402  
	519	  157.934219	  165.747864	  442.668182  
	520	  142.632217	  154.823181	  309.401672  
	521	  61.440327	  189.597443	  110.626587  
	522	  155.285019	  17.022070	  294.302582  
	523	  171.217194	  236.927017	  242.538284  
	524	  284.243835	  222.697723	  317.438354  
	525	  263.250549	  120.687790	  259.178223  
	526	  279.157288	  162.424438	  52.685322  
	527	  284.481689	  169.050568	  44.835068  
	528	  178.348953	  56.796017	  335.894806  
	529	  165.536957	  216.607529	  192.851944  
	530	  157.021805	  60.301006	  354.148285  
	531	  141.421906	  129.242767	  322.602386  
	532	  252.386490	  139.476639	  277.825989  
	533	  81.141296	  198.607529	  304.444000  
	534	  178.211151	  206.152420	  307.409821  
	535	  191.896622	  224.242416	  152.345947  
	536	  273.500793	  151.568939	  488.366364  
	537	  161.164902	  126.928665	  268.449768  
	538	  143.568069	  235.319397	  183.936188  
	539	  78.555901	  153.252533	  394.376862  
	540	  114.714569	  74.822952	  121.228539  
	541	  248.657440	  211.409302	  117.754532  
	542	  164.579376	  209.229233	  111.145569  
	543	  63.615959	  96.938675	  482.578949  
	544	  75.451340	  84.686417	  54.924549  
	545	  232.618973	  109.336494	  341.247986  
	546	  214.919861	  217.375320	  178.724396  
	547	  209.052780	  254.395294	  325.538574  
	548	  22.492329	  234.936752	  177.153351  
	549	  288.596100	  134.061005	  336.019104  
	550	  277.464050	  170.958176	  128.233185  
	551	  56.310749	  47.737644	  411.312103  
	552	  269.233459	  144.496399	  136.610580  
	553	  178.106537	  188.417725	  420.629578  
	554	  218.684647	  206.444107	  375.741150  
	555	  217.431335	  254.550705	  419.480377  
	556	  41.124813	  86.162018	  363.036530  
	557	  105.146935	  47.470139	  89.987320  
	558	  118.706245	  126.800583	  267.270782  
	559	  278.420898	  163.889160	  211.407303  
	560	  195.723907	  175.239838	  270.299622  
	561	  48.238701	  156.158188	  183.826202  
	562	  198.423813	  142.868195	  353.230286  
	563	  89.402550	  113.402824	  121.025414  
	564	  248.087708	  255.351654	  157.753799  
	565	  41.062710	  85.102371	  63.193523  
	566	  115.185730	  151.046555	  198.631287  
	567	  157.854416	  268.363892	  122.051842  
	568	  171.907089	  220.875916	  103.223633  
   2  total number of boundary nodes
node bctyp press/flow   HD    PO2
	1	  0	  100.000000	  0.400000	  100.000000
	14	  0	  20.000000	  0.400000	  18.000000

