11511 200 25.000025 Current network file generated by angioadapt
  300.000000  300.000000  500.000000	box dimensions in microns
  15    15    25 	number of tissue points in x,y,z directions
  0.000000			outer bound distance (100. in test case)
  75.000000				max. segment length.  (5. in test case)
   40				nodsegm, max. number of segments per node
  939				total number of segments 
  name type from  to  diam       flow
	1	  4	  1	  2	  7.000000	  32.412674	  0.400000  
	2	  3	  2	  3	  7.824412	  32.412674	  0.400000  
	3	  5	  3	  715	  8.188046	  32.412674	  0.400000  
	5	  5	  5	  119	  8.704905	  25.614279	  0.447451  
	6	  5	  56	  414	  8.700551	  14.098927	  0.517714  
	7	  5	  7	  431	  7.801174	  5.638835	  0.449282  
	8	  5	  8	  50	  8.219374	  4.067375	  0.541287  
	9	  5	  9	  1116	  8.034009	  1.946515	  0.590987  
	14	  4	  14	  15	  16.000000	  -32.412674	  0.400000  
	15	  3	  15	  16	  10.162864	  -32.412674	  0.400000  
	16	  5	  16	  112	  10.259089	  -32.412674	  0.400000  
	17	  5	  17	  58	  9.728359	  -22.304113	  0.436943  
	19	  5	  19	  360	  8.223469	  -6.733752	  0.509033  
	21	  5	  403	  1401	  6.435874	  -1.172412	  0.487626  
	32	  5	  1401	  1149	  4.867528	  -0.395369	  0.485079  
	33	  5	  58	  40	  4.088157	  -1.610561	  0.124060  
	44	  5	  109	  128	  5.378529	  0.461705	  0.494033  
	47	  5	  9	  533	  6.924139	  1.575172	  0.587372  
	49	  5	  50	  9	  8.399951	  3.521687	  0.589370  
	52	  5	  46	  53	  3.856617	  -1.610561	  0.124060  
	56	  5	  50	  67	  4.485307	  0.545688	  0.230973  
	57	  5	  58	  534	  8.818320	  -11.913261	  0.484000  
	59	  5	  60	  403	  6.227625	  -1.172412	  0.487626  
	62	  5	  53	  63	  3.701305	  -1.610561	  0.124060  
	65	  5	  56	  95	  7.623171	  8.933770	  0.438287  
	67	  5	  58	  68	  7.835971	  -8.780292	  0.430488  
	73	  5	  63	  74	  3.517513	  -1.610561	  0.124060  
	75	  5	  95	  76	  4.516932	  1.866201	  0.243902  
	76	  5	  67	  1012	  5.309099	  -1.017622	  0.356538  
	77	  5	  68	  78	  6.831442	  -5.468797	  0.327539  
	81	  5	  534	  93	  6.801337	  -3.902088	  0.362520  
	84	  5	  74	  85	  4.350181	  -2.581583	  0.095426  
	86	  5	  76	  87	  4.799799	  1.866201	  0.243902  
	88	  5	  78	  195	  6.926425	  -5.468797	  0.327539  
	89	  5	  69	  619	  5.675325	  -2.038263	  0.413878  
	90	  5	  80	  227	  5.733003	  -0.703617	  0.503027  
	96	  5	  112	  17	  9.597031	  -22.304113	  0.436943  
	99	  5	  85	  100	  4.118127	  -2.581583	  0.095426  
	100	  5	  491	  943	  4.133350	  0.273721	  0.434655  
	101	  5	  87	  353	  4.984171	  1.866201	  0.243902  
	103	  5	  195	  104	  6.721528	  -3.225562	  0.341419  
	105	  5	  227	  106	  5.903632	  -0.828254	  0.412705  
	107	  5	  93	  474	  6.598436	  -2.302526	  0.451906  
	109	  5	  95	  1559	  7.669363	  7.067568	  0.489615  
	110	  5	  67	  771	  6.299072	  1.563310	  0.312708  
	118	  5	  100	  119	  3.769491	  -2.581583	  0.095426  
	119	  5	  943	  1649	  4.725606	  -0.446181	  0.145407  
	120	  5	  353	  310	  5.182700	  1.866201	  0.243902  
	122	  5	  104	  1611	  6.817945	  -3.225562	  0.341419  
	123	  5	  105	  124	  4.860136	  -0.917530	  0.700048  
	124	  5	  106	  125	  5.977477	  -0.828254	  0.412705  
	126	  5	  474	  127	  6.831422	  -2.506648	  0.457697  
	130	  5	  112	  131	  8.109875	  -10.108562	  0.318486  
	132	  5	  60	  309	  4.862018	  -0.484012	  0.458723  
	133	  5	  68	  596	  7.186734	  -3.311495	  0.600503  
	143	  5	  119	  56	  8.888894	  23.032696	  0.486907  
	146	  5	  310	  229	  4.401803	  1.119101	  0.289162  
	148	  5	  1611	  196	  5.072370	  -1.635174	  0.197338  
	149	  5	  124	  149	  4.760622	  -0.917530	  0.700048  
	150	  5	  125	  176	  5.215553	  -0.305957	  0.665310  
	152	  5	  127	  978	  6.903782	  -2.506648	  0.457697  
	154	  5	  129	  1617	  5.284271	  2.081336	  0.586098  
	156	  5	  131	  1549	  8.193996	  -10.108562	  0.318486  
	158	  5	  309	  158	  4.935300	  -0.484012	  0.458723  
	159	  5	  596	  159	  4.940667	  -0.726713	  0.638488  
	162	  5	  40	  46	  3.971944	  -1.610561	  0.124060  
	165	  5	  110	  164	  5.334940	  1.597066	  0.441998  
	169	  5	  168	  8	  8.096405	  4.067375	  0.541287  
	174	  5	  285	  1031	  6.198686	  0.908258	  0.299127  
	176	  5	  149	  267	  6.508503	  -1.539758	  0.618853  
	179	  5	  978	  178	  4.826862	  -0.923958	  0.526100  
	180	  5	  128	  1315	  6.265672	  -0.626013	  0.475319  
	182	  5	  774	  1239	  4.387172	  0.472421	  0.266640  
	183	  5	  1549	  182	  7.938405	  -7.123024	  0.350592  
	185	  5	  158	  184	  4.977556	  -0.484012	  0.458723  
	186	  5	  159	  185	  4.932177	  -0.726713	  0.638488  
	190	  5	  163	  189	  4.520326	  -0.714917	  0.295411  
	191	  5	  164	  268	  5.632448	  1.597066	  0.441998  
	192	  5	  195	  312	  3.794572	  -2.243234	  0.307580  
	195	  5	  168	  194	  3.099267	  0.477561	  0.122968  
	203	  5	  229	  202	  5.248025	  1.765693	  0.192605  
	205	  5	  196	  204	  4.771044	  -0.594711	  0.282566  
	206	  5	  267	  205	  3.753873	  0.363179	  0.307180  
	209	  5	  178	  471	  4.754375	  -0.923958	  0.526100  
	210	  5	  1315	  209	  5.934328	  -0.258336	  0.776284  
	213	  5	  182	  212	  8.054704	  -7.123024	  0.350592  
	215	  5	  184	  214	  4.114399	  -0.428350	  0.419325  
	216	  5	  185	  215	  4.905705	  -0.726713	  0.638488  
	220	  5	  189	  685	  4.443576	  -0.714917	  0.295411  
	225	  5	  194	  224	  3.424281	  0.477561	  0.122968  
	227	  5	  196	  225	  3.821221	  -1.040462	  0.148623  
	232	  5	  129	  110	  4.976890	  -2.081336	  0.586098  
	236	  5	  200	  730	  3.721133	  0.096337	  0.519087  
	237	  5	  201	  1520	  3.990608	  0.090527	  0.267784  
	238	  5	  202	  235	  5.265608	  1.765693	  0.192605  
	241	  5	  205	  238	  3.959447	  0.363179	  0.307180  
	245	  5	  209	  242	  6.053529	  -0.258336	  0.776284  
	246	  5	  210	  243	  4.973268	  0.974506	  0.472928  
	248	  5	  212	  245	  8.142785	  -7.123024	  0.350592  
	250	  5	  214	  247	  4.012582	  -0.428350	  0.419325  
	251	  5	  215	  248	  4.858375	  -0.726713	  0.638488  
	252	  5	  661	  625	  5.149901	  -0.647426	  0.767027  
	255	  5	  685	  252	  4.907780	  -1.093899	  0.249643  
	256	  5	  268	  291	  4.951178	  0.673107	  0.326553  
	257	  5	  312	  254	  5.363598	  -3.646612	  0.233410  
	260	  5	  224	  256	  3.625376	  0.477561	  0.122968  
	263	  5	  227	  259	  5.759787	  -0.578654	  0.633713  
	264	  5	  360	  751	  6.113719	  -0.986349	  0.342785  
	265	  5	  229	  261	  3.564818	  -0.646592	  0.025488  
	276	  5	  730	  1476	  3.802958	  0.096337	  0.519087  
	278	  5	  235	  273	  5.281525	  1.765693	  0.192605  
	280	  5	  204	  318	  4.456718	  -0.215729	  0.492075  
	281	  5	  238	  470	  4.031811	  0.363179	  0.307180  
	284	  5	  471	  279	  4.622043	  -0.923958	  0.526100  
	285	  5	  242	  280	  6.126682	  -0.258336	  0.776284  
	286	  5	  243	  538	  5.009980	  0.974506	  0.472928  
	288	  5	  245	  283	  8.215744	  -7.123024	  0.350592  
	289	  5	  1027	  284	  3.732139	  -0.245602	  0.210472  
	290	  5	  247	  285	  3.859570	  -0.428350	  0.419325  
	291	  5	  248	  286	  4.791153	  -0.726713	  0.638488  
	292	  5	  625	  287	  5.876757	  -0.863155	  0.698308  
	295	  5	  252	  290	  4.811419	  -1.093899	  0.249643  
	297	  5	  254	  292	  5.191140	  -3.646612	  0.233410  
	298	  5	  1789	  1394	  5.862358	  -0.352915	  0.713692  
	299	  5	  256	  294	  3.742136	  0.477561	  0.122968  
	300	  5	  225	  295	  3.514587	  0.362915	  0.018035  
	302	  5	  259	  297	  5.836142	  -0.578654	  0.633713  
	304	  5	  261	  299	  3.488744	  -0.646592	  0.025488  
	309	  5	  1649	  304	  3.523858	  -0.174882	  0.178834  
	310	  5	  267	  305	  6.665814	  -1.902937	  0.559370  
	311	  5	  268	  279	  4.366396	  0.923958	  0.526100  
	320	  5	  701	  314	  5.983786	  -0.972982	  0.639682  
	322	  5	  273	  316	  5.289309	  1.765693	  0.192605  
	325	  5	  470	  538	  6.492210	  0.955800	  0.535202  
	328	  5	  280	  322	  4.520540	  -0.139528	  0.723742  
	331	  5	  283	  325	  8.279843	  -7.123024	  0.350592  
	332	  5	  284	  1178	  3.481840	  -0.245602	  0.210472  
	334	  5	  286	  327	  4.703571	  -0.726713	  0.638488  
	335	  5	  287	  701	  5.760325	  -0.863155	  0.698308  
	338	  5	  290	  331	  4.691334	  -1.093899	  0.249643  
	339	  5	  291	  332	  5.186961	  0.673107	  0.326553  
	340	  5	  292	  333	  6.174179	  -6.798396	  0.221220  
	341	  5	  293	  540	  7.725541	  -0.970514	  0.680610  
	342	  5	  294	  335	  3.806427	  0.477561	  0.122968  
	343	  5	  295	  336	  3.662616	  0.362915	  0.018035  
	345	  5	  297	  338	  5.896855	  -0.578654	  0.633713  
	346	  5	  751	  339	  5.574283	  -0.476966	  0.565497  
	347	  5	  299	  386	  3.249746	  -0.646592	  0.025488  
	348	  5	  300	  341	  4.263933	  -0.173533	  0.180897  
	352	  5	  304	  344	  3.495987	  -0.174882	  0.178834  
	353	  5	  305	  345	  6.549263	  -1.902937	  0.559370  
	355	  5	  1116	  347	  4.481958	  0.375629	  0.349320  
	356	  5	  474	  348	  7.708399	  -3.029425	  0.493290  
	358	  5	  310	  350	  4.112339	  0.747100	  0.176107  
	360	  5	  312	  351	  4.427795	  1.403377	  0.114853  
	369	  5	  360	  69	  9.014877	  -7.871188	  0.463163  
	370	  5	  314	  1105	  5.763315	  -0.972982	  0.639682  
	371	  5	  2058	  362	  3.835335	  -0.067217	  0.455649  
	372	  5	  316	  363	  5.291108	  1.765693	  0.192605  
	375	  5	  538	  366	  8.227966	  3.029425	  0.493290  
	378	  5	  322	  369	  4.514773	  -0.139528	  0.723742  
	381	  5	  325	  372	  8.347222	  -7.123024	  0.350592  
	383	  5	  327	  871	  4.584714	  -0.726713	  0.638488  
	387	  5	  331	  377	  4.509941	  -1.093899	  0.249643  
	388	  5	  332	  768	  5.279946	  0.673107	  0.326553  
	389	  5	  333	  379	  6.066430	  -6.798396	  0.221220  
	391	  5	  335	  381	  3.846936	  0.477561	  0.122968  
	392	  5	  336	  382	  3.704872	  0.362915	  0.018035  
	393	  5	  337	  383	  3.991328	  -0.236422	  0.224363  
	394	  5	  338	  384	  4.525983	  -0.092179	  0.780846  
	395	  5	  339	  385	  5.631888	  -0.476966	  0.565497  
	397	  5	  341	  387	  4.237265	  -0.173533	  0.180897  
	399	  5	  539	  1577	  4.536836	  -0.182686	  0.738834  
	400	  5	  344	  390	  3.425009	  -0.174882	  0.178834  
	401	  5	  345	  391	  6.415481	  -1.902937	  0.559370  
	403	  5	  347	  393	  3.621453	  0.193280	  0.372327  
	404	  5	  348	  394	  7.795775	  -3.029425	  0.493290  
	405	  5	  854	  395	  4.187289	  -0.191319	  0.603858  
	406	  5	  350	  396	  4.259929	  0.747100	  0.176107  
	407	  5	  351	  397	  4.557207	  1.403377	  0.114853  
	410	  5	  1617	  210	  4.902914	  0.974506	  0.472928  
	411	  5	  60	  778	  6.170197	  -1.329630	  0.379271  
	418	  5	  184	  406	  4.004458	  -0.055662	  0.761911  
	421	  5	  360	  408	  7.144115	  2.123785	  0.261818  
	425	  5	  292	  386	  4.897787	  3.151785	  0.207117  
	428	  5	  414	  7	  7.669503	  5.638835	  0.449282  
	430	  5	  362	  416	  3.806813	  -0.067217	  0.455649  
	431	  5	  363	  417	  5.287148	  1.765693	  0.192605  
	433	  5	  365	  419	  4.448931	  -0.215729	  0.492075  
	434	  5	  366	  420	  8.163209	  3.029425	  0.493290  
	437	  5	  369	  423	  4.482948	  -0.139528	  0.723742  
	438	  5	  805	  424	  6.584249	  -0.626698	  0.631887  
	439	  5	  324	  543	  4.990940	  -0.475245	  0.654025  
	440	  5	  372	  426	  8.406937	  -7.123024	  0.350592  
	441	  5	  1178	  427	  3.825000	  0.273721	  0.434655  
	442	  5	  871	  428	  4.535430	  0.489547	  0.481967  
	445	  5	  431	  168	  7.909275	  4.544936	  0.497332  
	446	  5	  377	  431	  4.197965	  -1.093899	  0.249643  
	448	  5	  379	  433	  5.951008	  -6.798396	  0.221220  
	449	  5	  540	  434	  7.628678	  -1.160448	  0.635995  
	451	  5	  382	  436	  3.729540	  0.362915	  0.018035  
	452	  5	  383	  437	  3.994305	  -0.236422	  0.224363  
	453	  5	  384	  438	  4.573109	  -0.092179	  0.780846  
	454	  5	  385	  439	  5.671350	  -0.476966	  0.565497  
	455	  5	  386	  440	  4.299863	  2.505193	  0.253995  
	456	  5	  387	  441	  4.190404	  -0.173533	  0.180897  
	459	  5	  390	  614	  3.236327	  -0.174882	  0.178834  
	460	  5	  391	  806	  6.241296	  -1.902937	  0.559370  
	462	  5	  393	  447	  3.786264	  0.193280	  0.372327  
	463	  5	  394	  448	  7.864982	  -3.029425	  0.493290  
	464	  5	  395	  449	  4.166144	  -0.191319	  0.603858  
	465	  5	  396	  450	  4.364286	  0.747100	  0.176107  
	466	  5	  397	  451	  4.672746	  1.403377	  0.114853  
	475	  5	  406	  458	  4.012022	  -0.055662	  0.761911  
	476	  5	  408	  459	  7.104968	  2.123785	  0.261818  
	482	  5	  414	  463	  7.672706	  4.632144	  0.574031  
	486	  5	  869	  880	  5.104480	  0.736885	  0.270343  
	492	  5	  751	  473	  7.088309	  2.584782	  0.589824  
	496	  5	  69	  60	  8.602008	  -5.832925	  0.480385  
	497	  5	  534	  19	  8.048986	  -6.733752	  0.509033  
	498	  5	  1105	  479	  6.130292	  -1.200147	  0.565579  
	500	  5	  417	  481	  5.277573	  1.765693	  0.192605  
	502	  5	  419	  483	  4.395277	  -0.215729	  0.492075  
	503	  5	  420	  484	  8.112384	  3.029425	  0.493290  
	506	  5	  423	  487	  5.084147	  -0.207156	  0.670246  
	507	  5	  424	  1696	  6.830964	  -0.626698	  0.631887  
	508	  5	  543	  489	  5.605054	  -0.810648	  0.621021  
	509	  5	  426	  490	  8.463433	  -7.123024	  0.350592  
	510	  5	  427	  491	  4.047429	  0.273721	  0.434655  
	511	  5	  428	  492	  4.713429	  0.489547	  0.481967  
	514	  5	  768	  495	  4.654996	  0.436685	  0.381878  
	515	  5	  433	  496	  5.813891	  -6.798396	  0.221220  
	516	  5	  434	  497	  7.438499	  -1.160448	  0.635995  
	518	  5	  436	  498	  3.732661	  0.362915	  0.018035  
	519	  5	  437	  694	  3.954833	  -0.236422	  0.224363  
	520	  5	  438	  500	  4.614868	  -0.092179	  0.780846  
	521	  5	  439	  501	  5.704360	  -0.476966	  0.565497  
	522	  5	  440	  502	  5.993719	  2.985538	  0.241886  
	523	  5	  441	  503	  4.110489	  -0.173533	  0.180897  
	527	  5	  806	  507	  7.461209	  -3.827948	  0.550372  
	528	  5	  446	  1761	  5.948604	  0.360598	  0.852287  
	530	  5	  448	  510	  7.941204	  -3.029425	  0.493290  
	531	  5	  449	  511	  4.118434	  -0.191319	  0.603858  
	532	  5	  450	  512	  4.434052	  0.747100	  0.176107  
	533	  5	  451	  513	  4.756450	  1.403377	  0.114853  
	540	  5	  458	  519	  4.001069	  -0.055662	  0.761911  
	541	  5	  459	  520	  7.055145	  2.123785	  0.261818  
	542	  5	  676	  521	  3.831153	  0.097729	  0.605453  
	543	  5	  461	  522	  5.766136	  0.336918	  0.529129  
	545	  5	  463	  589	  7.937955	  4.632144	  0.574031  
	547	  5	  200	  461	  3.509771	  -0.096337	  0.519087  
	548	  5	  466	  526	  4.228073	  0.173533	  0.180897  
	549	  5	  880	  527	  5.753492	  1.173571	  0.311845  
	550	  5	  751	  1483	  7.470498	  -2.528960	  0.607557  
	551	  5	  469	  529	  3.403970	  0.109827	  0.178924  
	552	  5	  470	  530	  6.295826	  -0.592620	  0.674942  
	554	  5	  869	  226	  3.867981	  -0.255821	  0.419673  
	555	  5	  473	  531	  6.983793	  2.584782	  0.589824  
	556	  5	  474	  532	  7.773550	  3.233546	  0.495167  
	557	  5	  318	  365	  4.474860	  -0.215729	  0.492075  
	562	  5	  128	  535	  5.472006	  -0.502671	  0.503179  
	574	  5	  479	  589	  7.921157	  -3.171242	  0.605518  
	576	  5	  481	  549	  5.262481	  1.765693	  0.192605  
	577	  5	  482	  781	  3.772983	  -0.035720	  0.595874  
	578	  5	  483	  551	  4.304640	  -0.215729	  0.492075  
	579	  5	  484	  552	  8.056414	  3.029425	  0.493290  
	582	  5	  487	  555	  5.017347	  -0.207156	  0.670246  
	584	  5	  489	  479	  7.590972	  -1.971096	  0.629837  
	585	  5	  490	  557	  8.510525	  -7.123024	  0.350592  
	587	  5	  492	  558	  4.790954	  0.489547	  0.481967  
	590	  5	  495	  561	  4.693357	  0.436685	  0.381878  
	591	  5	  496	  562	  5.643534	  -6.798396	  0.221220  
	592	  5	  497	  563	  7.280079	  -1.160448	  0.635995  
	593	  5	  498	  564	  3.721447	  0.362915	  0.018035  
	595	  5	  500	  566	  4.635144	  -0.092179	  0.780846  
	596	  5	  501	  567	  5.726379	  -0.476966	  0.565497  
	597	  5	  502	  568	  5.998405	  2.985538	  0.241886  
	598	  5	  503	  641	  3.943185	  -0.173533	  0.180897  
	600	  5	  505	  571	  4.505094	  0.472421	  0.266640  
	601	  5	  614	  572	  5.930096	  -0.823338	  0.411848  
	602	  5	  507	  573	  7.255958	  -3.827948	  0.550372  
	603	  5	  1761	  952	  5.085877	  0.235406	  0.881065  
	604	  5	  509	  575	  4.844384	  0.339470	  0.330108  
	605	  5	  510	  552	  8.001512	  -3.029425	  0.493290  
	606	  5	  511	  576	  4.018222	  -0.191319	  0.603858  
	607	  5	  512	  577	  4.479666	  0.747100	  0.176107  
	608	  5	  513	  225	  4.814737	  1.403377	  0.114853  
	610	  5	  778	  1641	  5.938532	  -0.661574	  0.444360  
	614	  5	  519	  584	  3.958663	  -0.055662	  0.761911  
	615	  5	  520	  585	  7.003618	  2.123785	  0.261818  
	617	  5	  522	  2087	  4.155192	  0.151579	  0.551249  
	621	  5	  526	  1461	  4.181258	  0.173533	  0.180897  
	622	  5	  527	  592	  6.675743	  1.582689	  0.417764  
	624	  5	  529	  594	  3.484977	  0.109827	  0.178924  
	625	  5	  530	  595	  6.399953	  -0.592620	  0.674942  
	626	  5	  531	  596	  6.875563	  2.584782	  0.589824  
	628	  5	  533	  1178	  7.117977	  1.575172	  0.587372  
	629	  5	  534	  599	  5.788609	  -1.277421	  0.723126  
	630	  5	  535	  1653	  4.709068	  -0.309576	  0.377976  
	634	  5	  539	  745	  5.605815	  0.379378	  0.703398  
	635	  5	  540	  603	  3.714378	  0.189934	  0.408021  
	638	  5	  543	  606	  4.455028	  0.335402	  0.574257  
	641	  5	  619	  609	  4.063540	  0.565206	  0.099895  
	645	  5	  538	  805	  6.731428	  -1.099119	  0.474897  
	650	  5	  60	  80	  5.592055	  -0.703617	  0.503027  
	651	  5	  619	  105	  4.949647	  -0.917530	  0.700048  
	652	  5	  619	  163	  4.560887	  -0.714917	  0.295411  
	653	  5	  589	  621	  5.507119	  1.460902	  0.505680  
	655	  5	  549	  623	  5.241876	  1.765693	  0.192605  
	657	  5	  551	  625	  4.145017	  -0.215729	  0.492075  
	658	  5	  553	  626	  4.143755	  -0.074279	  0.689267  
	660	  5	  555	  628	  4.928926	  -0.207156	  0.670246  
	663	  5	  558	  631	  4.839562	  0.489547	  0.481967  
	664	  5	  1382	  943	  4.640970	  0.130555	  0.587869  
	666	  5	  561	  634	  4.711985	  0.436685	  0.381878  
	667	  5	  562	  635	  5.418149	  -6.798396	  0.221220  
	668	  5	  563	  489	  7.088373	  -1.160448	  0.635995  
	669	  5	  564	  636	  3.694874	  0.362915	  0.018035  
	671	  5	  566	  638	  4.646437	  -0.092179	  0.780846  
	672	  5	  567	  639	  5.743547	  -0.476966	  0.565497  
	673	  5	  568	  640	  6.002495	  2.985538	  0.241886  
	676	  5	  571	  643	  4.517718	  0.472421	  0.266640  
	677	  5	  572	  644	  5.676482	  -0.823338	  0.411848  
	678	  5	  573	  414	  7.023111	  -3.827948	  0.550372  
	679	  5	  952	  1440	  4.307190	  0.179744	  0.917964  
	680	  5	  575	  107	  4.771654	  0.339470	  0.330108  
	681	  5	  576	  324	  3.880092	  -0.191319	  0.603858  
	682	  5	  577	  647	  4.507283	  0.747100	  0.176107  
	685	  5	  1641	  1317	  5.608742	  -0.406830	  0.428472  
	689	  5	  584	  653	  3.855499	  -0.055662	  0.761911  
	690	  5	  585	  654	  6.941993	  2.123785	  0.261818  
	695	  5	  1681	  176	  3.606109	  0.119966	  0.607564  
	696	  5	  1461	  864	  4.097184	  0.173533	  0.180897  
	697	  5	  592	  660	  6.619773	  1.582689	  0.417764  
	698	  5	  593	  661	  4.690658	  -0.457761	  0.815480  
	700	  5	  595	  663	  6.507021	  -0.592620	  0.674942  
	704	  5	  599	  665	  5.850442	  -1.277421	  0.723126  
	708	  5	  603	  746	  3.976286	  0.189934	  0.408021  
	710	  5	  778	  671	  3.845623	  -0.477561	  0.122968  
	711	  5	  606	  672	  4.656748	  0.335402	  0.574257  
	712	  5	  607	  673	  3.781386	  0.079307	  0.843017  
	714	  5	  609	  675	  4.098318	  0.565206	  0.099895  
	719	  5	  614	  678	  5.877014	  0.648457	  0.474689  
	727	  5	  619	  683	  3.974634	  -0.971022	  0.047933  
	734	  5	  423	  1581	  3.632448	  0.067628	  0.559874  
	743	  5	  771	  774	  5.725758	  1.082965	  0.372132  
	745	  5	  774	  226	  3.711703	  0.255821	  0.419673  
	748	  5	  621	  703	  5.744369	  1.460902	  0.505680  
	750	  5	  623	  705	  5.214482	  1.765693	  0.192605  
	753	  5	  626	  1604	  4.141254	  -0.074279	  0.689267  
	755	  5	  628	  192	  4.708241	  -0.207156	  0.670246  
	757	  5	  557	  705	  8.569092	  -7.123024	  0.350592  
	758	  5	  631	  712	  4.869969	  0.489547	  0.481967  
	761	  5	  634	  714	  4.714414	  0.436685	  0.381878  
	762	  5	  715	  5	  8.464101	  25.614279	  0.447451  
	763	  5	  635	  715	  5.112421	  -6.798396	  0.221220  
	764	  5	  636	  716	  3.661353	  0.362915	  0.018035  
	766	  5	  638	  718	  4.636074	  -0.092179	  0.780846  
	767	  5	  639	  719	  5.752961	  -0.476966	  0.565497  
	768	  5	  640	  720	  6.001593	  2.985538	  0.241886  
	769	  5	  641	  721	  3.493543	  0.119642	  0.330279  
	771	  5	  643	  723	  4.509223	  0.472421	  0.266640  
	772	  5	  644	  724	  6.719691	  -1.925010	  0.541477  
	774	  5	  647	  725	  4.517985	  0.747100	  0.176107  
	776	  5	  1317	  727	  7.337206	  -1.111088	  0.505195  
	780	  5	  653	  952	  3.654428	  -0.055662	  0.761911  
	781	  5	  654	  732	  6.877929	  2.123785	  0.261818  
	786	  5	  864	  737	  4.306555	  -0.163547	  0.444164  
	787	  5	  660	  738	  6.558155	  1.582689	  0.417764  
	792	  5	  665	  742	  5.895294	  -1.277421	  0.723126  
	799	  5	  671	  381	  3.857275	  -0.477561	  0.122968  
	800	  5	  672	  748	  4.783082	  0.335402	  0.574257  
	801	  5	  673	  749	  3.904584	  0.079307	  0.843017  
	803	  5	  675	  751	  4.110256	  0.565206	  0.099895  
	806	  5	  678	  641	  5.972342	  0.648457	  0.474689  
	811	  5	  683	  758	  3.972803	  -0.971022	  0.047933  
	813	  5	  685	  760	  3.520151	  0.378982	  0.163307  
	822	  5	  694	  768	  3.849047	  -0.236422	  0.224363  
	823	  5	  641	  769	  4.103019	  0.197804	  0.697315  
	831	  5	  701	  469	  3.168003	  0.109827	  0.178924  
	842	  5	  854	  661	  3.726023	  -0.189665	  0.650085  
	844	  5	  703	  786	  5.875864	  1.460902	  0.505680  
	851	  5	  866	  1526	  5.124103	  -0.139064	  0.588182  
	852	  5	  705	  532	  7.645544	  -3.233546	  0.495167  
	853	  5	  712	  795	  4.878198	  0.489547	  0.481967  
	855	  5	  714	  797	  4.703120	  0.436685	  0.381878  
	856	  5	  716	  1052	  3.612098	  0.362915	  0.018035  
	858	  5	  718	  800	  4.606409	  -0.092179	  0.780846  
	859	  5	  719	  801	  5.754021	  -0.476966	  0.565497  
	860	  5	  720	  802	  5.996162	  2.985538	  0.241886  
	861	  5	  721	  746	  3.692698	  0.119642	  0.330279  
	864	  5	  723	  805	  4.493678	  0.472421	  0.266640  
	865	  5	  724	  806	  6.557220	  -1.925010	  0.541477  
	866	  5	  725	  807	  4.515202	  0.747100	  0.176107  
	868	  5	  727	  1644	  6.878728	  -0.799081	  0.501301  
	873	  5	  732	  812	  6.803560	  2.123785	  0.261818  
	874	  5	  1030	  749	  3.952937	  -0.079307	  0.843017  
	875	  5	  1629	  813	  4.191838	  -0.122075	  0.371261  
	878	  5	  737	  1090	  4.348733	  -0.163547	  0.444164  
	879	  5	  738	  817	  6.492509	  1.582689	  0.417764  
	881	  5	  740	  521	  5.262199	  -0.224659	  0.526923  
	883	  5	  742	  821	  5.931880	  -1.277421	  0.723126  
	886	  5	  745	  824	  6.453336	  0.679047	  0.526227  
	888	  5	  748	  826	  4.861090	  0.335402	  0.574257  
	897	  5	  758	  833	  3.952003	  -0.971022	  0.047933  
	899	  5	  760	  835	  3.637603	  0.378982	  0.163307  
	908	  5	  769	  842	  4.253649	  0.197804	  0.697315  
	910	  5	  771	  844	  4.529223	  0.480345	  0.178732  
	911	  5	  176	  409	  3.748897	  -0.121609	  0.695582  
	912	  5	  128	  845	  7.572114	  1.590389	  0.489557  
	917	  5	  778	  848	  4.413186	  -0.190494	  0.795762  
	920	  5	  781	  1999	  6.047936	  0.147246	  0.824502  
	922	  5	  1178	  1036	  6.588680	  0.742789	  0.734714  
	925	  5	  338	  855	  4.239305	  -0.157478	  0.628512  
	926	  5	  338	  856	  4.274489	  -0.328997	  0.594978  
	935	  5	  644	  863	  4.363121	  0.449819	  0.511288  
	941	  5	  869	  337	  3.963507	  -0.236422	  0.224363  
	943	  5	  786	  871	  5.546784	  1.216260	  0.575488  
	947	  5	  790	  874	  4.047874	  -0.074279	  0.689267  
	952	  5	  795	  878	  4.874254	  0.489547	  0.481967  
	954	  5	  797	  880	  4.672687	  0.436685	  0.381878  
	955	  5	  1052	  881	  5.488194	  1.599562	  0.233852  
	957	  5	  800	  883	  4.555246	  -0.092179	  0.780846  
	958	  5	  801	  884	  5.746540	  -0.476966	  0.565497  
	959	  5	  802	  885	  5.992880	  2.985538	  0.241886  
	960	  5	  746	  886	  4.812758	  0.309576	  0.377976  
	963	  5	  807	  888	  4.500218	  0.747100	  0.176107  
	968	  5	  812	  893	  6.733885	  2.123785	  0.261818  
	973	  5	  817	  897	  6.420973	  1.582689	  0.417764  
	977	  5	  821	  901	  5.960925	  -1.277421	  0.723126  
	980	  5	  824	  904	  6.423837	  0.679047	  0.526227  
	981	  5	  1384	  905	  4.519307	  -0.404655	  0.588626  
	982	  5	  826	  906	  4.910319	  0.335402	  0.574257  
	987	  5	  1087	  1696	  5.564438	  0.263869	  0.568220  
	989	  5	  833	  910	  3.916728	  -0.971022	  0.047933  
	991	  5	  835	  912	  3.700162	  0.378982	  0.163307  
	997	  5	  842	  1028	  4.327610	  0.197804	  0.697315  
	999	  5	  844	  919	  4.650484	  0.480345	  0.178732  
	1000	  5	  845	  920	  7.490973	  1.590389	  0.489557  
	1002	  5	  1483	  922	  4.014619	  -0.651853	  0.726040  
	1003	  5	  848	  923	  4.416620	  -0.190494	  0.795762  
	1005	  5	  745	  925	  4.936331	  -0.299669	  0.301930  
	1006	  5	  1999	  2096	  4.726532	  0.081642	  0.856710  
	1007	  5	  943	  927	  5.970155	  0.659641	  0.393613  
	1010	  5	  855	  929	  4.219973	  -0.157478	  0.628512  
	1011	  5	  856	  930	  4.206956	  -0.328997	  0.594978  
	1013	  5	  1640	  1036	  6.253540	  -0.523451	  0.767938  
	1016	  5	  522	  2050	  5.261442	  0.185339	  0.511038  
	1017	  5	  1149	  935	  4.730361	  -0.404655	  0.588626  
	1018	  5	  863	  936	  4.609594	  0.449819	  0.511288  
	1019	  5	  864	  937	  3.521161	  -0.037528	  0.233249  
	1021	  5	  866	  939	  5.023356	  -0.223765	  0.734126  
	1022	  5	  929	  940	  4.184437	  -0.157478	  0.628512  
	1024	  5	  125	  942	  3.509717	  -0.145262	  0.281190  
	1027	  5	  1476	  1886	  3.720955	  -0.089881	  0.516868  
	1028	  5	  869	  946	  3.880403	  -0.244642	  0.158625  
	1032	  5	  553	  948	  4.936556	  0.112290	  0.591128  
	1034	  5	  539	  950	  4.508910	  -0.196692	  0.670484  
	1041	  5	  1116	  461	  6.098439	  0.523136	  0.525173  
	1047	  5	  874	  962	  3.928735	  -0.074279	  0.689267  
	1051	  5	  878	  966	  4.854912	  0.489547	  0.481967  
	1054	  5	  881	  93	  5.413195	  1.599562	  0.233852  
	1056	  5	  883	  1448	  4.452787	  -0.092179	  0.780846  
	1057	  5	  884	  970	  5.729773	  -0.476966	  0.565497  
	1058	  5	  885	  971	  5.984135	  2.985538	  0.241886  
	1059	  5	  886	  1740	  4.791876	  0.309576	  0.377976  
	1061	  5	  888	  1052	  4.442211	  0.747100	  0.176107  
	1063	  5	  1644	  864	  5.277379	  -0.374608	  0.301079  
	1066	  5	  893	  705	  6.651874	  2.123785	  0.261818  
	1069	  5	  897	  978	  6.339412	  1.582689	  0.417764  
	1073	  5	  901	  981	  4.919485	  -1.034326	  0.700838  
	1075	  5	  904	  982	  5.777420	  0.424302	  0.560144  
	1077	  5	  905	  285	  4.337619	  -0.404655	  0.588626  
	1078	  5	  906	  984	  4.939499	  0.335402	  0.574257  
	1083	  5	  910	  988	  3.859970	  -0.971022	  0.047933  
	1085	  5	  912	  204	  3.723153	  0.378982	  0.163307  
	1087	  5	  1114	  324	  4.424960	  -0.283927	  0.687829  
	1092	  5	  919	  994	  4.739210	  0.480345	  0.178732  
	1093	  5	  920	  995	  7.437483	  1.590389	  0.489557  
	1095	  5	  922	  644	  3.735806	  -0.651853	  0.726040  
	1096	  5	  923	  997	  4.400405	  -0.190494	  0.795762  
	1098	  5	  925	  999	  4.964457	  -0.299669	  0.301930  
	1100	  5	  927	  1001	  5.909668	  0.659641	  0.393613  
	1102	  5	  930	  1002	  3.516252	  0.120822	  0.283403  
	1103	  5	  1385	  1003	  4.550469	  0.354723	  0.478342  
	1108	  5	  936	  1008	  4.789205	  0.449819	  0.511288  
	1109	  5	  937	  1009	  3.569624	  -0.037528	  0.233249  
	1111	  5	  939	  1010	  5.086388	  -0.223765	  0.734126  
	1112	  5	  940	  1011	  4.136222	  -0.157478	  0.628512  
	1114	  5	  942	  1405	  3.326350	  -0.145262	  0.281190  
	1115	  5	  943	  1014	  4.877930	  0.377034	  0.258390  
	1118	  5	  946	  1016	  3.912487	  -0.244642	  0.158625  
	1119	  5	  948	  1017	  5.740518	  0.263869	  0.568220  
	1121	  5	  950	  1019	  4.457688	  -0.196692	  0.670484  
	1122	  5	  1327	  1020	  4.394495	  0.163547	  0.444164  
	1129	  5	  1116	  1095	  7.055457	  0.520997	  0.686387  
	1131	  5	  1401	  1028	  4.339326	  -0.197804	  0.697315  
	1138	  5	  943	  162	  4.677047	  -0.186218	  0.518016  
	1139	  5	  1397	  1036	  4.277307	  -0.219338	  0.655424  
	1140	  5	  1789	  1597	  4.640692	  0.240807	  0.790720  
	1141	  5	  409	  1397	  3.563194	  -0.121609	  0.695582  
	1146	  5	  962	  1043	  4.480146	  -0.108018	  0.623032  
	1148	  5	  192	  2009	  4.995701	  0.165867	  0.721252  
	1150	  5	  966	  1046	  4.819628	  0.489547	  0.481967  
	1154	  5	  970	  1050	  5.702693	  -0.476966	  0.565497  
	1155	  5	  971	  1051	  5.973247	  2.985538	  0.241886  
	1164	  5	  981	  1617	  4.846839	  -1.034326	  0.700838  
	1165	  5	  982	  1058	  5.739102	  0.424302	  0.560144  
	1166	  5	  984	  1059	  4.944057	  0.335402	  0.574257  
	1169	  5	  988	  1062	  3.772646	  -0.971022	  0.047933  
	1170	  5	  2110	  482	  4.033069	  -0.035720	  0.595874  
	1175	  5	  994	  1067	  4.801939	  0.480345	  0.178732  
	1176	  5	  995	  1068	  7.375966	  1.590389	  0.489557  
	1178	  5	  997	  1645	  4.328993	  -0.190494	  0.795762  
	1180	  5	  999	  1072	  4.978032	  -0.299669	  0.301930  
	1182	  5	  1001	  1074	  5.851738	  0.659641	  0.393613  
	1183	  5	  1002	  1075	  3.686833	  0.120822	  0.283403  
	1184	  5	  1003	  1373	  4.587943	  0.354723	  0.478342  
	1189	  5	  1008	  930	  4.897202	  0.449819	  0.511288  
	1190	  5	  1009	  1080	  5.289555	  -0.112787	  0.606159  
	1191	  5	  1010	  1597	  5.141841	  -0.223765	  0.734126  
	1192	  5	  1011	  641	  3.978017	  -0.157478	  0.628512  
	1193	  5	  1012	  1082	  7.752890	  -3.389167	  0.452802  
	1195	  5	  1014	  1084	  4.815635	  0.377034	  0.258390  
	1197	  5	  1016	  1086	  3.932288	  -0.244642	  0.158625  
	1198	  5	  1017	  1087	  5.668831	  0.263869	  0.568220  
	1200	  5	  1019	  1089	  4.354702	  -0.196692	  0.670484  
	1201	  5	  1020	  1090	  4.383007	  0.163547	  0.444164  
	1208	  5	  1027	  1096	  3.798769	  0.245602	  0.210472  
	1211	  5	  1030	  1009	  6.099514	  -0.286994	  0.735796  
	1235	  5	  1043	  1119	  7.180895	  0.333204	  0.767688  
	1237	  5	  1045	  1121	  4.761460	  0.129658	  0.782713  
	1238	  5	  1046	  1052	  4.779386	  0.489547	  0.481967  
	1242	  5	  1050	  1126	  5.663526	  -0.476966	  0.565497  
	1243	  5	  1051	  1127	  5.961216	  2.985538	  0.241886  
	1249	  5	  1058	  1131	  5.694199	  0.424302	  0.560144  
	1250	  5	  1059	  1132	  4.942161	  0.335402	  0.574257  
	1253	  5	  1062	  1135	  3.644273	  -0.971022	  0.047933  
	1258	  5	  1067	  1139	  4.846275	  0.480345	  0.178732  
	1259	  5	  1068	  1140	  7.313765	  1.590389	  0.489557  
	1261	  5	  1645	  1142	  4.833977	  0.243095	  0.817960  
	1263	  5	  1072	  1144	  4.983301	  -0.299669	  0.301930  
	1265	  5	  1074	  1146	  5.786191	  0.659641	  0.393613  
	1266	  5	  1075	  1812	  3.779562	  0.120822	  0.283403  
	1271	  5	  1080	  1152	  5.435414	  -0.112787	  0.606159  
	1273	  5	  1082	  1153	  7.682442	  -3.389167	  0.452802  
	1274	  5	  1405	  149	  5.472577	  -0.622228	  0.499124  
	1275	  5	  1084	  125	  4.729778	  0.377034	  0.258390  
	1277	  5	  1086	  1155	  3.936203	  -0.244642	  0.158625  
	1280	  5	  1089	  285	  4.097071	  -0.196692	  0.670484  
	1284	  5	  1384	  935	  4.669743	  0.404655	  0.588626  
	1290	  5	  1099	  1164	  3.825777	  0.146191	  0.274291  
	1296	  5	  1105	  1168	  4.092780	  0.227165	  0.248182  
	1299	  5	  516	  1170	  3.802450	  0.022241	  0.615374  
	1305	  5	  1114	  1173	  4.536359	  0.283927	  0.687829  
	1307	  5	  1116	  192	  6.280954	  0.526753	  0.734326  
	1312	  5	  227	  1179	  5.718949	  0.703291	  0.504182  
	1330	  5	  1119	  1525	  5.772456	  0.150238	  0.752854  
	1331	  5	  1121	  1196	  4.804688	  0.129658	  0.782713  
	1334	  5	  1448	  1605	  5.203802	  -0.156562	  0.754068  
	1335	  5	  1126	  1198	  5.609937	  -0.476966	  0.565497  
	1336	  5	  1127	  1199	  5.945342	  2.985538	  0.241886  
	1340	  5	  1131	  1202	  5.640421	  0.424302	  0.560144  
	1341	  5	  1132	  1203	  4.919456	  0.335402	  0.574257  
	1344	  5	  1135	  74	  3.448752	  -0.971022	  0.047933  
	1348	  5	  1139	  1208	  4.873969	  0.480345	  0.178732  
	1349	  5	  1140	  1209	  7.241079	  1.590389	  0.489557  
	1350	  5	  1141	  1210	  4.966440	  -0.299669	  0.301930  
	1351	  5	  1142	  1211	  4.891711	  0.243095	  0.817960  
	1353	  5	  1144	  1141	  4.980673	  -0.299669	  0.301930  
	1355	  5	  1146	  1214	  5.715711	  0.659641	  0.393613  
	1356	  5	  1812	  1280	  5.629233	  0.239769	  0.541852  
	1357	  5	  1373	  1216	  6.897995	  1.058982	  0.525675  
	1358	  5	  1149	  109	  5.428042	  0.461705	  0.494033  
	1362	  5	  1152	  1220	  4.649178	  -0.062360	  0.669750  
	1363	  5	  1153	  1221	  7.597980	  -3.389167	  0.452802  
	1365	  5	  1155	  1222	  3.924184	  -0.244642	  0.158625  
	1370	  5	  1160	  1226	  3.869861	  0.038011	  0.399350  
	1374	  5	  1164	  1229	  3.939911	  0.146191	  0.274291  
	1376	  5	  1784	  1149	  5.458020	  0.452418	  0.401601  
	1378	  5	  1168	  1233	  4.411740	  0.227165	  0.248182  
	1380	  5	  1170	  1235	  3.774450	  0.022241	  0.615374  
	1383	  5	  1173	  1238	  4.582626	  0.283927	  0.687829  
	1387	  5	  505	  1239	  4.479469	  -0.472421	  0.266640  
	1388	  5	  1178	  1240	  3.850895	  0.193095	  0.703908  
	1389	  5	  1179	  60	  5.575241	  0.703291	  0.504182  
	1393	  5	  1095	  1043	  7.326568	  0.441222	  0.732274  
	1395	  5	  516	  1868	  3.797037	  -0.022241	  0.615374  
	1397	  5	  1031	  1248	  5.028673	  0.493260	  0.263668  
	1402	  5	  1734	  1435	  3.537980	  0.161473	  0.086407  
	1407	  5	  1640	  1255	  3.550862	  0.114120	  0.616245  
	1409	  5	  2050	  1257	  3.596204	  0.067217	  0.455649  
	1417	  5	  1198	  1264	  5.537879	  -0.476966	  0.565497  
	1418	  5	  1199	  1265	  5.923766	  2.985538	  0.241886  
	1420	  5	  1202	  1267	  5.578246	  0.424302	  0.560144  
	1421	  5	  1203	  1268	  4.888373	  0.335402	  0.574257  
	1426	  5	  1208	  1273	  4.891650	  0.480345	  0.178732  
	1427	  5	  1209	  1274	  7.162966	  1.590389	  0.489557  
	1428	  5	  1210	  1275	  4.940677	  -0.299669	  0.301930  
	1429	  5	  1211	  1276	  4.916323	  0.243095	  0.817960  
	1432	  5	  1214	  1279	  5.630563	  0.659641	  0.393613  
	1434	  5	  1216	  1281	  6.778269	  1.058982	  0.525675  
	1437	  5	  1220	  1284	  4.735225	  -0.062360	  0.669750  
	1438	  5	  1221	  1285	  7.502585	  -3.389167	  0.452802  
	1439	  5	  1222	  1286	  3.884350	  -0.244642	  0.158625  
	1445	  5	  1229	  1292	  4.007630	  0.146191	  0.274291  
	1449	  5	  1233	  1295	  4.583344	  0.227165	  0.248182  
	1453	  5	  1237	  1298	  4.104972	  0.037305	  0.689842  
	1454	  5	  1238	  1473	  4.618392	  0.283927	  0.687829  
	1456	  5	  1240	  1300	  4.135229	  0.193095	  0.703908  
	1463	  5	  1401	  107	  4.648518	  -0.339470	  0.330108  
	1466	  5	  1250	  1307	  3.968781	  0.074423	  0.826007  
	1471	  5	  1255	  1386	  3.739566	  0.114120	  0.616245  
	1474	  5	  60	  854	  4.791414	  -0.380983	  0.626871  
	1479	  5	  740	  663	  5.585828	  0.338779	  0.557012  
	1495	  5	  1264	  1330	  5.444503	  -0.476966	  0.565497  
	1496	  5	  1265	  1331	  5.901989	  2.985538	  0.241886  
	1498	  5	  1267	  1333	  5.510246	  0.424302	  0.560144  
	1499	  5	  1268	  1334	  4.828678	  0.335402	  0.574257  
	1504	  5	  1273	  1338	  4.901012	  0.480345	  0.178732  
	1505	  5	  1274	  1339	  7.079947	  1.590389	  0.489557  
	1506	  5	  1275	  1340	  4.899707	  -0.299669	  0.301930  
	1507	  5	  1276	  1341	  4.915817	  0.243095	  0.817960  
	1509	  5	  1279	  1343	  5.547441	  0.659641	  0.393613  
	1510	  5	  1280	  1416	  5.488470	  0.239769	  0.541852  
	1511	  5	  1281	  1345	  6.659226	  1.058982	  0.525675  
	1515	  5	  1285	  1349	  7.393064	  -3.389167	  0.452802  
	1516	  5	  1286	  1350	  3.811167	  -0.244642	  0.158625  
	1522	  5	  1292	  1356	  4.038827	  0.146191	  0.274291  
	1525	  5	  1295	  1359	  4.694632	  0.227165	  0.248182  
	1529	  5	  1473	  1362	  4.670332	  -0.125192	  0.798174  
	1530	  5	  1300	  1433	  4.327038	  0.193095	  0.703908  
	1532	  5	  1623	  1734	  4.348994	  0.105260	  0.274433  
	1537	  5	  1307	  1009	  4.003090	  0.074423	  0.826007  
	1538	  5	  1309	  1649	  3.572592	  0.161473	  0.086407  
	1541	  5	  1386	  740	  3.878510	  0.114120	  0.616245  
	1543	  5	  1315	  1371	  4.742787	  -0.367677	  0.263857  
	1544	  5	  689	  1372	  4.057765	  0.182349	  0.324934  
	1545	  5	  1317	  1373	  6.548780	  0.704259	  0.549516  
	1546	  5	  663	  1374	  5.262242	  -0.253841	  0.832334  
	1558	  5	  192	  607	  3.469054	  0.079307	  0.843017  
	1565	  5	  1327	  608	  4.378545	  -0.163547	  0.444164  
	1569	  5	  1012	  285	  7.587186	  2.371545	  0.494109  
	1571	  5	  1394	  293	  7.744964	  -0.809759	  0.722321  
	1572	  5	  1395	  300	  4.275377	  -0.173533	  0.180897  
	1574	  5	  1397	  676	  3.619321	  0.097729	  0.605453  
	1582	  5	  1330	  1405	  5.330223	  -0.476966	  0.565497  
	1583	  5	  1331	  1406	  5.878487	  2.985538	  0.241886  
	1585	  5	  1333	  1408	  5.434362	  0.424302	  0.560144  
	1586	  5	  1334	  1409	  5.977682	  0.995043	  0.454504  
	1589	  5	  1338	  1412	  4.897823	  0.480345	  0.178732  
	1590	  5	  1339	  1413	  6.991750	  1.590389	  0.489557  
	1591	  5	  1340	  1414	  4.843205	  -0.299669	  0.301930  
	1592	  5	  1341	  901	  4.892120	  0.243095	  0.817960  
	1594	  5	  1343	  1334	  5.458631	  0.659641	  0.393613  
	1596	  5	  1345	  1417	  6.537627	  1.058982	  0.525675  
	1599	  5	  2123	  1420	  4.139857	  -0.035720	  0.595874  
	1600	  5	  1349	  1421	  7.264266	  -3.389167	  0.452802  
	1601	  5	  1350	  1422	  3.686720	  -0.244642	  0.158625  
	1603	  5	  2056	  1935	  4.174707	  -0.182349	  0.324934  
	1607	  5	  1356	  1427	  4.047850	  0.146191	  0.274291  
	1610	  5	  1359	  1429	  4.772449	  0.227165	  0.248182  
	1611	  5	  1849	  1430	  4.255398	  0.072279	  0.604232  
	1613	  5	  1362	  1432	  4.699530	  -0.125192	  0.798174  
	1622	  5	  1371	  1096	  4.799115	  -0.367677	  0.263857  
	1623	  5	  1372	  1439	  4.121336	  0.182349	  0.324934  
	1626	  5	  1374	  1440	  4.353211	  -0.179744	  0.917964  
	1636	  5	  1385	  1447	  4.477934	  -0.354723	  0.478342  
	1642	  5	  1391	  1452	  5.667117	  0.118947	  0.804376  
	1646	  5	  1476	  162	  4.703076	  0.186218	  0.518016  
	1648	  5	  1394	  1456	  6.763237	  0.456844	  0.728986  
	1649	  5	  1395	  466	  4.259854	  0.173533	  0.180897  
	1650	  5	  347	  1458	  3.788472	  0.182349	  0.324934  
	1652	  5	  1941	  1460	  4.753810	  0.094575	  0.472990  
	1655	  5	  1966	  1650	  3.699870	  -0.042791	  0.764674  
	1664	  5	  1152	  1470	  3.863953	  -0.037501	  0.574518  
	1677	  5	  1406	  1480	  5.848536	  2.985538	  0.241886  
	1679	  5	  1408	  1483	  5.352476	  0.424302	  0.560144  
	1680	  5	  1409	  1483	  5.893444	  0.995043	  0.454504  
	1683	  5	  1412	  1486	  4.891422	  0.480345	  0.178732  
	1684	  5	  1413	  1487	  6.888350	  1.590389	  0.489557  
	1685	  5	  1414	  1488	  4.761815	  -0.299669	  0.301930  
	1686	  5	  1416	  1489	  5.347867	  0.239769	  0.541852  
	1687	  5	  1417	  60	  6.432465	  1.058982	  0.525675  
	1691	  5	  1421	  1493	  7.108302	  -3.389167	  0.452802  
	1692	  5	  1422	  786	  3.433192	  -0.244642	  0.158625  
	1697	  5	  1427	  509	  4.035782	  0.146191	  0.274291  
	1698	  5	  1429	  1498	  4.827720	  0.227165	  0.248182  
	1701	  5	  1432	  1501	  4.707475	  -0.125192	  0.798174  
	1715	  5	  1447	  774	  4.361083	  -0.354723	  0.478342  
	1716	  5	  1448	  1511	  4.014787	  0.064382	  0.715729  
	1718	  5	  608	  1850	  4.310261	  -0.163547	  0.444164  
	1720	  5	  1452	  1515	  5.629960	  0.118947	  0.804376  
	1724	  5	  1456	  1519	  4.316864	  0.182686	  0.738834  
	1726	  5	  1458	  689	  3.950822	  0.182349	  0.324934  
	1728	  5	  1460	  1521	  4.709243	  0.094575	  0.472990  
	1731	  5	  1650	  1021	  3.976568	  0.037305	  0.689842  
	1741	  5	  1473	  1532	  5.640624	  0.409119	  0.721595  
	1751	  5	  1196	  1539	  4.824421	  0.129658	  0.782713  
	1752	  5	  1257	  416	  3.735311	  0.067217	  0.455649  
	1762	  5	  1480	  1549	  5.809537	  2.985538	  0.241886  
	1764	  5	  1483	  593	  4.762886	  -0.457761	  0.815480  
	1769	  5	  1486	  1554	  4.870213	  0.480345	  0.178732  
	1770	  5	  1487	  1555	  6.781258	  1.590389	  0.489557  
	1771	  5	  1488	  1556	  4.642799	  -0.299669	  0.301930  
	1773	  5	  1490	  1557	  3.853877	  0.026640	  0.768804  
	1774	  5	  1491	  1558	  3.944276	  0.038011	  0.399350  
	1775	  5	  1559	  110	  6.249759	  3.678402	  0.523533  
	1776	  5	  1493	  1559	  6.917103	  -3.389167	  0.452802  
	1781	  5	  1498	  1563	  4.866517	  0.227165	  0.248182  
	1784	  5	  1501	  1565	  4.698074	  -0.125192	  0.798174  
	1794	  5	  1511	  1572	  4.137105	  0.064382	  0.715729  
	1797	  5	  1515	  1575	  5.593499	  0.118947	  0.804376  
	1798	  5	  1489	  1401	  5.238500	  0.239769	  0.541852  
	1800	  5	  1519	  1577	  4.443390	  0.182686	  0.738834  
	1802	  5	  1521	  521	  4.653286	  0.094575	  0.472990  
	1806	  5	  1525	  1580	  4.540056	  0.057467	  0.686842  
	1807	  5	  1526	  1581	  5.266643	  -0.139064	  0.588182  
	1813	  5	  1096	  1585	  4.156741	  -0.122075	  0.371261  
	1814	  5	  1532	  527	  5.590718	  0.409119	  0.721595  
	1815	  5	  1597	  1382	  4.671805	  0.130555	  0.587869  
	1821	  5	  1539	  2026	  4.827623	  0.129658	  0.782713  
	1828	  5	  1030	  1594	  3.546741	  -0.058172	  0.167903  
	1830	  5	  962	  1596	  3.252565	  0.033739	  0.477212  
	1840	  5	  1640	  446	  5.794064	  0.360598	  0.852287  
	1850	  5	  1554	  440	  4.846408	  0.480345	  0.178732  
	1851	  5	  1555	  1611	  6.672999	  1.590389	  0.489557  
	1852	  5	  1556	  1617	  4.470757	  -0.299669	  0.301930  
	1854	  5	  1558	  1613	  3.945256	  0.038011	  0.399350  
	1858	  5	  1563	  1617	  4.892431	  0.227165	  0.248182  
	1860	  5	  1565	  1618	  4.668323	  -0.125192	  0.798174  
	1865	  5	  1939	  1420	  4.207365	  0.035720	  0.595874  
	1866	  5	  1572	  1621	  4.221698	  0.064382	  0.715729  
	1868	  5	  1850	  1623	  4.199051	  0.105260	  0.274433  
	1869	  5	  1575	  1624	  5.545376	  0.118947	  0.804376  
	1870	  5	  1520	  1625	  4.066451	  0.090527	  0.267784  
	1875	  5	  1580	  1627	  4.693243	  0.057467	  0.686842  
	1879	  5	  1585	  1629	  4.180573	  -0.122075	  0.371261  
	1888	  5	  1594	  521	  3.611880	  -0.058172	  0.167903  
	1890	  5	  1596	  1796	  3.489440	  0.033739	  0.477212  
	1892	  5	  1021	  1237	  4.069678	  0.037305	  0.689842  
	1893	  5	  1160	  1636	  3.788104	  -0.038011	  0.399350  
	1895	  5	  2058	  1637	  4.130846	  -0.224446	  0.336064  
	1905	  5	  1099	  1031	  3.608490	  -0.146191	  0.274291  
	1906	  5	  1605	  1456	  6.148272	  -0.274158	  0.722424  
	1913	  5	  1581	  1652	  4.716174	  -0.071435	  0.614981  
	1925	  5	  1613	  1663	  3.927878	  0.038011	  0.399350  
	1929	  5	  1618	  1666	  4.609873	  -0.125192	  0.798174  
	1931	  5	  1621	  1667	  4.270381	  0.064382	  0.715729  
	1934	  5	  1624	  1669	  5.490261	  0.118947	  0.804376  
	1935	  5	  1625	  1670	  4.101603	  0.090527	  0.267784  
	1936	  5	  1627	  1085	  4.792445	  0.057467	  0.686842  
	1944	  5	  1796	  1677	  3.603342	  0.033739	  0.477212  
	1945	  5	  1636	  1749	  3.558771	  -0.038011	  0.399350  
	1946	  5	  1637	  1734	  4.118584	  -0.224446	  0.336064  
	1948	  5	  1178	  1681	  3.268140	  0.119966	  0.607564  
	1949	  5	  1640	  1682	  3.190657	  0.048732	  0.499024  
	1950	  5	  1641	  904	  4.588206	  -0.254745	  0.469734  
	1954	  5	  1645	  1686	  5.648733	  -0.433589	  0.808208  
	1958	  5	  1649	  594	  3.508258	  -0.109827	  0.178924  
	1959	  5	  1650	  1797	  4.820198	  -0.080095	  0.729821  
	1961	  5	  1652	  1691	  4.771257	  -0.071435	  0.614981  
	1962	  5	  1653	  1740	  4.743838	  -0.309576	  0.377976  
	1967	  5	  866	  1696	  6.032817	  0.362829	  0.678189  
	1974	  5	  1490	  1700	  3.806578	  -0.026640	  0.768804  
	1975	  5	  1152	  1701	  3.331844	  -0.012926	  0.391166  
	1985	  5	  1666	  1710	  4.508787	  -0.125192	  0.798174  
	1986	  5	  1667	  1711	  4.291267	  0.064382	  0.715729  
	1988	  5	  1669	  1713	  5.429186	  0.118947	  0.804376  
	1989	  5	  1670	  1714	  4.111908	  0.090527	  0.267784  
	1993	  5	  1851	  1557	  3.873763	  -0.026640	  0.768804  
	1995	  5	  1677	  1770	  3.654881	  0.033739	  0.477212  
	1996	  5	  1749	  1799	  3.909020	  0.074097	  0.624613  
	2004	  5	  1686	  1726	  5.579195	  -0.433589	  0.808208  
	2007	  5	  1797	  2019	  3.737611	  0.037501	  0.574518  
	2009	  5	  1691	  1730	  4.083280	  -0.035226	  0.731967  
	2011	  5	  1935	  1439	  4.163979	  -0.182349	  0.324934  
	2019	  5	  1701	  2082	  3.397068	  -0.012926	  0.391166  
	2021	  5	  447	  509	  3.863530	  0.193280	  0.372327  
	2029	  5	  2062	  1744	  5.301690	  -0.092771	  0.793746  
	2030	  5	  1470	  1745	  3.895714	  -0.037501	  0.574518  
	2047	  5	  1710	  1761	  4.369672	  -0.125192	  0.798174  
	2048	  5	  1711	  1762	  4.293345	  0.064382	  0.715729  
	2050	  5	  1713	  1764	  5.356305	  0.118947	  0.804376  
	2051	  5	  1714	  1765	  4.103058	  0.090527	  0.267784  
	2052	  5	  1085	  1766	  3.648712	  0.022241	  0.615374  
	2057	  5	  1770	  1597	  3.676076	  0.033739	  0.477212  
	2063	  5	  1726	  1774	  5.488750	  -0.433589	  0.808208  
	2067	  5	  1730	  1777	  4.123406	  -0.035226	  0.731967  
	2073	  5	  192	  1824	  3.506072	  0.074423	  0.826007  
	2075	  5	  2082	  1792	  3.438400	  -0.012926	  0.391166  
	2081	  5	  1744	  1785	  5.269598	  -0.092771	  0.793746  
	2082	  5	  1745	  1786	  3.923484	  -0.037501	  0.574518  
	2083	  5	  1491	  1226	  3.916610	  -0.038011	  0.399350  
	2085	  5	  1748	  1939	  4.258988	  0.035720	  0.595874  
	2086	  5	  1749	  1789	  4.612369	  -0.112108	  0.548236  
	2088	  5	  1941	  1831	  4.083073	  -0.045843	  0.445315  
	2099	  5	  1691	  1798	  3.734075	  -0.036209	  0.501171  
	2103	  5	  1604	  790	  4.119631	  -0.074279	  0.689267  
	2104	  5	  1435	  1309	  3.587605	  0.161473	  0.086407  
	2111	  5	  1762	  1810	  4.275606	  0.064382	  0.715729  
	2113	  5	  1764	  1812	  5.279943	  0.118947	  0.804376  
	2114	  5	  1765	  1813	  4.081553	  0.090527	  0.267784  
	2115	  5	  1766	  1868	  3.768933	  0.022241	  0.615374  
	2121	  5	  1774	  1818	  5.374110	  -0.433589	  0.808208  
	2124	  5	  1777	  2063	  4.150973	  -0.035226	  0.731967  
	2132	  5	  1785	  1827	  5.240097	  -0.092771	  0.793746  
	2133	  5	  1786	  1828	  3.937422	  -0.037501	  0.574518  
	2139	  5	  1792	  1833	  3.457752	  -0.012926	  0.391166  
	2144	  5	  1797	  1837	  5.404087	  -0.117597	  0.680295  
	2145	  5	  1798	  1838	  3.751846	  -0.036209	  0.501171  
	2146	  5	  1799	  1839	  4.041040	  0.074097	  0.624613  
	2149	  5	  461	  1842	  3.335086	  0.089881	  0.516868  
	2150	  5	  535	  1843	  4.419472	  -0.193095	  0.703908  
	2154	  5	  1119	  1846	  6.123941	  0.182966	  0.779868  
	2162	  5	  1682	  1941	  3.478002	  0.048732	  0.499024  
	2174	  5	  1810	  1862	  4.241827	  0.064382	  0.715729  
	2177	  5	  1813	  521	  4.048359	  0.090527	  0.267784  
	2182	  5	  1818	  285	  5.195935	  -0.433589	  0.808208  
	2189	  5	  1824	  1250	  3.856899	  0.074423	  0.826007  
	2190	  5	  1784	  1873	  4.277279	  -0.160755	  0.470506  
	2191	  5	  1827	  1874	  5.199353	  -0.092771	  0.793746  
	2192	  5	  1828	  1875	  3.932398	  -0.037501	  0.574518  
	2195	  5	  1831	  1876	  4.129442	  -0.045843	  0.445315  
	2198	  5	  1833	  1878	  3.464438	  -0.012926	  0.391166  
	2202	  5	  1837	  1881	  5.311596	  -0.117597	  0.680295  
	2203	  5	  1838	  1882	  3.751890	  -0.036209	  0.501171  
	2204	  5	  1839	  1883	  4.114244	  0.074097	  0.624613  
	2207	  5	  1842	  1886	  3.570914	  0.089881	  0.516868  
	2208	  5	  1843	  1433	  4.403324	  -0.193095	  0.703908  
	2211	  5	  1846	  781	  6.284566	  0.182966	  0.779868  
	2212	  5	  1849	  1921	  4.258226	  -0.072279	  0.604232  
	2213	  5	  1850	  1889	  5.302230	  -0.268807	  0.377700  
	2214	  5	  1851	  2123	  3.855379	  0.026640	  0.768804  
	2221	  5	  1030	  1644	  6.522902	  0.424473	  0.678002  
	2222	  5	  1700	  1896	  3.697165	  -0.026640	  0.768804  
	2231	  5	  1862	  176	  4.187847	  0.064382	  0.715729  
	2240	  5	  1873	  1909	  4.270555	  -0.160755	  0.470506  
	2241	  5	  1874	  1910	  5.143025	  -0.092771	  0.793746  
	2242	  5	  1875	  1911	  3.898913	  -0.037501	  0.574518  
	2243	  5	  1876	  2024	  4.152053	  -0.045843	  0.445315  
	2244	  5	  1878	  1913	  3.464197	  -0.012926	  0.391166  
	2247	  5	  1881	  1916	  5.184313	  -0.117597	  0.680295  
	2248	  5	  1882	  1917	  3.729471	  -0.036209	  0.501171  
	2249	  5	  1883	  1918	  4.159548	  0.074097	  0.624613  
	2255	  5	  1889	  1922	  5.195882	  -0.268807	  0.377700  
	2262	  5	  1896	  1926	  4.554297	  0.038963	  0.795098  
	2265	  5	  1597	  1929	  4.054866	  -0.079775	  0.432593  
	2285	  5	  1909	  1947	  4.239758	  -0.160755	  0.470506  
	2286	  5	  1910	  1948	  5.068441	  -0.092771	  0.793746  
	2287	  5	  1911	  2019	  3.847481	  -0.037501	  0.574518  
	2288	  5	  2024	  1950	  4.148552	  -0.045843	  0.445315  
	2292	  5	  1916	  1605	  5.002162	  -0.117597	  0.680295  
	2293	  5	  1917	  1954	  3.678586	  -0.036209	  0.501171  
	2294	  5	  1918	  1955	  4.178555	  0.074097	  0.624613  
	2298	  5	  1922	  1031	  5.012342	  -0.268807	  0.377700  
	2302	  5	  1926	  1989	  4.698856	  0.038963	  0.795098  
	2305	  5	  1929	  1961	  4.009529	  -0.079775	  0.432593  
	2308	  5	  1430	  2033	  4.228509	  0.072279	  0.604232  
	2310	  5	  2123	  1284	  4.867062	  0.062360	  0.669750  
	2330	  5	  1947	  1979	  4.174513	  -0.160755	  0.470506  
	2331	  5	  1948	  1525	  4.964014	  -0.092771	  0.793746  
	2334	  5	  1950	  2068	  4.140012	  -0.045843	  0.445315  
	2337	  5	  1954	  1984	  3.579231	  -0.036209	  0.501171  
	2338	  5	  1955	  1985	  4.173039	  0.074097	  0.624613  
	2344	  5	  1961	  1990	  3.934973	  -0.079775	  0.432593  
	2346	  5	  2033	  1992	  5.291523	  0.137311	  0.656036  
	2349	  5	  1966	  2057	  3.758620	  0.042791	  0.764674  
	2351	  5	  1734	  1997	  4.004952	  0.122075	  0.371261  
	2353	  5	  1921	  1998	  4.202922	  -0.072279	  0.604232  
	2364	  5	  1979	  2006	  4.059229	  -0.160755	  0.470506  
	2368	  5	  2009	  1045	  4.664142	  0.129658	  0.782713  
	2369	  5	  1984	  2009	  3.369216	  -0.036209	  0.501171  
	2370	  5	  1985	  1374	  4.153180	  0.074097	  0.624613  
	2373	  5	  1989	  2011	  4.757107	  0.038963	  0.795098  
	2374	  5	  1990	  2012	  3.800481	  -0.079775	  0.432593  
	2376	  5	  1992	  2013	  5.189046	  0.137311	  0.656036  
	2381	  5	  1997	  2017	  4.097581	  0.122075	  0.371261  
	2382	  5	  1998	  2018	  4.124360	  -0.072279	  0.604232  
	2383	  5	  1999	  1896	  5.084906	  0.065604	  0.784420  
	2385	  5	  1085	  2020	  4.017127	  0.035226	  0.731967  
	2397	  5	  2006	  293	  3.874410	  -0.160755	  0.470506  
	2401	  5	  2011	  2032	  4.782852	  0.038963	  0.795098  
	2402	  5	  2012	  1095	  3.547735	  -0.079775	  0.432593  
	2403	  5	  2013	  1009	  5.101539	  0.137311	  0.656036  
	2406	  5	  2057	  2033	  4.594836	  0.065032	  0.713612  
	2407	  5	  2017	  2034	  4.155528	  0.122075	  0.371261  
	2408	  5	  2018	  2035	  5.030932	  -0.118122	  0.542557  
	2410	  5	  2020	  2036	  4.097198	  0.035226	  0.731967  
	2411	  5	  553	  2037	  3.840644	  -0.038011	  0.399350  
	2415	  5	  948	  2040	  4.455397	  -0.151579	  0.551249  
	2418	  5	  2026	  2043	  4.816829	  0.129658	  0.782713  
	2424	  5	  2032	  2049	  4.796896	  0.038963	  0.795098  
	2426	  5	  2034	  813	  4.178984	  0.122075	  0.371261  
	2427	  5	  2035	  2050	  4.889657	  -0.118122	  0.542557  
	2428	  5	  2036	  2051	  4.137678	  0.035226	  0.731967  
	2429	  5	  2037	  1663	  3.886201	  -0.038011	  0.399350  
	2431	  5	  2040	  2053	  4.449615	  -0.151579	  0.551249  
	2434	  5	  2043	  2056	  4.793429	  0.129658	  0.782713  
	2436	  5	  1784	  2058	  4.821141	  -0.291663	  0.363624  
	2437	  5	  1391	  1298	  5.693541	  -0.118947	  0.804376  
	2442	  5	  2049	  2062	  4.805495	  0.038963	  0.795098  
	2444	  5	  2051	  2063	  4.154787	  0.035226	  0.731967  
	2446	  5	  2053	  2065	  4.427050	  -0.151579	  0.551249  
	2450	  5	  2057	  1235	  3.728748	  -0.022241	  0.615374  
	2457	  5	  2061	  2062	  3.336447	  -0.012926	  0.391166  
	2461	  5	  2065	  2075	  4.377965	  -0.151579	  0.551249  
	2464	  5	  2068	  2078	  4.120279	  -0.045843	  0.445315  
	2465	  5	  2069	  2018	  3.876830	  -0.045843	  0.445315  
	2468	  5	  1748	  2080	  4.276995	  -0.035720	  0.595874  
	2472	  5	  2061	  1913	  3.438078	  0.012926	  0.391166  
	2473	  5	  2056	  2084	  5.458965	  0.312007	  0.515169  
	2478	  5	  2075	  2087	  4.297763	  -0.151579	  0.551249  
	2480	  5	  2078	  2089	  4.073108	  -0.045843	  0.445315  
	2486	  5	  2084	  2093	  5.424454	  0.312007	  0.515169  
	2493	  5	  2089	  2069	  4.000152	  -0.045843	  0.445315  
	2495	  5	  2080	  2098	  4.262280	  -0.035720	  0.595874  
	2497	  5	  2093	  2100	  5.368265	  0.312007	  0.515169  
	2500	  5	  2096	  2102	  4.821104	  0.081642	  0.856710  
	2501	  5	  1734	  201	  3.852500	  0.090527	  0.267784  
	2503	  5	  2098	  2105	  4.212708	  -0.035720	  0.595874  
	2505	  5	  2100	  727	  5.303240	  0.312007	  0.515169  
	2507	  5	  2102	  2107	  4.857893	  0.081642	  0.856710  
	2508	  5	  1734	  2113	  5.216784	  -0.493260	  0.263668  
	2510	  5	  2105	  2110	  4.155875	  -0.035720	  0.595874  
	2512	  5	  2107	  2112	  4.875585	  0.081642	  0.856710  
	2517	  5	  2112	  2117	  4.883943	  0.081642	  0.856710  
	2518	  5	  2113	  1248	  5.151548	  -0.493260	  0.263668  
	2523	  5	  2121	  1298	  4.872423	  0.081642	  0.856710  
	2524	  5	  2117	  2121	  4.883343	  0.081642	  0.856710  
	2534	  5	  2062	  2130	  5.861149	  0.118808	  0.837988  
	2537	  5	  2130	  2133	  5.810521	  0.118808	  0.837988  
	2539	  5	  2133	  2135	  5.763096	  0.118808	  0.837988  
	2541	  5	  2135	  2137	  5.712469	  0.118808	  0.837988  
	2543	  5	  2137	  2138	  5.655394	  0.118808	  0.837988  
	2544	  5	  2138	  2139	  5.591383	  0.118808	  0.837988  
	2545	  5	  2139	  2140	  5.519665	  0.118808	  0.837988  
	2546	  5	  2140	  2141	  5.437140	  0.118808	  0.837988  
	2547	  5	  2141	  280	  5.365172	  0.118808	  0.837988  
 824       total number of nodes
  name    x       y       z
	1	  25.000000	  77.900002	  500.000000  
	2	  55.000000	  95.199997	  500.000000  
	3	  73.468124	  105.900108	  486.136475  
	5	  85.000000	  112.500000	  400.000000  
	7	  86.922615	  112.022812	  299.704559  
	8	  85.325722	  113.322372	  249.752609  
	9	  84.281548	  111.891235	  199.938782  
	14	  275.000000	  222.100006	  500.000000  
	15	  245.000000	  204.800003	  500.000000  
	16	  218.100693	  190.361740	  487.777740  
	17	  215.000000	  187.500000	  450.000000  
	19	  216.906815	  186.641312	  349.320465  
	40	  202.389786	  218.091278	  397.758759  
	46	  201.210114	  231.401413	  398.959015  
	50	  81.098274	  113.839638	  229.158859  
	53	  201.966202	  249.158157	  400.060181  
	56	  79.807076	  96.902290	  351.002625  
	58	  212.052902	  196.303513	  388.685211  
	60	  213.679672	  200.463821	  258.136597  
	63	  207.050568	  263.541595	  396.270538  
	67	  54.913544	  130.665436	  227.034317  
	68	  210.852982	  205.549576	  380.095367  
	69	  211.011765	  198.457016	  301.192719  
	74	  77.639572	  48.610840	  386.675690  
	76	  64.521057	  66.822960	  359.082550  
	78	  201.274643	  206.533707	  368.324280  
	80	  202.526825	  217.573578	  256.870026  
	85	  81.871445	  66.685364	  381.848663  
	87	  58.946220	  56.761299	  365.767639  
	93	  237.591019	  168.923111	  380.319763  
	95	  65.149193	  78.419258	  348.427521  
	100	  78.657143	  82.692703	  379.505066  
	104	  178.516251	  201.801910	  343.626404  
	105	  175.555969	  218.939499	  285.493134  
	106	  189.825394	  245.116257	  238.724579  
	107	  175.836411	  156.564651	  204.732468  
	109	  224.888031	  131.318436	  196.883850  
	110	  46.357285	  73.006592	  339.368591  
	112	  205.817886	  184.756317	  475.036407  
	119	  81.331413	  98.741776	  376.671173  
	124	  164.493759	  226.288467	  282.222961  
	125	  182.128632	  250.911179	  230.614532  
	127	  256.137360	  140.477814	  377.572662  
	128	  231.632950	  117.970940	  200.892776  
	129	  39.054199	  72.987801	  330.486298  
	131	  186.624435	  178.222916	  475.625916  
	149	  156.847427	  235.560486	  281.970520  
	158	  243.291138	  173.601776	  249.317276  
	159	  229.560303	  244.510696	  378.068329  
	162	  68.493530	  54.856232	  163.215530  
	163	  169.889404	  198.750519	  289.885590  
	164	  160.205399	  288.921509	  351.631744  
	168	  88.960609	  116.108475	  260.518890  
	176	  171.482025	  273.331238	  208.773605  
	178	  20.284531	  114.024368	  374.420837  
	182	  156.377136	  159.966339	  482.976379  
	184	  250.251877	  166.135422	  239.737656  
	185	  103.876785	  34.162270	  379.399689  
	189	  157.431885	  187.931198	  288.878479  
	192	  79.822861	  145.994064	  138.102356  
	194	  97.370453	  123.636909	  260.049591  
	195	  188.472351	  200.686478	  352.779114  
	196	  131.016785	  220.632202	  339.763214  
	200	  80.799767	  84.036362	  142.035294  
	201	  235.573547	  213.255630	  142.239899  
	202	  151.600662	  213.550476	  380.443268  
	204	  117.111832	  217.389404	  336.267456  
	205	  120.519348	  248.632690	  286.529205  
	209	  231.269821	  65.686218	  183.543701  
	210	  261.203339	  66.657585	  305.478058  
	212	  142.229477	  152.037720	  484.783234  
	214	  262.006439	  171.285461	  225.283691  
	215	  108.618637	  50.111176	  378.791748  
	224	  109.469772	  134.352951	  256.050507  
	225	  127.684364	  224.439316	  348.922546  
	226	  56.871902	  179.081421	  253.884766  
	227	  201.306351	  241.103302	  248.000671  
	229	  163.748108	  215.931717	  380.931610  
	235	  137.885590	  205.212738	  381.220490  
	238	  108.345108	  258.486176	  285.470001  
	242	  235.055527	  52.622536	  180.187836  
	243	  245.847351	  64.585899	  291.594360  
	245	  128.539902	  143.683121	  482.152557  
	247	  269.849152	  173.451233	  210.768143  
	248	  108.667992	  66.598763	  376.490662  
	252	  132.994186	  163.711365	  289.039490  
	254	  174.494949	  157.623718	  366.510773  
	256	  124.508324	  141.170929	  253.911087  
	259	  208.260529	  259.133972	  247.380981  
	261	  171.623398	  201.783478	  385.131195  
	267	  150.668915	  245.581192	  291.863953  
	268	  146.208710	  284.432220	  362.094269  
	273	  125.512093	  194.520554	  384.350372  
	279	  30.493919	  72.367783	  367.868561  
	280	  107.572983	  265.730530	  172.596634  
	283	  116.352455	  135.643082	  475.446381  
	284	  30.136154	  91.996399	  177.176712  
	285	  278.494415	  174.776047	  197.993988  
	286	  113.848885	  82.254913	  374.214386  
	287	  150.728867	  32.786636	  248.429474  
	290	  122.965393	  153.512466	  286.477936  
	291	  98.559196	  267.927643	  361.802032  
	292	  166.018478	  151.335526	  375.953979  
	293	  148.590973	  5.694855	  198.326965  
	294	  138.359894	  149.948242	  251.104843  
	295	  95.511406	  236.913116	  363.024872  
	297	  83.063614	  49.281532	  242.860916  
	299	  173.415482	  185.421921	  387.643280  
	300	  122.401314	  89.299622	  210.922760  
	304	  226.045181	  251.851151	  195.922089  
	305	  159.030731	  252.780411	  301.837738  
	309	  236.675140	  185.628494	  256.821259  
	310	  167.520996	  246.791443	  373.495392  
	312	  182.124664	  185.048309	  355.048462  
	314	  151.514069	  59.679123	  248.456390  
	316	  110.754036	  187.903412	  388.304565  
	318	  70.233856	  230.294861	  320.828949  
	322	  109.623329	  245.863586	  175.080841  
	324	  176.071625	  18.227737	  271.115723  
	325	  101.768738	  131.157837	  469.302795  
	327	  123.552773	  93.125420	  371.926453  
	331	  109.439636	  144.051239	  285.295319  
	332	  212.693497	  38.764076	  359.229858  
	333	  149.240768	  143.037842	  379.991577  
	335	  152.075104	  155.417969	  243.727661  
	336	  80.114342	  240.286896	  367.817383  
	337	  50.411163	  202.413239	  292.327515  
	338	  89.377136	  66.055824	  238.927582  
	339	  247.202805	  241.709213	  316.975220  
	341	  115.963814	  77.180031	  220.211395  
	344	  223.269791	  252.181305	  209.784897  
	345	  170.309845	  263.240204	  308.113281  
	347	  104.864334	  127.701149	  154.770218  
	348	  224.715866	  141.634491	  375.834534  
	350	  153.198929	  242.595444	  371.594604  
	351	  178.495575	  194.967117	  352.230133  
	353	  178.284027	  273.489227	  371.139008  
	360	  220.065079	  192.275574	  320.567291  
	362	  272.609100	  156.926804	  129.332581  
	363	  96.917015	  180.195068	  393.436890  
	365	  60.014244	  232.237625	  314.928345  
	366	  210.345428	  69.147156	  309.345490  
	369	  104.234116	  231.200851	  172.055191  
	372	  86.711243	  129.826828	  462.322632  
	377	  99.681259	  130.773148	  286.830597  
	379	  133.693924	  140.639206	  385.301056  
	381	  165.137711	  160.714401	  232.988159  
	382	  65.211487	  238.360153	  373.712769  
	383	  48.880035	  210.000961	  307.068756  
	384	  88.756119	  80.692062	  236.489563  
	385	  124.677353	  31.326546	  313.966370  
	386	  181.463226	  150.919861	  382.673645  
	387	  113.145218	  62.239738	  226.829315  
	390	  220.391449	  250.873627	  226.131989  
	391	  180.651886	  272.351959	  308.622070  
	393	  109.981888	  129.504776	  167.570053  
	394	  212.532822	  135.462692	  368.885010  
	395	  262.484711	  214.438553	  276.438660  
	396	  139.985718	  232.815170	  369.844391  
	397	  167.278809	  206.970291	  351.862335  
	403	  213.791061	  186.363251	  233.304108  
	406	  247.988419	  155.061569	  241.850052  
	408	  226.582489	  184.665909	  322.561188  
	409	  157.129456	  270.775635	  189.793777  
	414	  87.797707	  104.828766	  311.890961  
	416	  25.412323	  147.131226	  113.580475  
	417	  83.951553	  170.439590	  397.171844  
	419	  43.859764	  236.302689	  303.523773  
	420	  202.208206	  79.615028	  317.806702  
	423	  102.498901	  218.640228	  164.743439  
	424	  217.425079	  59.455811	  238.932541  
	426	  72.298279	  126.011497	  454.911011  
	427	  73.150581	  67.219925	  182.786774  
	428	  142.985733	  121.295570	  380.756256  
	431	  88.413818	  116.286560	  287.969543  
	433	  121.121651	  137.231262	  395.274658  
	434	  143.834671	  39.196625	  237.671265  
	436	  53.019920	  234.124603	  383.697845  
	437	  49.299301	  213.570236	  323.038788  
	438	  92.289413	  96.038330	  231.180344  
	439	  133.039978	  45.681221	  314.708252  
	440	  195.159454	  138.004440	  378.822052  
	441	  107.026299	  47.440231	  230.935608  
	446	  263.091278	  74.803123	  202.725525  
	447	  125.163734	  130.769501	  178.647751  
	448	  202.430145	  125.247093	  360.642578  
	449	  274.967987	  217.284714	  280.820587  
	450	  126.144180	  224.401306	  365.992218  
	451	  154.184875	  217.163147	  353.232330  
	458	  244.277649	  139.032425	  244.403351  
	459	  237.569046	  174.668961	  327.765350  
	461	  70.303444	  105.978287	  134.913086  
	463	  99.459679	  104.846077	  308.936401  
	466	  130.360764	  114.548012	  170.398666  
	469	  147.569855	  37.436508	  212.267334  
	470	  99.714615	  265.993835	  277.229584  
	471	  27.387413	  104.009605	  373.587921  
	473	  232.099380	  229.687988	  336.896271  
	474	  243.904327	  143.676132	  385.100342  
	479	  145.330322	  74.885536	  280.619171  
	481	  72.021835	  159.926361	  402.109070  
	482	  122.597610	  52.755356	  90.436447  
	483	  163.845795	  16.695633	  291.285461  
	484	  195.855148	  91.193718	  327.945496  
	487	  95.017311	  200.849197	  161.971542  
	489	  156.059525	  62.038605	  276.607635  
	490	  57.492096	  125.808495	  447.976288  
	491	  81.476425	  55.641991	  184.509262  
	492	  154.319397	  130.721542	  388.497162  
	495	  45.536514	  236.877991	  346.892975  
	496	  112.554581	  130.547882	  407.613922  
	497	  149.525955	  47.792130	  250.632248  
	498	  40.882607	  226.649017	  392.301544  
	500	  97.448860	  108.739647	  221.780212  
	501	  142.933762	  57.963379	  319.981659  
	502	  199.893707	  125.716179	  383.838837  
	503	  103.075073	  31.446106	  229.859528  
	505	  85.064461	  229.244308	  233.711243  
	507	  70.136902	  76.417381	  313.363342  
	509	  131.809540	  137.176788	  184.528809  
	510	  195.378769	  112.483650	  348.694427  
	511	  28.843536	  226.764343	  281.180969  
	512	  115.506165	  211.966766	  362.920502  
	513	  140.358749	  223.337143	  353.056763  
	516	  85.440025	  206.294800	  77.223351  
	519	  244.681747	  122.389091	  244.161346  
	520	  246.974854	  165.670563	  337.091125  
	521	  139.728973	  243.900665	  176.787048  
	522	  55.749134	  116.053871	  129.942764  
	526	  127.305847	  128.507797	  160.595917  
	527	  26.304459	  177.931305	  284.557678  
	529	  134.962204	  27.634796	  207.903351  
	530	  102.694855	  259.955505	  262.253815  
	531	  227.833542	  231.405365	  352.369659  
	532	  252.234222	  137.811661	  396.384827  
	533	  76.645073	  100.125084	  197.977081  
	534	  223.376495	  176.083984	  369.157837  
	535	  242.827393	  125.051315	  197.566223  
	538	  224.730011	  58.116165	  286.417084  
	539	  80.618713	  196.068863	  183.577576  
	540	  139.038422	  17.634415	  212.776443  
	543	  174.289230	  45.709091	  287.760834  
	549	  59.641953	  151.616699	  409.519226  
	551	  155.812180	  18.470428	  276.823029  
	552	  193.885742	  103.346542	  338.476196  
	553	  221.483795	  97.003929	  125.621384  
	555	  88.943344	  185.453613	  160.369354  
	557	  46.165657	  127.383499	  438.887024  
	558	  166.254791	  136.993134	  398.019501  
	561	  37.308319	  226.939575	  340.066803  
	562	  102.956802	  123.312660	  419.135925  
	563	  155.189926	  55.257782	  263.324158  
	564	  26.550964	  219.883896	  397.406403  
	566	  98.646935	  122.339462	  212.277145  
	567	  155.200470	  68.933479	  321.894592  
	568	  205.622910	  110.919006	  388.691101  
	571	  89.378105	  240.627808	  240.133789  
	572	  216.580261	  251.272949	  275.327240  
	573	  76.175926	  91.063744	  314.175293  
	575	  148.092651	  142.362869	  195.495590  
	576	  168.399185	  12.891251	  277.414551  
	577	  102.614899	  202.969147	  360.348846  
	584	  241.319992	  106.239487	  241.900497  
	585	  255.959045	  156.912933	  347.894073  
	589	  127.455872	  92.097534	  302.587128  
	592	  274.856934	  168.451141	  292.696442  
	593	  254.419876	  224.588440	  281.223541  
	594	  248.102005	  240.852600	  198.581894  
	595	  106.812950	  256.844788	  246.423874  
	596	  224.040161	  229.690460	  368.412750  
	599	  228.504608	  157.670029	  361.339691  
	603	  260.340942	  231.823608	  206.333878  
	606	  186.683838	  43.900742	  298.375275  
	607	  87.217041	  163.926514	  136.708008  
	608	  59.979248	  198.802094	  114.253517  
	609	  201.841339	  217.906738	  300.152496  
	614	  219.870590	  241.980682	  246.250229  
	619	  185.753967	  210.933105	  295.983948  
	621	  136.783615	  91.129852	  320.978119  
	623	  46.990036	  142.017685	  414.520264  
	625	  144.804092	  17.553345	  264.748993  
	626	  207.691711	  102.315918	  115.895676  
	628	  82.165916	  171.561020	  154.261917  
	631	  181.130249	  140.178024	  404.366455  
	634	  35.532608	  214.139618	  329.583954  
	635	  93.102356	  120.003571	  432.142181  
	636	  271.585571	  213.614365	  399.281647  
	638	  95.957672	  137.429672	  206.181549  
	639	  164.341110	  82.704964	  320.766663  
	640	  210.230270	  96.850014	  395.674469  
	641	  228.139938	  234.327789	  219.997849  
	643	  91.220947	  254.008041	  249.851242  
	644	  212.601898	  261.857025	  289.514374  
	647	  88.824699	  192.554657	  365.423431  
	653	  237.837296	  88.027634	  233.936340  
	654	  265.158997	  152.571518	  360.969238  
	660	  266.317932	  162.183853	  305.317627  
	661	  260.293213	  228.669678	  270.740295  
	663	  113.521179	  257.562347	  228.392151  
	665	  233.392502	  145.061707	  351.815796  
	671	  176.814102	  171.474808	  230.673187  
	672	  197.974365	  39.425858	  309.734131  
	673	  101.119919	  175.909698	  145.613541  
	675	  215.823822	  221.952774	  307.945160  
	676	  144.660828	  264.870514	  168.773773  
	678	  224.558029	  235.315140	  232.730774  
	683	  179.466309	  212.456848	  306.237671  
	685	  139.419708	  179.988419	  298.990417  
	689	  129.711823	  131.987671	  144.740112  
	694	  60.366707	  226.894821	  347.394775  
	701	  152.008392	  45.371246	  241.187119  
	703	  137.397781	  92.933945	  334.608826  
	705	  31.586426	  135.715057	  415.889221  
	712	  195.045471	  148.047470	  408.829254  
	714	  35.003342	  202.019394	  318.392120  
	715	  85.590836	  113.047211	  442.932434  
	716	  264.362122	  204.799866	  397.212128  
	718	  88.580803	  150.205078	  198.806427  
	719	  172.804352	  95.829147	  314.991547  
	720	  218.693268	  85.765274	  404.245911  
	721	  238.801102	  212.460327	  208.863281  
	723	  222.710846	  43.126442	  258.533264  
	724	  204.414841	  268.508301	  297.337128  
	725	  74.029076	  186.293579	  369.795044  
	727	  156.463608	  181.055237	  187.800827  
	730	  77.415192	  75.510063	  148.518997  
	732	  273.326416	  149.376022	  375.109100  
	737	  118.428055	  177.867065	  146.443100  
	738	  263.400543	  155.535629	  319.999237  
	740	  120.007759	  253.969162	  218.803085  
	742	  240.285522	  130.794220	  347.076508  
	745	  119.040199	  183.432770	  210.532959  
	746	  247.391159	  195.642990	  196.494492  
	748	  82.498718	  260.468658	  316.994751  
	749	  112.817299	  187.489777	  150.080887  
	751	  229.963745	  227.424500	  317.670258  
	758	  174.069855	  218.719955	  319.146118  
	760	  131.933884	  186.373718	  312.422180  
	768	  62.978897	  242.047562	  353.953949  
	769	  215.181732	  224.881546	  202.396149  
	771	  57.628036	  152.234650	  239.510101  
	774	  74.016594	  179.975357	  240.327759  
	778	  195.102646	  180.757355	  233.427597  
	781	  120.772438	  64.450310	  79.109215  
	786	  135.713974	  97.861832	  345.767578  
	790	  176.930649	  102.241852	  102.245789  
	795	  210.682465	  153.681076	  408.844818  
	797	  35.992126	  194.520096	  303.726105  
	800	  77.056862	  161.359497	  194.339584  
	801	  179.283966	  110.528397	  310.613281  
	802	  228.510681	  76.404732	  413.614655  
	805	  223.918869	  54.422432	  263.931732  
	806	  65.976295	  55.372086	  304.179474  
	807	  58.831894	  182.217514	  375.240570  
	812	  278.153442	  148.835190	  390.895233  
	813	  264.139923	  151.376129	  163.225830  
	817	  265.501862	  146.301102	  333.372314  
	821	  249.704422	  117.996689	  343.025024  
	824	  129.877319	  177.847397	  216.569305  
	826	  96.418549	  256.400604	  325.174713  
	833	  174.101822	  226.242279	  333.667755  
	835	  126.229309	  194.710144	  325.142914  
	842	  210.831497	  211.310974	  194.265869  
	844	  49.202957	  148.952805	  252.331161  
	845	  223.415207	  102.952347	  231.757553  
	848	  204.770416	  168.452606	  238.469055  
	854	  253.316635	  213.137146	  266.740387  
	855	  89.225723	  59.347076	  224.493912  
	856	  97.737923	  74.910706	  249.610886  
	863	  84.899803	  46.146103	  284.572388  
	864	  131.619965	  173.522263	  148.909134  
	866	  200.789856	  56.937943	  178.440872  
	869	  52.976501	  187.563370	  279.390991  
	871	  134.461624	  99.139992	  365.600922  
	874	  160.661118	  103.306038	  103.696205  
	878	  225.658310	  160.775620	  407.228119  
	880	  39.052185	  188.072845	  288.442596  
	881	  246.902344	  179.067902	  385.478119  
	883	  69.267288	  176.217468	  195.197937  
	884	  182.171036	  125.422409	  303.753571  
	885	  241.019485	  71.499054	  423.167450  
	886	  248.336929	  183.915833	  196.871307  
	888	  43.047989	  181.015549	  380.402557  
	893	  25.143158	  144.555481	  404.107574  
	897	  268.374084	  137.288513	  346.999329  
	901	  256.961456	  105.642715	  332.762421  
	904	  143.667984	  176.436066	  226.621216  
	905	  269.287659	  175.071259	  190.496140  
	906	  109.969849	  252.877106	  333.912109  
	910	  179.298645	  232.265152	  348.223480  
	912	  118.086235	  205.523987	  332.298401  
	919	  38.380417	  144.898331	  264.307465  
	920	  220.976776	  103.930801	  246.910400  
	922	  218.874741	  249.627396	  297.619080  
	923	  216.399979	  157.994659	  243.281403  
	925	  117.731789	  195.076553	  227.147522  
	927	  201.959320	  268.272186	  206.268173  
	929	  95.543404	  51.964737	  213.432892  
	930	  105.186134	  79.538071	  261.140686  
	935	  227.254562	  161.754120	  186.018372  
	936	  93.344864	  58.615692	  278.842346  
	937	  138.178757	  177.472198	  135.350708  
	939	  187.285202	  51.923019	  172.666855  
	940	  100.330368	  43.909119	  209.399414  
	942	  175.880493	  248.262390	  242.547287  
	943	  82.371895	  40.052235	  187.088272  
	946	  64.586899	  183.262009	  280.353821  
	948	  227.327164	  98.128799	  138.206375  
	950	  71.452400	  189.390350	  183.625992  
	952	  241.441650	  76.995171	  223.364243  
	962	  143.951675	  100.533760	  105.887611  
	966	  239.368134	  169.486847	  403.570557  
	970	  180.873154	  140.985260	  297.979889  
	971	  253.045288	  62.795845	  430.707794  
	978	  267.710876	  132.504623	  362.663513  
	981	  262.258270	  91.044792	  328.517700  
	982	  149.834579	  177.343185	  240.841934  
	984	  125.297455	  248.071259	  337.708374  
	988	  184.296280	  242.968430	  359.877960  
	994	  27.788803	  138.432434	  275.408478  
	995	  215.699677	  109.321251	  261.723022  
	997	  227.854691	  151.012787	  251.943085  
	999	  123.720024	  200.789307	  241.594940  
	1001	  193.748978	  265.619171	  220.290405  
	1002	  120.120171	  94.592834	  263.759338  
	1003	  115.174530	  212.498016	  224.047394  
	1008	  100.503891	  71.251984	  270.700165  
	1009	  143.580109	  183.103256	  127.992027  
	1010	  166.920258	  49.945724	  171.754318  
	1011	  103.979980	  33.518036	  208.827057  
	1012	  39.182625	  128.156052	  225.127075  
	1014	  204.579147	  256.477600	  199.078354  
	1016	  78.727242	  174.955078	  283.218933  
	1017	  220.187393	  94.009384	  155.182831  
	1019	  57.934776	  180.539963	  187.646805  
	1020	  92.174759	  195.818481	  134.011292  
	1021	  227.538940	  45.648590	  107.762123  
	1027	  264.682007	  101.160675	  169.238434  
	1028	  213.369766	  183.851288	  200.318481  
	1030	  133.147568	  189.645004	  150.874527  
	1031	  32.468079	  174.917389	  169.571487  
	1036	  161.680344	  292.821594	  183.472778  
	1043	  122.796997	  100.851219	  98.574783  
	1045	  274.771698	  133.373764	  138.226654  
	1046	  253.338913	  175.769211	  397.062531  
	1050	  175.803802	  155.702408	  292.069733  
	1051	  135.202301	  277.431030	  435.238129  
	1052	  261.105652	  184.619186	  390.885437  
	1058	  160.542831	  182.103729	  252.242142  
	1059	  140.754120	  244.242020	  340.154175  
	1062	  188.910843	  255.373779	  369.750763  
	1067	  277.175049	  132.457611	  286.937531  
	1068	  212.429230	  113.024788	  277.538239  
	1072	  127.835243	  202.947281	  257.520905  
	1074	  189.076752	  258.681396	  234.529221  
	1075	  131.816696	  106.356812	  262.929871  
	1080	  164.955246	  183.578568	  116.833611  
	1082	  36.554352	  120.702988	  236.906555  
	1084	  192.862473	  253.780655	  210.456680  
	1085	  76.127831	  150.470337	  68.917152  
	1086	  89.688606	  164.721710	  289.881927  
	1087	  212.975510	  87.755150	  171.546021  
	1089	  42.304230	  174.993744	  189.112442  
	1090	  104.870331	  191.491165	  140.801926  
	1095	  109.841354	  114.231323	  115.265167  
	1096	  252.593933	  105.457115	  161.531128  
	1099	  41.652733	  162.225830	  172.011368  
	1105	  142.359909	  74.782646	  270.266968  
	1114	  46.027283	  228.904053	  253.441315  
	1116	  88.226448	  128.620880	  141.374496  
	1119	  115.793488	  92.546486	  88.017616  
	1121	  258.008759	  135.466492	  135.111298  
	1126	  168.195953	  168.715271	  284.998077  
	1127	  143.922745	  263.580048	  437.588898  
	1131	  171.721390	  191.843750	  259.587585  
	1132	  156.788208	  244.859741	  338.715210  
	1135	  198.686447	  264.251068	  379.669525  
	1139	  263.840302	  128.035294	  295.873444  
	1140	  204.377487	  115.192924	  291.864075  
	1141	  133.749939	  201.931183	  284.065582  
	1142	  248.772827	  132.320023	  271.164551  
	1144	  128.937378	  201.123978	  273.642639  
	1146	  188.501831	  252.051712	  249.791565  
	1149	  223.758499	  151.092865	  188.099014  
	1152	  182.818329	  185.334122	  103.505562  
	1153	  36.934433	  115.090263	  252.506409  
	1155	  96.049202	  152.784805	  299.018616  
	1160	  167.482742	  13.798660	  107.118179  
	1164	  52.828400	  151.092377	  179.861984  
	1168	  126.012764	  79.811867	  273.261658  
	1170	  118.044449	  212.624466	  83.500938  
	1173	  41.326820	  218.663712	  248.765671  
	1178	  55.674416	  86.089569	  191.542969  
	1179	  214.602768	  216.226791	  257.393768  
	1196	  240.935669	  135.479111	  139.519943  
	1198	  163.185776	  183.043152	  278.154663  
	1199	  151.785477	  249.204605	  440.546356  
	1202	  179.121506	  205.306122	  265.764984  
	1203	  172.754868	  244.005020	  334.084412  
	1208	  252.924973	  126.076851	  307.652313  
	1209	  196.222260	  122.206612	  304.573242  
	1210	  143.030609	  210.331146	  297.462921  
	1211	  256.712402	  123.992867	  282.937592  
	1214	  187.058640	  243.103394	  263.499451  
	1216	  160.572830	  197.818207	  241.152908  
	1220	  192.337326	  184.744522	  98.797867  
	1221	  38.650146	  112.189392	  268.811737  
	1222	  106.275620	  144.435013	  309.012878  
	1226	  170.727783	  20.577209	  97.432541  
	1229	  66.890915	  146.293365	  186.133682  
	1233	  109.952301	  82.528992	  276.711456  
	1235	  130.723053	  223.064240	  84.997253  
	1237	  208.949417	  58.217384	  109.872551  
	1238	  36.372353	  204.441437	  247.075500  
	1239	  74.190933	  210.914764	  235.753113  
	1240	  46.066483	  100.018356	  194.719727  
	1248	  279.208008	  197.314377	  162.705811  
	1250	  118.474609	  164.326706	  122.477333  
	1255	  141.312439	  284.588379	  202.630737  
	1257	  35.257645	  141.846313	  107.696297  
	1264	  158.049164	  197.091705	  270.841949  
	1265	  158.070358	  233.976547	  442.764191  
	1267	  190.149353	  216.053513	  271.931549  
	1268	  186.905975	  247.008682	  326.152283  
	1273	  242.802612	  129.650681	  319.769379  
	1274	  190.140854	  131.739243	  316.572998  
	1275	  148.608139	  224.084579	  304.776825  
	1276	  261.184601	  115.575188	  296.443207  
	1279	  187.505997	  239.708679	  279.483917  
	1280	  174.567627	  127.904091	  250.574539  
	1281	  173.194229	  196.755203	  250.429321  
	1284	  207.845734	  180.619186	  84.589592  
	1285	  41.592941	  107.105026	  284.390930  
	1286	  117.756905	  135.103500	  315.677856  
	1292	  83.222832	  145.221527	  189.066132  
	1295	  94.963829	  83.674911	  283.870728  
	1298	  201.806091	  71.722359	  123.259422  
	1300	  33.896103	  110.589508	  194.177353  
	1307	  126.588432	  176.009445	  125.638626  
	1309	  116.090393	  20.960739	  161.810928  
	1315	  232.089294	  91.181984	  180.414902  
	1317	  155.675873	  188.871918	  211.223328  
	1327	  71.385857	  192.363876	  119.212898  
	1330	  157.402481	  211.051865	  264.185272  
	1331	  159.875946	  218.232666	  447.782501  
	1333	  201.322098	  222.776123	  281.828735  
	1334	  198.629562	  244.225128	  306.370514  
	1338	  230.505829	  132.926437	  330.506287  
	1339	  180.411926	  141.965546	  324.389862  
	1340	  150.145035	  240.009720	  309.001373  
	1341	  261.452698	  110.989273	  312.330078  
	1343	  191.081711	  241.612061	  295.535004  
	1345	  188.562424	  197.025223	  256.829956  
	1349	  45.758850	  99.868973	  298.796051  
	1350	  124.008385	  122.027313	  322.990509  
	1356	  99.737854	  144.346130	  187.139984  
	1359	  79.356453	  87.664116	  287.904358  
	1362	  31.732437	  170.097122	  242.394012  
	1371	  237.115005	  97.773605	  170.397217  
	1372	  142.369858	  136.132126	  146.262665  
	1373	  149.089981	  197.031845	  222.453033  
	1374	  234.852478	  53.490356	  217.556717  
	1382	  119.727379	  49.158768	  173.585327  
	1384	  248.778534	  178.230881	  186.732941  
	1385	  93.436440	  203.209732	  223.895981  
	1386	  134.681564	  280.847290	  209.957336  
	1391	  203.533096	  70.886154	  134.828674  
	1394	  27.834183	  228.374649	  185.805191  
	1395	  129.719208	  97.212807	  186.228165  
	1397	  154.782303	  278.644806	  178.076157  
	1401	  202.163147	  167.418533	  211.150330  
	1405	  160.111526	  224.295410	  262.721954  
	1406	  161.836975	  203.529694	  455.308777  
	1408	  213.452347	  228.452957	  289.111725  
	1409	  209.618927	  242.736954	  303.316895  
	1412	  217.492828	  134.951157	  340.679443  
	1413	  171.484222	  155.223022	  327.583191  
	1414	  152.148651	  255.946777	  311.356598  
	1416	  197.142090	  144.254532	  233.568222  
	1417	  202.574554	  197.960968	  259.060760  
	1420	  236.800613	  176.141312	  53.165379  
	1421	  49.422546	  93.362015	  313.677551  
	1422	  131.051193	  110.887619	  333.165405  
	1427	  116.278488	  142.513947	  186.617371  
	1429	  64.263687	  87.125702	  294.813141  
	1430	  162.840958	  241.061890	  91.549873  
	1432	  29.348228	  155.276108	  239.586960  
	1433	  262.248383	  117.592903	  190.525940  
	1435	  252.234497	  233.735229	  142.299210  
	1439	  155.758026	  134.740707	  153.011154  
	1440	  236.031921	  67.848732	  220.229538  
	1447	  84.132950	  190.000961	  229.165176  
	1448	  57.574898	  190.729446	  191.172623  
	1452	  199.050659	  71.206345	  153.407776  
	1456	  39.519440	  223.094879	  181.747589  
	1458	  115.669151	  128.672348	  152.073486  
	1460	  123.006775	  261.969177	  159.910583  
	1461	  135.523102	  147.060181	  156.754227  
	1470	  175.063782	  196.217575	  95.269447  
	1473	  29.670250	  186.689209	  257.579285  
	1476	  66.614655	  66.072617	  153.833572  
	1480	  168.719193	  190.802811	  463.514282  
	1483	  220.668884	  237.458511	  298.817047  
	1486	  208.269943	  139.203613	  353.851654  
	1487	  164.414200	  169.779083	  330.960175  
	1488	  149.104538	  271.802887	  310.091980  
	1489	  202.345230	  152.320602	  222.171707  
	1490	  241.441025	  236.681396	  28.864874  
	1491	  183.030090	  31.998810	  88.919693  
	1493	  54.852318	  84.152878	  326.208191  
	1498	  49.684723	  86.547798	  302.834503  
	1501	  23.557968	  139.745621	  240.291595  
	1511	  58.694321	  179.666412	  196.746063  
	1515	  197.064102	  71.117142	  168.734680  
	1519	  53.744461	  222.130585	  185.712463  
	1520	  219.423920	  215.612381	  148.699158  
	1521	  127.748352	  251.607758	  168.436569  
	1525	  89.447304	  109.977592	  73.947464  
	1526	  87.313919	  259.016876	  154.346695  
	1532	  28.120476	  181.551514	  272.968903  
	1539	  227.127274	  126.981041	  143.580490  
	1549	  173.989197	  176.634567	  473.026398  
	1554	  202.292282	  140.873596	  368.855408  
	1555	  162.245667	  185.821732	  331.469513  
	1556	  146.560257	  287.477600	  314.090179  
	1557	  239.863068	  221.398270	  42.399738  
	1558	  195.835373	  51.063416	  91.408394  
	1559	  55.530739	  77.433769	  339.963898  
	1563	  35.522881	  83.495506	  311.041107  
	1565	  273.516602	  126.653107	  238.173691  
	1572	  58.167435	  163.739792	  197.634415  
	1575	  189.258865	  74.197403	  182.992615  
	1577	  67.614517	  217.003860	  185.055084  
	1580	  84.539139	  124.042183	  74.305023  
	1581	  103.067871	  239.624405	  151.369675  
	1585	  258.043182	  117.855255	  156.219604  
	1594	  133.985626	  215.443314	  170.968277  
	1596	  144.577805	  95.923447	  116.700821  
	1597	  146.596893	  45.895981	  158.218307  
	1604	  198.687714	  100.073776	  109.333977  
	1605	  44.918770	  216.689484	  171.715958  
	1611	  163.437790	  198.725449	  335.175201  
	1613	  200.894104	  66.590256	  92.947784  
	1617	  20.636063	  76.069565	  316.833923  
	1618	  262.060242	  116.733711	  232.881042  
	1621	  52.269028	  148.498657	  200.044952  
	1623	  266.319916	  202.636429	  125.594345  
	1624	  185.725540	  78.406250	  198.709595  
	1625	  206.729126	  218.513046	  167.833847  
	1627	  78.065765	  138.059021	  71.719086  
	1629	  265.226868	  128.103394	  157.872559  
	1636	  157.192673	  15.162964	  126.211769  
	1637	  250.126678	  172.278503	  139.908295  
	1640	  146.799194	  290.617523	  187.706253  
	1641	  162.237274	  182.631653	  218.944580  
	1644	  138.507919	  182.908340	  159.464050  
	1645	  249.183472	  152.275681	  257.432495  
	1649	  232.736603	  248.452103	  187.753113  
	1650	  103.096420	  253.291641	  123.896156  
	1652	  108.244247	  231.651489	  144.702438  
	1653	  246.645386	  140.368942	  190.746384  
	1663	  206.436020	  82.404503	  99.588387  
	1666	  255.816452	  103.725861	  225.733368  
	1667	  48.358704	  132.731491	  201.332336  
	1669	  181.176727	  85.243065	  213.149643  
	1670	  193.897614	  226.433990	  174.843246  
	1677	  149.908691	  73.954338	  141.121918  
	1681	  56.630524	  65.249039	  201.650696  
	1682	  135.005432	  287.373962	  162.630341  
	1686	  257.845581	  164.609848	  250.593185  
	1691	  111.668129	  218.731934	  137.452438  
	1696	  211.154999	  64.205917	  189.109283  
	1700	  114.229797	  21.563324	  24.843054  
	1701	  188.728287	  175.351212	  104.826553  
	1710	  253.891998	  88.211914	  220.579254  
	1711	  50.121628	  116.200836	  206.363480  
	1713	  174.897903	  95.801651	  224.269135  
	1714	  180.893173	  233.091293	  182.829956  
	1726	  262.329376	  176.427841	  240.028946  
	1730	  125.399384	  208.127777	  128.465012  
	1734	  253.186844	  201.315170	  141.937973  
	1740	  253.360046	  150.773743	  190.245392  
	1744	  267.122742	  101.701958	  48.038895  
	1745	  163.954056	  203.982620	  92.544014  
	1748	  21.619385	  186.701080	  47.547920  
	1749	  158.331390	  21.972137	  151.052948  
	1761	  255.582855	  78.653778	  213.579422  
	1762	  49.946266	  99.657272	  208.234909  
	1764	  164.096466	  103.178513	  234.500488  
	1765	  165.930557	  237.679749	  187.769379  
	1766	  65.851105	  185.259048	  81.926323  
	1770	  147.697937	  57.827026	  152.797897  
	1774	  265.401703	  182.507477	  225.673431  
	1777	  130.876892	  195.166397	  121.228607  
	1784	  235.970978	  159.779602	  164.241669  
	1785	  279.132721	  103.549507	  54.999313  
	1786	  148.441116	  209.166458	  95.133621  
	1789	  156.491928	  16.568146	  165.154282  
	1792	  199.224838	  136.338364	  95.698586  
	1796	  152.571686	  78.073181	  131.250870  
	1797	  89.288956	  233.698059	  129.333618  
	1798	  102.155876	  214.361008	  139.712692  
	1799	  163.939056	  34.751701	  160.779495  
	1810	  48.848038	  83.061272	  207.467331  
	1812	  157.048050	  111.379272	  244.978470  
	1813	  150.677917	  239.578781	  185.251648  
	1818	  269.678650	  182.574478	  213.091370  
	1824	  91.987694	  153.537201	  123.652084  
	1827	  32.055756	  104.542900	  61.953396  
	1828	  132.791046	  214.793488	  95.930107  
	1831	  119.577591	  265.324829	  119.450829  
	1833	  200.535919	  128.593216	  87.915810  
	1837	  76.752731	  230.974503	  139.585876  
	1838	  87.311539	  206.826157	  140.019516  
	1839	  171.131424	  38.764931	  171.414658  
	1842	  63.023941	  95.054855	  138.163345  
	1843	  253.670868	  121.907112	  195.475266  
	1846	  118.032104	  78.511284	  84.928490  
	1849	  160.289398	  254.044174	  84.685852  
	1850	  27.004614	  195.829498	  123.544060  
	1851	  234.701889	  196.668228	  53.679234  
	1862	  44.661827	  67.106331	  209.734055  
	1868	  76.065430	  199.322433	  80.492729  
	1873	  241.602615	  172.446320	  162.590439  
	1874	  45.830917	  104.798660	  67.894363  
	1875	  116.755943	  216.227448	  100.170975  
	1876	  113.947189	  260.667633	  104.497215  
	1878	  199.589676	  121.214577	  74.996902  
	1881	  63.817337	  224.406387	  147.756424  
	1882	  72.047867	  200.228928	  139.442322  
	1883	  184.555283	  38.957657	  180.921173  
	1886	  58.387001	  82.200050	  142.331345  
	1889	  33.090973	  187.210144	  134.567062  
	1896	  130.376175	  44.986664	  27.546335  
	1909	  251.494797	  183.694000	  168.612610  
	1910	  60.176056	  104.828171	  71.879799  
	1911	  100.563026	  219.902557	  101.389793  
	1913	  196.374054	  118.997948	  58.076572  
	1916	  51.045753	  220.133072	  157.379990  
	1917	  59.609497	  189.183716	  139.791122  
	1918	  196.966629	  44.682953	  190.283035  
	1921	  165.154236	  285.676636	  72.865334  
	1922	  35.994064	  181.703903	  149.962280  
	1926	  147.382767	  53.706848	  1.279909  
	1929	  130.490707	  61.564301	  142.819366  
	1935	  171.716064	  129.035660	  157.888306  
	1939	  268.024719	  171.615250	  41.827377  
	1941	  121.573799	  269.481140	  149.776169  
	1947	  259.845612	  192.800476	  179.748703  
	1948	  73.693558	  105.711304	  73.745193  
	1950	  119.339340	  263.534546	  70.945885  
	1954	  49.743866	  175.825012	  138.592453  
	1955	  210.139389	  45.933304	  200.389343  
	1961	  129.064987	  77.454857	  138.057007  
	1966	  117.086472	  248.100082	  124.121788  
	1979	  268.013702	  205.292618	  187.104401  
	1984	  42.308449	  161.031067	  140.346375  
	1985	  223.874985	  50.114685	  208.819763  
	1989	  171.690811	  65.935448	  -2.279783  
	1990	  127.019775	  92.379814	  130.987320  
	1992	  154.462143	  206.010223	  113.371712  
	1997	  253.160553	  191.485001	  151.498871  
	1998	  35.715179	  76.894630	  85.159569  
	1999	  128.285675	  52.093285	  54.753719  
	2006	  273.586182	  218.890060	  194.932526  
	2009	  38.244537	  142.631073	  136.772949  
	2011	  185.391113	  72.795174	  -1.964750  
	2012	  120.766350	  104.975586	  122.123245  
	2013	  148.481506	  191.289215	  120.015717  
	2017	  257.498077	  177.262909	  158.652985  
	2018	  35.476570	  88.460091	  90.956696  
	2019	  91.020828	  223.553955	  109.326187  
	2020	  92.879570	  160.423752	  73.254547  
	2024	  116.136192	  257.983795	  80.175819  
	2026	  214.767944	  125.093948	  150.981720  
	2032	  198.639023	  79.513512	  -0.308330  
	2033	  150.510300	  225.949402	  108.084618  
	2034	  260.015411	  161.250656	  160.759903  
	2035	  42.374893	  106.137100	  99.500328  
	2036	  106.662300	  166.132202	  80.839172  
	2037	  221.166061	  90.075386	  117.634384  
	2040	  237.504517	  101.164268	  138.783035  
	2043	  203.867706	  124.795860	  153.300903  
	2049	  209.395493	  85.126030	  2.619637  
	2050	  45.053604	  121.270195	  105.045204  
	2051	  117.701927	  172.725510	  91.416382  
	2053	  254.088409	  102.630997	  138.996460  
	2056	  186.966629	  133.028625	  160.417358  
	2057	  135.506271	  237.338928	  104.926819  
	2058	  250.328979	  160.304001	  146.593262  
	2061	  205.525116	  116.550240	  34.074444  
	2062	  226.160553	  93.958481	  30.170183  
	2063	  127.250786	  178.368469	  103.834061  
	2065	  270.454773	  104.742371	  141.211609  
	2068	  126.613991	  272.540741	  67.066620  
	2069	  20.987030	  78.823349	  90.029205  
	2075	  26.300507	  109.552544	  140.124298  
	2078	  133.057220	  283.615082	  74.971489  
	2080	  276.067200	  203.672394	  68.595062  
	2082	  194.714569	  142.986389	  102.469231  
	2084	  182.423599	  141.554550	  167.239838  
	2087	  38.310703	  115.674400	  138.357010  
	2089	  268.971130	  70.628212	  83.306030  
	2093	  173.072693	  153.806183	  172.983749  
	2096	  146.281189	  63.555763	  75.614067  
	2098	  144.066772	  4.823059	  87.739296  
	2100	  166.772110	  168.559174	  177.182922  
	2102	  148.568497	  69.930786	  90.742317  
	2105	  140.893600	  18.955948	  94.647041  
	2107	  155.770950	  74.834457	  102.244286  
	2110	  135.329849	  30.523888	  97.361488  
	2112	  166.789490	  77.355141	  111.427673  
	2113	  265.400482	  203.481552	  152.734421  
	2117	  181.584122	  77.854416	  117.042488  
	2121	  192.096786	  76.597221	  118.911201  
	2123	  228.036316	  185.608536	  56.526043  
	2130	  223.180237	  79.680481	  56.293911  
	2133	  227.552689	  69.813126	  70.699898  
	2135	  233.479523	  62.683769	  84.529846  
	2137	  238.769028	  54.682007	  98.139229  
	2138	  110.808258	  275.503662	  114.138870  
	2139	  111.384476	  272.073669	  130.421555  
	2140	  108.347504	  270.814240	  146.743713  
	2141	  106.811928	  265.832550	  162.517044  
   2  total number of boundary nodes
node bctyp press/flow   HD    PO2
	1	  0	  100.000000	  0.400000	  100.000000
	14	  0	  20.000000	  0.400000	  18.000000

