315559 200 10.000020 Current network file generated by angioadapt
  300.000000  300.000000  500.000000	box dimensions in microns
  12    12    20 	number of tissue points in x,y,z directions
  0.000000			outer bound distance (100. in test case)
  75.000000				max. segment length.  (5. in test case)
   40				nodsegm, max. number of segments per node
  693				total number of segments 
  name type from  to  diam       flow
	1	  4	  1	  2	  7.000000	  57.468212	  0.400000  
	2	  3	  2	  3	  10.114012	  57.468212	  0.400000  
	3	  5	  3	  58	  10.367150	  53.113125	  0.429362  
	4	  5	  58	  119	  10.285356	  41.041210	  0.467713  
	6	  5	  6	  50	  9.491936	  15.754272	  0.506339  
	7	  5	  7	  306	  9.886830	  15.754272	  0.506339  
	8	  5	  8	  1350	  9.895344	  11.113671	  0.576594  
	9	  5	  90	  503	  8.180945	  3.888839	  0.602410  
	10	  5	  112	  46	  8.481230	  2.709513	  0.548653  
	11	  5	  11	  977	  7.559119	  1.343373	  0.462275  
	12	  5	  3	  13	  3.758901	  4.355088	  0.041914  
	13	  5	  13	  16	  4.608096	  4.355088	  0.041914  
	14	  4	  14	  15	  16.000000	  -57.468212	  0.400000  
	15	  3	  15	  16	  12.378386	  -57.468212	  0.400000  
	16	  5	  16	  245	  12.401821	  -53.113125	  0.429362  
	17	  5	  245	  240	  12.028298	  -44.865894	  0.457438  
	18	  5	  240	  372	  11.672716	  -38.366848	  0.445879  
	19	  5	  19	  148	  11.109814	  -32.696190	  0.430067  
	21	  5	  21	  1280	  7.200069	  -4.243845	  0.404818  
	23	  5	  32	  196	  4.773087	  -0.677769	  0.523909  
	25	  5	  30	  51	  9.316031	  20.054304	  0.467356  
	26	  5	  22	  1206	  6.675100	  -1.502501	  0.563320  
	27	  5	  2031	  681	  3.310047	  0.062008	  0.185854  
	33	  5	  46	  11	  7.330509	  1.343373	  0.462275  
	35	  5	  148	  198	  10.145632	  -20.924921	  0.436834  
	39	  5	  30	  70	  9.616710	  20.986906	  0.468053  
	44	  5	  90	  826	  8.974402	  3.915957	  0.654235  
	47	  5	  148	  86	  8.073879	  -5.404136	  0.516572  
	49	  5	  50	  7	  9.701518	  15.754272	  0.506339  
	50	  5	  51	  309	  9.486574	  20.054304	  0.467356  
	59	  5	  46	  76	  4.605773	  0.495906	  0.546929  
	60	  5	  1803	  61	  5.073117	  -0.280190	  0.800883  
	61	  5	  86	  246	  8.232932	  -5.404136	  0.516572  
	67	  5	  68	  19	  11.033142	  -32.696190	  0.430067  
	68	  5	  198	  990	  8.136333	  -8.125802	  0.410825  
	73	  5	  58	  74	  6.752873	  12.071914	  0.298980  
	76	  5	  61	  77	  4.944895	  -0.280190	  0.800883  
	78	  5	  21	  1078	  6.504136	  -2.020053	  0.493094  
	83	  5	  68	  84	  5.465084	  -2.136694	  0.472969  
	84	  5	  198	  85	  7.449797	  -3.253046	  0.596737  
	92	  5	  433	  93	  4.842122	  0.542030	  0.244401  
	95	  5	  74	  96	  6.946358	  12.071914	  0.298980  
	96	  5	  826	  307	  5.638605	  0.754956	  0.361679  
	100	  5	  1078	  1908	  5.603745	  -1.198178	  0.434494  
	105	  5	  84	  106	  5.403306	  -2.136694	  0.472969  
	106	  5	  85	  107	  7.547286	  -3.253046	  0.596737  
	110	  5	  826	  386	  4.633893	  0.967866	  0.535057  
	111	  5	  90	  111	  4.104069	  0.811525	  0.445296  
	115	  5	  196	  1119	  5.074996	  -0.677769	  0.523909  
	119	  5	  119	  30	  10.409677	  41.041210	  0.467713  
	120	  5	  70	  120	  6.167112	  7.389684	  0.443031  
	121	  5	  93	  121	  4.793991	  0.542030	  0.244401  
	124	  5	  96	  124	  7.110367	  12.071914	  0.298980  
	125	  5	  307	  125	  6.300901	  1.927441	  0.330363  
	127	  5	  77	  127	  6.910391	  -0.556954	  0.761815  
	129	  5	  1908	  129	  4.730906	  -0.601696	  0.522442  
	130	  5	  149	  130	  6.696846	  4.445719	  0.429224  
	134	  5	  106	  134	  5.320000	  -2.136694	  0.472969  
	135	  5	  107	  135	  7.621187	  -3.253046	  0.596737  
	139	  5	  111	  192	  3.169751	  0.209829	  0.224077  
	140	  5	  112	  356	  5.258694	  1.214652	  0.676891  
	142	  5	  245	  573	  6.555789	  -4.663107	  0.326709  
	145	  5	  70	  427	  8.930589	  12.207310	  0.520504  
	153	  5	  120	  2053	  6.483299	  7.389684	  0.443031  
	154	  5	  121	  730	  4.728575	  0.542030	  0.244401  
	158	  5	  125	  158	  6.405846	  1.927441	  0.330363  
	160	  5	  127	  160	  6.430204	  -0.556954	  0.761815  
	161	  5	  246	  161	  8.354992	  -5.404136	  0.516572  
	162	  5	  129	  162	  4.676705	  -0.601696	  0.522442  
	167	  5	  134	  167	  5.233707	  -2.136694	  0.472969  
	168	  5	  135	  168	  7.702918	  -3.253046	  0.596737  
	181	  5	  148	  181	  6.570941	  -5.414620	  0.326699  
	182	  5	  149	  182	  7.006048	  -6.116329	  0.384234  
	186	  5	  148	  186	  5.420003	  -0.952513	  0.378223  
	188	  5	  22	  1657	  5.111915	  -0.995536	  0.345084  
	194	  5	  306	  8	  9.737824	  11.948075	  0.543916  
	199	  5	  198	  187	  4.021327	  -0.881687	  0.180584  
	200	  5	  2053	  199	  5.470518	  5.782463	  0.517886  
	201	  5	  730	  200	  4.570741	  -0.564943	  0.350734  
	204	  5	  124	  203	  4.664901	  3.584123	  0.211456  
	205	  5	  158	  204	  3.664010	  0.530026	  0.178625  
	207	  5	  160	  206	  6.090273	  -0.556954	  0.761815  
	208	  5	  161	  728	  8.429363	  -5.404136	  0.516572  
	209	  5	  162	  208	  4.610847	  -0.601696	  0.522442  
	213	  5	  167	  212	  5.149637	  -2.136694	  0.472969  
	214	  5	  168	  213	  7.785903	  -3.253046	  0.596737  
	218	  5	  192	  217	  3.419631	  0.209829	  0.224077  
	219	  5	  356	  218	  4.932041	  -1.212114	  0.550692  
	224	  5	  427	  223	  6.000334	  4.827559	  0.528870  
	227	  5	  181	  226	  5.710783	  -2.062376	  0.222214  
	228	  5	  182	  227	  6.926731	  -6.116329	  0.384234  
	239	  5	  306	  238	  6.291784	  3.806196	  0.388379  
	240	  5	  46	  517	  5.433275	  0.539599	  0.712860  
	251	  5	  130	  250	  6.001779	  2.309025	  0.388745  
	254	  5	  181	  684	  4.917243	  -3.352244	  0.390980  
	255	  5	  198	  254	  8.891690	  -8.664386	  0.427266  
	257	  5	  199	  552	  5.657269	  5.782463	  0.517886  
	258	  5	  200	  257	  4.573433	  -0.564943	  0.350734  
	261	  5	  203	  260	  4.976723	  3.584123	  0.211456  
	262	  5	  204	  1657	  3.845688	  0.530026	  0.178625  
	264	  5	  206	  1279	  5.931829	  0.998208	  0.899973  
	265	  5	  728	  830	  7.337691	  -2.977370	  0.437278  
	266	  5	  208	  265	  4.514693	  -0.601696	  0.522442  
	270	  5	  212	  269	  5.064597	  -2.136694	  0.472969  
	271	  5	  213	  270	  7.861568	  -3.253046	  0.596737  
	275	  5	  217	  1717	  3.486197	  0.209829	  0.224077  
	278	  5	  573	  331	  4.632067	  -1.389913	  0.140424  
	281	  5	  223	  280	  6.205804	  4.827559	  0.528870  
	284	  5	  226	  283	  5.775845	  -2.062376	  0.222214  
	285	  5	  227	  284	  7.636465	  -8.487791	  0.335938  
	287	  5	  229	  286	  3.609750	  0.287557	  0.124128  
	290	  5	  187	  289	  3.957049	  -0.881687	  0.180584  
	295	  5	  238	  294	  6.447374	  3.806196	  0.388379  
	297	  5	  240	  296	  6.874175	  -6.499045	  0.525676  
	302	  5	  245	  298	  6.399414	  -3.584123	  0.211456  
	304	  5	  77	  685	  6.175300	  0.276764	  0.722263  
	306	  5	  250	  301	  6.137931	  2.309025	  0.388745  
	310	  5	  254	  305	  9.004448	  -8.664386	  0.427266  
	314	  5	  309	  6	  9.368393	  15.754272	  0.506339  
	319	  5	  260	  314	  5.101200	  3.584123	  0.211456  
	324	  5	  265	  319	  4.370573	  -0.601696	  0.522442  
	328	  5	  269	  323	  4.962483	  -2.136694	  0.472969  
	329	  5	  270	  386	  7.163502	  -2.458098	  0.562760  
	335	  5	  594	  330	  4.644454	  0.330634	  0.634207  
	343	  5	  284	  400	  7.450338	  -8.487791	  0.335938  
	345	  5	  286	  1435	  3.634003	  0.287557	  0.124128  
	348	  5	  289	  343	  3.855433	  -0.881687	  0.180584  
	353	  5	  294	  348	  6.596891	  3.806196	  0.388379  
	354	  5	  517	  505	  3.807509	  0.117282	  0.480026  
	355	  5	  296	  552	  6.584742	  -6.499045	  0.525676  
	357	  5	  298	  352	  6.421618	  -3.584123	  0.211456  
	364	  5	  305	  359	  9.117914	  -8.664386	  0.427266  
	369	  5	  309	  363	  5.438711	  4.300032	  0.324534  
	378	  5	  372	  68	  11.262403	  -34.832882	  0.432698  
	382	  5	  597	  376	  4.944640	  0.881137	  0.604234  
	384	  5	  314	  378	  5.217427	  3.584123	  0.211456  
	387	  5	  1279	  964	  4.421955	  0.313560	  0.853766  
	388	  5	  830	  382	  5.249324	  -0.630851	  0.503570  
	389	  5	  319	  111	  4.132443	  -0.601696	  0.522442  
	393	  5	  323	  385	  4.843040	  -2.136694	  0.472969  
	399	  5	  218	  978	  5.639328	  -1.572469	  0.469671  
	400	  5	  330	  392	  4.706400	  0.330634	  0.634207  
	401	  5	  331	  393	  4.601930	  -1.389913	  0.140424  
	404	  5	  280	  1321	  5.768538	  2.555097	  0.487917  
	413	  5	  343	  405	  3.762037	  -0.881687	  0.180584  
	418	  5	  348	  409	  6.722948	  3.806196	  0.388379  
	422	  5	  352	  413	  6.436907	  -3.584123	  0.211456  
	423	  5	  685	  481	  6.035155	  0.221266	  0.773466  
	426	  5	  356	  417	  6.371942	  2.426766	  0.613857  
	429	  5	  359	  420	  8.860158	  -6.902237	  0.447927  
	430	  5	  307	  1029	  6.604575	  1.993748	  0.477189  
	431	  5	  112	  422	  6.887171	  -1.204020	  0.443681  
	433	  5	  363	  424	  5.682022	  4.300032	  0.324534  
	434	  5	  70	  425	  3.227342	  1.389913	  0.140424  
	437	  5	  367	  46	  4.408731	  -0.330634	  0.634207  
	442	  5	  372	  432	  6.824167	  -3.533966	  0.575799  
	459	  5	  376	  446	  5.049858	  0.881137	  0.604234  
	461	  5	  378	  448	  5.319930	  3.584123	  0.211456  
	465	  5	  382	  452	  5.292675	  -0.630851	  0.503570  
	466	  5	  383	  453	  5.320283	  1.019750	  0.633794  
	468	  5	  385	  130	  4.717297	  -2.136694	  0.472969  
	469	  5	  386	  455	  6.631153	  -1.490232	  0.580753  
	473	  5	  1717	  819	  4.464031	  0.859548	  0.140493  
	474	  5	  392	  1388	  4.721181	  0.330634	  0.634207  
	475	  5	  393	  461	  4.569912	  -1.389913	  0.140424  
	477	  5	  1463	  463	  5.728345	  0.280190	  0.800883  
	482	  5	  400	  124	  7.237967	  -8.487791	  0.335938  
	487	  5	  405	  473	  3.654749	  -0.881687	  0.180584  
	491	  5	  409	  307	  6.855592	  3.806196	  0.388379  
	495	  5	  413	  480	  6.446026	  -3.584123	  0.211456  
	499	  5	  417	  484	  6.395695	  2.426766	  0.613857  
	501	  5	  1521	  1011	  4.575880	  -0.575282	  0.109649  
	502	  5	  420	  1174	  9.031102	  -6.902237	  0.447927  
	504	  5	  422	  489	  8.253983	  2.723729	  0.594573  
	505	  5	  1504	  490	  4.182631	  -0.197750	  0.273442  
	506	  5	  424	  491	  5.878089	  4.300032	  0.324534  
	507	  5	  425	  492	  3.563666	  1.389913	  0.140424  
	509	  5	  427	  567	  8.725088	  6.730031	  0.553795  
	511	  5	  429	  1175	  5.043038	  0.131396	  0.565360  
	514	  5	  432	  496	  6.834197	  -3.533966	  0.575799  
	515	  5	  433	  1765	  4.662487	  -0.542030	  0.244401  
	521	  5	  503	  112	  8.446036	  3.601282	  0.640600  
	526	  5	  76	  1821	  4.671870	  0.495906	  0.546929  
	535	  5	  186	  516	  5.117049	  -0.952513	  0.378223  
	543	  5	  448	  524	  5.413091	  3.584123	  0.211456  
	547	  5	  452	  1633	  5.321616	  -0.630851	  0.503570  
	548	  5	  453	  888	  5.430139	  1.019750	  0.633794  
	550	  5	  455	  1295	  6.740903	  -1.490232	  0.580753  
	554	  5	  819	  1923	  4.886378	  -0.747891	  0.411012  
	556	  5	  461	  536	  4.525276	  -1.389913	  0.140424  
	557	  5	  855	  537	  5.789324	  0.231523	  0.689099  
	558	  5	  463	  706	  5.678714	  0.280190	  0.800883  
	568	  5	  473	  2057	  3.426644	  -0.881687	  0.180584  
	575	  5	  480	  554	  6.449043	  -3.584123	  0.211456  
	579	  5	  484	  558	  6.414848	  2.426766	  0.613857  
	584	  5	  489	  563	  8.298182	  2.723729	  0.594573  
	586	  5	  491	  565	  6.035369	  4.300032	  0.324534  
	587	  5	  492	  566	  3.744870	  1.389913	  0.140424  
	600	  5	  1821	  576	  4.750122	  0.495906	  0.546929  
	609	  5	  516	  584	  5.113793	  -0.952513	  0.378223  
	610	  5	  517	  585	  5.125321	  0.422317	  0.777520  
	611	  5	  280	  496	  4.443920	  2.272461	  0.574917  
	618	  5	  257	  1029	  4.564777	  -0.564943	  0.350734  
	625	  5	  1481	  598	  4.706083	  -0.313560	  0.853766  
	633	  5	  978	  606	  3.808070	  0.491936	  0.456642  
	635	  5	  685	  791	  3.630036	  0.055498	  0.518123  
	636	  5	  524	  609	  5.498606	  3.584123	  0.211456  
	640	  5	  888	  1923	  3.624654	  0.224802	  0.393322  
	642	  5	  1295	  615	  5.042477	  -0.193404	  0.443684  
	648	  5	  536	  621	  4.463737	  -1.389913	  0.140424  
	651	  5	  1321	  623	  5.004893	  1.602584	  0.553115  
	659	  5	  2057	  227	  5.013126	  -2.371462	  0.211377  
	663	  5	  477	  1721	  5.002355	  0.334301	  0.685311  
	664	  5	  552	  722	  5.044866	  -0.716582	  0.588538  
	666	  5	  554	  636	  6.444837	  -3.584123	  0.211456  
	667	  5	  1565	  1300	  5.503782	  0.231523	  0.689099  
	670	  5	  558	  640	  6.429169	  2.426766	  0.613857  
	673	  5	  1174	  730	  7.471382	  -3.696317	  0.344423  
	675	  5	  563	  645	  8.346699	  2.723729	  0.594573  
	677	  5	  565	  646	  6.160514	  4.300032	  0.324534  
	678	  5	  566	  647	  3.885815	  1.389913	  0.140424  
	679	  5	  567	  648	  8.026693	  3.927749	  0.548318  
	682	  5	  1765	  650	  3.599210	  -0.169523	  0.653038  
	685	  5	  573	  653	  6.231388	  -3.273194	  0.405813  
	687	  5	  1501	  749	  4.004442	  0.055498	  0.518123  
	695	  5	  1463	  1738	  5.537728	  -0.280190	  0.800883  
	696	  5	  584	  662	  5.102923	  -0.952513	  0.378223  
	697	  5	  585	  663	  5.234307	  0.422317	  0.777520  
	709	  5	  597	  112	  4.750399	  -0.881137	  0.604234  
	712	  5	  978	  675	  3.715177	  0.432945	  0.413210  
	714	  5	  301	  676	  4.229851	  1.186866	  0.461064  
	716	  5	  307	  678	  3.890030	  0.639963	  0.254935  
	729	  5	  359	  938	  5.717983	  -1.762148	  0.346338  
	735	  5	  606	  696	  4.048520	  0.491936	  0.456642  
	736	  5	  446	  697	  5.697951	  0.860199	  0.591351  
	738	  5	  609	  699	  5.575431	  3.584123	  0.211456  
	744	  5	  615	  1159	  5.317896	  -0.193404	  0.443684  
	749	  5	  1664	  709	  3.385317	  -0.161188	  0.112031  
	750	  5	  621	  710	  4.395123	  -1.389913	  0.140424  
	752	  5	  623	  712	  5.124090	  1.602584	  0.553115  
	761	  5	  550	  720	  4.260889	  0.610795	  0.534167  
	765	  5	  636	  724	  6.437139	  -3.584123	  0.211456  
	769	  5	  640	  728	  6.438623	  2.426766	  0.613857  
	774	  5	  645	  1375	  8.423115	  2.723729	  0.594573  
	775	  5	  646	  1287	  6.277322	  4.300032	  0.324534  
	776	  5	  647	  710	  4.050742	  1.389913	  0.140424  
	777	  5	  648	  735	  8.179917	  3.927749	  0.548318  
	779	  5	  650	  1500	  3.368452	  -0.169523	  0.653038  
	782	  5	  653	  739	  6.215468	  -3.273194	  0.405813  
	785	  5	  576	  742	  6.076698	  1.033133	  0.504237  
	786	  5	  1944	  1980	  5.251070	  0.395491	  0.717841  
	791	  5	  662	  746	  5.081568	  -0.952513	  0.378223  
	792	  5	  663	  747	  5.305768	  0.422317	  0.777520  
	793	  5	  496	  748	  6.186272	  -1.261504	  0.577389  
	802	  5	  830	  755	  4.742292	  -0.702590	  0.195062  
	803	  5	  675	  756	  3.957124	  0.432945	  0.413210  
	804	  5	  676	  757	  4.353028	  1.186866	  0.461064  
	809	  5	  681	  762	  3.489875	  0.062008	  0.185854  
	812	  5	  684	  1287	  4.838800	  -3.352244	  0.390980  
	816	  5	  283	  768	  6.084219	  -2.062376	  0.222214  
	822	  5	  567	  774	  5.972171	  2.802283	  0.561471  
	826	  5	  206	  778	  9.228294	  -1.693673	  0.832215  
	840	  5	  696	  1078	  4.170503	  0.491936	  0.456642  
	841	  5	  697	  790	  5.672417	  0.860199	  0.591351  
	843	  5	  699	  792	  5.644569	  3.584123	  0.211456  
	856	  5	  712	  804	  5.210021	  1.602584	  0.553115  
	862	  5	  1991	  446	  4.249701	  0.121834	  0.429825  
	863	  5	  720	  830	  4.396393	  0.610795	  0.534167  
	865	  5	  722	  812	  5.026068	  -0.716582	  0.588538  
	867	  5	  724	  814	  6.420874	  -3.584123	  0.211456  
	876	  5	  1287	  822	  3.799476	  0.575282	  0.109649  
	878	  5	  735	  824	  8.330153	  3.927749	  0.548318  
	880	  5	  1500	  826	  4.418011	  -0.499463	  0.723861  
	882	  5	  739	  828	  6.195838	  -3.273194	  0.405813  
	885	  5	  742	  830	  5.963651	  1.033133	  0.504237  
	889	  5	  746	  834	  5.048934	  -0.952513	  0.378223  
	890	  5	  747	  1571	  5.369830	  0.422317	  0.777520  
	891	  5	  748	  836	  6.246282	  -1.261504	  0.577389  
	898	  5	  755	  842	  4.806229	  -0.702590	  0.195062  
	899	  5	  756	  1280	  4.129807	  0.432945	  0.413210  
	900	  5	  757	  844	  4.464741	  1.186866	  0.461064  
	908	  5	  1287	  851	  3.406445	  0.372506	  0.058435  
	911	  5	  768	  854	  6.157868	  -2.062376	  0.222214  
	913	  5	  938	  856	  4.440984	  -0.575282	  0.109649  
	917	  5	  774	  859	  6.139864	  2.802283	  0.561471  
	921	  5	  778	  826	  9.045077	  -1.693673	  0.832215  
	924	  5	  781	  865	  3.665141	  -0.062008	  0.185854  
	942	  5	  301	  880	  5.452944	  1.122159	  0.312256  
	954	  5	  1078	  890	  4.749234	  -0.329940	  0.760250  
	955	  5	  790	  891	  5.649539	  0.860199	  0.591351  
	956	  5	  791	  892	  3.814378	  0.055498	  0.518123  
	957	  5	  792	  1010	  5.724588	  3.584123	  0.211456  
	959	  5	  1633	  446	  5.257185	  -0.630851	  0.503570  
	969	  5	  804	  1019	  5.279392	  1.602584	  0.553115  
	970	  5	  1075	  904	  4.215164	  -0.360355	  0.197144  
	976	  5	  812	  909	  4.997326	  -0.716582	  0.588538  
	978	  5	  814	  911	  6.402992	  -3.584123	  0.211456  
	982	  5	  819	  915	  6.503548	  -0.981905	  0.523802  
	985	  5	  822	  1414	  4.279502	  0.575282	  0.109649  
	987	  5	  824	  919	  8.457502	  3.927749	  0.548318  
	991	  5	  828	  923	  6.171479	  -3.273194	  0.405813  
	994	  5	  831	  925	  5.250363	  0.395491	  0.717841  
	997	  5	  834	  928	  4.988720	  -0.952513	  0.378223  
	999	  5	  836	  930	  6.293142	  -1.261504	  0.577389  
	1005	  5	  842	  936	  4.839083	  -0.702590	  0.195062  
	1007	  5	  844	  938	  4.567404	  1.186866	  0.461064  
	1014	  5	  851	  945	  3.668952	  0.372506	  0.058435  
	1017	  5	  854	  946	  6.213770	  -2.062376	  0.222214  
	1018	  5	  855	  1300	  5.250842	  -0.231523	  0.689099  
	1019	  5	  856	  948	  4.495706	  -0.575282	  0.109649  
	1024	  5	  158	  953	  5.180951	  0.684277	  0.346396  
	1034	  5	  989	  1002	  4.523702	  0.180112	  0.395631  
	1042	  5	  880	  966	  5.626291	  1.122159	  0.312256  
	1050	  5	  888	  973	  5.284063	  0.794948	  0.701796  
	1051	  5	  1091	  974	  3.431361	  -0.027782	  0.509507  
	1055	  5	  490	  977	  6.674942	  -0.833997	  0.487770  
	1057	  5	  477	  1068	  5.183082	  -0.334301	  0.685311  
	1068	  5	  990	  21	  7.839403	  -7.098301	  0.395127  
	1069	  5	  890	  991	  4.753111	  -0.329940	  0.760250  
	1070	  5	  891	  992	  5.616279	  0.860199	  0.591351  
	1071	  5	  892	  993	  3.862259	  0.055498	  0.518123  
	1076	  5	  1883	  1610	  3.701241	  0.225058	  0.282017  
	1079	  5	  1063	  1000	  5.183559	  0.794948	  0.701796  
	1082	  5	  1019	  1003	  4.696303	  -1.670610	  0.264508  
	1083	  5	  904	  1004	  4.139186	  -0.360355	  0.197144  
	1087	  5	  1200	  22	  4.706633	  0.787185	  0.260428  
	1088	  5	  909	  1008	  4.946447	  -0.716582	  0.588538  
	1094	  5	  1375	  1119	  7.974325	  1.960833	  0.631778  
	1097	  5	  919	  1016	  8.570815	  3.927749	  0.548318  
	1101	  5	  923	  1019	  6.145260	  -3.273194	  0.405813  
	1103	  5	  925	  2093	  5.583292	  -0.516700	  0.251764  
	1106	  5	  928	  1024	  4.916548	  -0.952513	  0.378223  
	1107	  5	  1571	  1025	  5.379513	  0.422317	  0.777520  
	1108	  5	  930	  1026	  6.344417	  -1.261504	  0.577389  
	1114	  5	  936	  1030	  4.865530	  -0.702590	  0.195062  
	1123	  5	  945	  1038	  3.758045	  0.372506	  0.058435  
	1124	  5	  946	  1039	  6.265941	  -2.062376	  0.222214  
	1126	  5	  948	  1041	  4.549207	  -0.575282	  0.109649  
	1129	  5	  859	  1043	  5.188272	  1.171738	  0.512762  
	1130	  5	  952	  1400	  4.288472	  0.138511	  0.626989  
	1131	  5	  953	  1045	  5.352785	  0.684277	  0.346396  
	1142	  5	  964	  598	  4.911669	  0.313560	  0.853766  
	1144	  5	  966	  1056	  5.715409	  1.122159	  0.312256  
	1151	  5	  973	  1063	  5.345294	  0.794948	  0.701796  
	1152	  5	  974	  1389	  3.127435	  -0.027782	  0.509507  
	1167	  5	  989	  1417	  4.556725	  -0.180112	  0.395631  
	1168	  5	  990	  1077	  5.579808	  -1.027500	  0.519270  
	1172	  5	  383	  1081	  6.235727	  -1.630545	  0.596474  
	1185	  5	  1537	  1091	  3.734043	  -0.027782	  0.509507  
	1193	  5	  1280	  22	  7.144478	  -3.810899	  0.403865  
	1195	  5	  991	  1101	  4.737954	  -0.329940	  0.760250  
	1196	  5	  992	  1102	  5.577349	  0.860199	  0.591351  
	1198	  5	  1010	  911	  5.795624	  3.584123	  0.211456  
	1203	  5	  1430	  1108	  5.541866	  0.455155	  0.393461  
	1204	  5	  1000	  270	  5.207759	  0.794948	  0.701796  
	1205	  5	  1202	  1375	  5.422202	  -0.762896	  0.498948  
	1207	  5	  1003	  1111	  4.583037	  -1.670610	  0.264508  
	1208	  5	  1004	  1112	  4.053424	  -0.360355	  0.197144  
	1211	  5	  446	  1115	  4.826790	  -0.488079	  0.494955  
	1212	  5	  1008	  1116	  4.869524	  -0.716582	  0.588538  
	1216	  5	  915	  1936	  6.720891	  -0.981905	  0.523802  
	1220	  5	  1016	  1122	  8.674708	  3.927749	  0.548318  
	1228	  5	  1024	  1128	  4.835319	  -0.952513	  0.378223  
	1230	  5	  1026	  1130	  6.391651	  -1.261504	  0.577389  
	1233	  5	  1029	  1133	  6.940227	  1.428805	  0.527188  
	1234	  5	  1030	  1134	  4.881549	  -0.702590	  0.195062  
	1242	  5	  1038	  1139	  3.833319	  0.372506	  0.058435  
	1243	  5	  1039	  1140	  6.313501	  -2.062376	  0.222214  
	1245	  5	  1041	  1142	  4.594262	  -0.575282	  0.109649  
	1248	  5	  1400	  1145	  3.907355	  -0.179139	  0.504086  
	1249	  5	  1045	  1748	  5.435521	  0.684277	  0.346396  
	1260	  5	  1056	  1304	  5.816171	  1.122159	  0.312256  
	1271	  5	  978	  1162	  6.207254	  -2.497350	  0.457316  
	1272	  5	  1068	  1163	  6.137210	  -0.456136	  0.617071  
	1277	  5	  1495	  1168	  4.582165	  0.465510	  0.534613  
	1281	  5	  1077	  1170	  5.635753	  -1.027500	  0.519270  
	1285	  5	  1081	  1173	  6.099020	  -1.630545	  0.596474  
	1294	  5	  550	  383	  4.341410	  -0.610795	  0.534167  
	1301	  5	  1389	  1184	  5.701841	  -0.684647	  0.921135  
	1309	  5	  819	  730	  6.271616	  2.589344	  0.363983  
	1330	  5	  1101	  1208	  4.698687	  -0.329940	  0.760250  
	1331	  5	  1102	  1170	  5.530449	  0.860199	  0.591351  
	1334	  5	  1159	  1328	  3.679893	  -0.062008	  0.185854  
	1337	  5	  1108	  1214	  5.585058	  0.455155	  0.393461  
	1340	  5	  1111	  1215	  4.495616	  -1.670610	  0.264508  
	1341	  5	  1112	  218	  3.838096	  -0.360355	  0.197144  
	1345	  5	  1116	  1219	  4.769193	  -0.716582	  0.588538  
	1347	  5	  1936	  1316	  6.848046	  -0.621550	  0.713188  
	1351	  5	  1122	  1224	  8.767662	  3.927749	  0.548318  
	1357	  5	  1128	  1228	  4.714800	  -0.952513	  0.378223  
	1359	  5	  1130	  1230	  6.433397	  -1.261504	  0.577389  
	1362	  5	  1133	  1233	  7.042058	  1.428805	  0.527188  
	1363	  5	  1134	  1234	  4.889050	  -0.702590	  0.195062  
	1368	  5	  1139	  1239	  3.883222	  0.372506	  0.058435  
	1369	  5	  1140	  1240	  6.353803	  -2.062376	  0.222214  
	1371	  5	  1142	  1242	  4.631054	  -0.575282	  0.109649  
	1373	  5	  1043	  1336	  4.569278	  0.455155	  0.393461  
	1374	  5	  1145	  1495	  3.757442	  -0.179139	  0.504086  
	1375	  5	  1748	  1246	  3.462377	  0.161188	  0.112031  
	1384	  5	  1304	  1254	  4.729172	  0.525677	  0.274218  
	1388	  5	  1159	  1257	  4.967746	  -0.131396	  0.565360  
	1391	  5	  1162	  1260	  6.016734	  -2.497350	  0.457316  
	1392	  5	  1163	  1261	  6.098102	  -0.456136	  0.617071  
	1397	  5	  1168	  1264	  4.635334	  0.465510	  0.534613  
	1399	  5	  1170	  1266	  3.710520	  -0.167301	  0.148661  
	1402	  5	  1173	  1269	  5.952790	  -1.630545	  0.596474  
	1403	  5	  1174	  1270	  8.298059	  -3.205920	  0.567264  
	1413	  5	  1184	  1279	  5.504396	  -0.684647	  0.921135  
	1429	  5	  1200	  1291	  4.487585	  -0.787185	  0.260428  
	1430	  5	  1481	  925	  6.560245	  -1.242826	  0.501822  
	1441	  5	  1206	  32	  4.596762	  -0.677769	  0.523909  
	1452	  5	  1208	  1305	  4.627502	  -0.329940	  0.760250  
	1453	  5	  1209	  1306	  3.898639	  0.055498	  0.518123  
	1458	  5	  1214	  1311	  5.625400	  0.455155	  0.393461  
	1459	  5	  1215	  1312	  4.395566	  -1.670610	  0.264508  
	1462	  5	  1219	  1314	  4.655625	  -0.716582	  0.588538  
	1467	  5	  1224	  1319	  8.850630	  3.927749	  0.548318  
	1470	  5	  1228	  1321	  4.564169	  -0.952513	  0.378223  
	1472	  5	  1230	  1323	  6.469087	  -1.261504	  0.577389  
	1475	  5	  1233	  1325	  7.133642	  1.428805	  0.527188  
	1476	  5	  1234	  1326	  4.885906	  -0.702590	  0.195062  
	1481	  5	  1239	  1331	  3.912789	  0.372506	  0.058435  
	1482	  5	  1240	  1332	  6.389281	  -2.062376	  0.222214  
	1484	  5	  1242	  1334	  4.658514	  -0.575282	  0.109649  
	1487	  5	  1495	  1202	  5.627090	  -0.762896	  0.498948  
	1488	  5	  1246	  709	  3.616417	  0.161188	  0.112031  
	1496	  5	  1254	  1345	  4.806752	  0.525677	  0.274218  
	1498	  5	  1709	  429	  5.206465	  0.131396	  0.565360  
	1499	  5	  1257	  1347	  5.008238	  -0.131396	  0.565360  
	1502	  5	  1350	  90	  9.793900	  8.616322	  0.611166  
	1503	  5	  1260	  1350	  5.817513	  -2.497350	  0.457316  
	1504	  5	  1261	  1351	  6.038538	  -0.456136	  0.617071  
	1507	  5	  1264	  1353	  4.655505	  0.465510	  0.534613  
	1508	  5	  1075	  1969	  4.240031	  0.360355	  0.197144  
	1509	  5	  1266	  1355	  3.777129	  -0.167301	  0.148661  
	1512	  5	  1269	  859	  5.736056	  -1.630545	  0.596474  
	1513	  5	  1270	  1359	  8.402166	  -3.205920	  0.567264  
	1524	  5	  1281	  1366	  4.047853	  0.138511	  0.626989  
	1526	  5	  1283	  1368	  5.406198	  -0.297250	  0.300488  
	1534	  5	  1291	  1579	  4.483086	  -0.787185	  0.260428  
	1538	  5	  1295	  1376	  4.398037	  -0.639963	  0.254935  
	1542	  5	  21	  1379	  4.379293	  -0.834404	  0.108662  
	1548	  5	  1304	  1384	  4.527765	  0.596482	  0.345778  
	1550	  5	  229	  1386	  3.511422	  -0.287557	  0.124128  
	1559	  5	  1002	  1394	  5.941818	  0.386326	  0.455595  
	1569	  5	  1181	  1402	  4.652760	  -0.206214	  0.507969  
	1571	  5	  1305	  1404	  4.517968	  -0.329940	  0.760250  
	1572	  5	  1306	  1405	  3.881218	  0.055498	  0.518123  
	1573	  5	  1307	  1585	  5.298742	  0.553334	  0.699679  
	1577	  5	  1311	  1409	  5.660819	  0.455155	  0.393461  
	1578	  5	  1312	  1410	  4.281654	  -1.670610	  0.264508  
	1579	  5	  1115	  158	  4.589375	  -0.488079	  0.494955  
	1580	  5	  1314	  1043	  4.525330	  -0.716582	  0.588538  
	1585	  5	  1319	  1416	  8.926438	  3.927749	  0.548318  
	1586	  5	  1975	  1417	  4.590237	  0.180112	  0.395631  
	1589	  5	  1323	  1419	  6.500982	  -1.261504	  0.577389  
	1591	  5	  1325	  1421	  7.213349	  1.428805	  0.527188  
	1592	  5	  1326	  1422	  4.872095	  -0.702590	  0.195062  
	1597	  5	  1331	  1426	  3.927996	  0.372506	  0.058435  
	1598	  5	  1332	  1427	  6.418793	  -2.062376	  0.222214  
	1600	  5	  1334	  1521	  4.681280	  -0.575282	  0.109649  
	1602	  5	  1336	  1430	  4.842410	  0.455155	  0.393461  
	1609	  5	  1343	  1435	  3.850500	  -0.287557	  0.124128  
	1610	  5	  925	  1388	  5.048488	  -0.330634	  0.634207  
	1611	  5	  1345	  1436	  4.863746	  0.525677	  0.274218  
	1613	  5	  1347	  1175	  5.047727	  -0.131396	  0.565360  
	1616	  5	  1351	  490	  5.898643	  -0.456136	  0.617071  
	1618	  5	  1353	  1657	  4.662807	  0.465510	  0.534613  
	1624	  5	  1359	  1445	  8.505441	  -3.205920	  0.567264  
	1629	  5	  1857	  1450	  3.886493	  -0.649719	  0.113500  
	1631	  5	  1366	  1452	  4.137097	  0.138511	  0.626989  
	1632	  5	  706	  1537	  3.730101	  -0.027782	  0.509507  
	1633	  5	  1368	  1454	  5.480152	  -0.297250	  0.300488  
	1636	  5	  1659	  1495	  3.582245	  -0.118246	  0.350758  
	1641	  5	  1376	  678	  4.308473	  -0.639963	  0.254935  
	1643	  5	  1379	  1462	  4.412803	  -0.834404	  0.108662  
	1648	  5	  1384	  1465	  4.593634	  0.596482	  0.345778  
	1650	  5	  1386	  1467	  3.425044	  -0.287557	  0.124128  
	1653	  5	  1389	  1469	  4.916833	  0.656865	  0.938545  
	1658	  5	  1394	  1473	  5.820137	  0.386326	  0.455595  
	1664	  5	  1400	  1477	  5.054570	  0.317651	  0.557678  
	1672	  5	  505	  749	  3.878755	  0.117282	  0.480026  
	1684	  5	  1283	  1496	  5.009895	  0.297250	  0.300488  
	1688	  5	  977	  2031	  5.261174	  0.268222	  0.433502  
	1690	  5	  1404	  1500	  4.358881	  -0.329940	  0.760250  
	1691	  5	  1405	  1501	  3.856989	  0.055498	  0.518123  
	1695	  5	  1409	  1505	  5.689256	  0.455155	  0.393461  
	1696	  5	  1410	  149	  4.144942	  -1.670610	  0.264508  
	1699	  5	  1413	  1939	  7.180665	  -0.621550	  0.713188  
	1700	  5	  1414	  1011	  4.407575	  0.575282	  0.109649  
	1702	  5	  1416	  1510	  8.995611	  3.927749	  0.548318  
	1705	  5	  1419	  1512	  6.527697	  -1.261504	  0.577389  
	1707	  5	  1421	  1514	  7.282794	  1.428805	  0.527188  
	1708	  5	  1422	  1515	  4.848174	  -0.702590	  0.195062  
	1712	  5	  1426	  1519	  3.929659	  0.372506	  0.058435  
	1713	  5	  1427	  1520	  6.443316	  -2.062376	  0.222214  
	1720	  5	  1436	  1525	  4.904667	  0.525677	  0.274218  
	1722	  5	  1348	  1402	  4.972826	  0.206214	  0.507969  
	1729	  5	  1445	  1481	  8.666690	  -3.205920	  0.567264  
	1734	  5	  1450	  1534	  3.873906	  -0.649719	  0.113500  
	1736	  5	  1452	  1536	  4.199949	  0.138511	  0.626989  
	1738	  5	  1454	  967	  5.618412	  -0.297250	  0.300488  
	1744	  5	  1579	  1541	  4.456407	  -0.787185	  0.260428  
	1746	  5	  1462	  1543	  4.431421	  -0.834404	  0.108662  
	1749	  5	  1465	  1544	  4.636677	  0.596482	  0.345778  
	1751	  5	  1467	  503	  3.145586	  -0.287557	  0.124128  
	1753	  5	  1469	  1295	  4.960408	  0.656865	  0.938545  
	1757	  5	  1473	  1343	  5.691213	  0.386326	  0.455595  
	1761	  5	  1477	  1553	  5.012119	  0.317651	  0.557678  
	1766	  5	  481	  1489	  4.196115	  0.099500	  0.354238  
	1773	  5	  1489	  1560	  4.180502	  0.099500	  0.354238  
	1779	  5	  1496	  2093	  4.933309	  0.297250	  0.300488  
	1781	  5	  977	  481	  5.066280	  0.241154	  0.406105  
	1794	  5	  1328	  781	  3.874846	  -0.062008	  0.185854  
	1799	  5	  481	  1565	  7.099370	  0.362919	  0.644299  
	1810	  5	  1504	  1673	  4.069013	  0.197750	  0.273442  
	1811	  5	  1505	  1587	  5.711462	  0.455155	  0.393461  
	1813	  5	  1939	  706	  5.961957	  -0.307973	  0.774598  
	1816	  5	  1510	  1591	  9.058859	  3.927749	  0.548318  
	1818	  5	  1512	  1593	  6.554580	  -1.261504	  0.577389  
	1820	  5	  1514	  1595	  7.342330	  1.428805	  0.527188  
	1821	  5	  1515	  1596	  4.818167	  -0.702590	  0.195062  
	1825	  5	  1519	  1599	  3.922193	  0.372506	  0.058435  
	1826	  5	  1520	  1600	  6.467501	  -2.062376	  0.222214  
	1831	  5	  1525	  1605	  4.934756	  0.525677	  0.274218  
	1837	  5	  2035	  1610	  3.960724	  -0.225058	  0.282017  
	1839	  5	  1534	  1612	  3.850975	  -0.649719	  0.113500  
	1840	  5	  1928	  1613	  4.694818	  0.099500	  0.354238  
	1841	  5	  1536	  952	  4.238229	  0.138511	  0.626989  
	1846	  5	  1541	  1617	  5.674208	  -1.489775	  0.229601  
	1847	  5	  1543	  1618	  4.442559	  -0.834404	  0.108662  
	1848	  5	  1544	  1619	  4.655385	  0.596482	  0.345778  
	1854	  5	  1343	  1585	  6.870479	  1.096200	  0.492667  
	1857	  5	  1553	  1206	  4.956143	  0.317651	  0.557678  
	1864	  5	  1560	  1628	  4.230915	  0.099500	  0.354238  
	1869	  5	  1565	  1709	  4.834350	  0.131396	  0.565360  
	1885	  5	  1206	  1721	  5.575362	  -0.507082	  0.619533  
	1889	  5	  762	  1649	  3.438895	  0.062008	  0.185854  
	1893	  5	  955	  1652	  5.408922	  -0.231523	  0.689099  
	1915	  5	  1587	  1674	  5.727223	  0.455155	  0.393461  
	1919	  5	  1591	  1677	  9.116169	  3.927749	  0.548318  
	1921	  5	  1593	  1678	  6.575886	  -1.261504	  0.577389  
	1922	  5	  1595	  1679	  7.394051	  1.428805	  0.527188  
	1923	  5	  1596	  1541	  4.772129	  -0.702590	  0.195062  
	1926	  5	  1599	  1681	  3.901767	  0.372506	  0.058435  
	1927	  5	  1600	  1682	  6.489513	  -2.062376	  0.222214  
	1932	  5	  1605	  1687	  4.953966	  0.525677	  0.274218  
	1939	  5	  1612	  1693	  3.811855	  -0.649719	  0.113500  
	1940	  5	  1613	  967	  4.646631	  0.099500	  0.354238  
	1944	  5	  1617	  1697	  5.635185	  -1.489775	  0.229601  
	1945	  5	  1618	  1698	  4.445319	  -0.834404	  0.108662  
	1946	  5	  1619	  1699	  4.658930	  0.596482	  0.345778  
	1948	  5	  1585	  1701	  6.227479	  0.837780	  0.563605  
	1954	  5	  1628	  1705	  4.264629	  0.099500	  0.354238  
	1974	  5	  1649	  1723	  3.505568	  0.062008	  0.185854  
	1977	  5	  1652	  537	  5.511137	  -0.231523	  0.689099  
	1984	  5	  1659	  2069	  3.608266	  0.118246	  0.350758  
	1996	  5	  436	  1307	  5.462821	  0.553334	  0.699679  
	2003	  5	  1002	  1181	  5.103811	  -0.206214	  0.507969  
	2020	  5	  1585	  1481	  6.075497	  0.811754	  0.560565  
	2021	  5	  1673	  1757	  4.132955	  0.197750	  0.273442  
	2022	  5	  1674	  1758	  5.736341	  0.455155	  0.393461  
	2025	  5	  1677	  1761	  9.167865	  3.927749	  0.548318  
	2026	  5	  1678	  1762	  6.593920	  -1.261504	  0.577389  
	2027	  5	  1679	  1763	  7.439351	  1.428805	  0.527188  
	2029	  5	  1681	  1765	  3.874479	  0.372506	  0.058435  
	2030	  5	  1682	  1766	  6.510766	  -2.062376	  0.222214  
	2035	  5	  1687	  1769	  4.966733	  0.525677	  0.274218  
	2041	  5	  1693	  1775	  3.751388	  -0.649719	  0.113500  
	2044	  5	  1697	  1777	  5.594254	  -1.489775	  0.229601  
	2045	  5	  1698	  1778	  4.436726	  -0.834404	  0.108662  
	2046	  5	  1699	  1779	  4.652267	  0.596482	  0.345778  
	2048	  5	  1701	  1481	  6.147499	  0.837780	  0.563605  
	2052	  5	  1705	  1785	  4.293414	  0.099500	  0.354238  
	2055	  5	  1994	  576	  5.753249	  0.537227	  0.464829  
	2064	  5	  1717	  1792	  4.242794	  -0.649719	  0.113500  
	2077	  5	  2069	  2035	  5.173787	  0.312169	  0.596628  
	2085	  5	  1738	  1803	  5.102429	  -0.280190	  0.800883  
	2089	  5	  1119	  436	  5.268952	  0.553334	  0.699679  
	2094	  5	  1119	  2094	  6.791756	  0.729730	  0.680478  
	2095	  5	  1748	  1810	  4.452622	  0.523089	  0.418615  
	2098	  5	  1281	  1812	  3.951588	  -0.138511	  0.626989  
	2100	  5	  1721	  749	  5.145911	  -0.172780	  0.492263  
	2101	  5	  594	  367	  4.826683	  -0.330634	  0.634207  
	2112	  5	  1413	  1316	  6.611250	  0.621550	  0.713188  
	2126	  5	  1757	  1831	  4.155966	  0.197750	  0.273442  
	2127	  5	  1758	  1832	  5.740870	  0.455155	  0.393461  
	2130	  5	  1761	  1835	  9.216033	  3.927749	  0.548318  
	2131	  5	  1762	  1836	  6.608177	  -1.261504	  0.577389  
	2132	  5	  1763	  1837	  7.477559	  1.428805	  0.527188  
	2134	  5	  1766	  1838	  6.529178	  -2.062376	  0.222214  
	2136	  5	  1769	  1840	  4.971285	  0.525677	  0.274218  
	2144	  5	  1777	  1847	  5.545858	  -1.489775	  0.229601  
	2145	  5	  1778	  1848	  4.415688	  -0.834404	  0.108662  
	2146	  5	  1779	  1908	  4.621778	  0.596482	  0.345778  
	2151	  5	  1785	  1852	  4.312318	  0.099500	  0.354238  
	2158	  5	  1792	  1857	  4.254088	  -0.649719	  0.113500  
	2161	  5	  1723	  865	  3.584477	  0.062008	  0.185854  
	2164	  5	  2035	  1861	  5.650153	  0.537227	  0.464829  
	2173	  5	  1348	  1868	  4.910147	  -0.206214	  0.507969  
	2175	  5	  2094	  1869	  5.114514	  0.395491	  0.717841  
	2176	  5	  1810	  1870	  4.480009	  0.523089	  0.418615  
	2178	  5	  1812	  206	  3.545069	  -0.138511	  0.626989  
	2212	  5	  1831	  1893	  4.169533	  0.197750	  0.273442  
	2213	  5	  1832	  1894	  5.740205	  0.455155	  0.393461  
	2216	  5	  1835	  422	  9.260938	  3.927749	  0.548318  
	2217	  5	  1836	  1897	  6.619008	  -1.261504	  0.577389  
	2218	  5	  1837	  1898	  7.510921	  1.428805	  0.527188  
	2219	  5	  1838	  1899	  6.545735	  -2.062376	  0.222214  
	2221	  5	  1840	  1900	  4.967196	  0.525677	  0.274218  
	2225	  5	  1844	  1991	  4.199547	  0.121834	  0.429825  
	2228	  5	  1847	  1906	  5.488054	  -1.489775	  0.229601  
	2229	  5	  1848	  1907	  4.383965	  -0.834404	  0.108662  
	2232	  5	  1852	  1910	  4.317459	  0.099500	  0.354238  
	2241	  5	  1861	  1917	  5.614514	  0.537227	  0.464829  
	2249	  5	  1869	  1944	  5.195236	  0.395491	  0.717841  
	2250	  5	  1870	  1923	  4.490193	  0.523089	  0.418615  
	2259	  5	  1047	  955	  5.312756	  -0.313578	  0.652876  
	2262	  5	  1883	  158	  3.649929	  -0.225058	  0.282017  
	2264	  5	  1343	  1025	  5.207350	  -0.422317	  0.777520  
	2277	  5	  1209	  1938	  3.990859	  -0.055498	  0.518123  
	2286	  5	  1893	  967	  4.172555	  0.197750	  0.273442  
	2287	  5	  1894	  2073	  5.726047	  0.455155	  0.393461  
	2289	  5	  1897	  1983	  6.625220	  -1.261504	  0.577389  
	2290	  5	  1898	  1947	  7.539559	  1.428805	  0.527188  
	2291	  5	  1899	  1948	  6.558986	  -2.062376	  0.222214  
	2292	  5	  1900	  1949	  4.950613	  0.525677	  0.274218  
	2296	  5	  1906	  1953	  5.419116	  -1.489775	  0.229601  
	2300	  5	  1910	  1928	  4.310504	  0.099500	  0.354238  
	2307	  5	  1917	  1994	  5.538314	  0.537227	  0.464829  
	2325	  5	  1936	  1969	  4.594734	  -0.360355	  0.197144  
	2327	  5	  1938	  993	  3.979851	  -0.055498	  0.518123  
	2328	  5	  1939	  1047	  5.293880	  -0.313578	  0.652876  
	2341	  5	  1844	  1068	  3.953766	  -0.121834	  0.429825  
	2346	  5	  1947	  1984	  7.564288	  1.428805	  0.527188  
	2347	  5	  1948	  1985	  6.569726	  -2.062376	  0.222214  
	2348	  5	  1949	  1986	  4.923557	  0.525677	  0.274218  
	2352	  5	  1953	  1989	  5.334190	  -1.489775	  0.229601  
	2360	  5	  1907	  1995	  4.066313	  -0.834404	  0.108662  
	2376	  5	  1980	  831	  5.262758	  0.395491	  0.717841  
	2384	  5	  2073	  2013	  4.616509	  -1.607221	  0.173718  
	2385	  5	  1983	  2014	  3.658216	  0.167301	  0.148661  
	2386	  5	  1984	  2015	  7.586091	  1.428805	  0.527188  
	2387	  5	  1985	  2016	  6.578924	  -2.062376	  0.222214  
	2388	  5	  1986	  2017	  4.891453	  0.525677	  0.274218  
	2391	  5	  1989	  2020	  5.228032	  -1.489775	  0.229601  
	2418	  5	  2014	  2038	  3.760036	  0.167301	  0.148661  
	2419	  5	  2015	  2039	  7.604307	  1.428805	  0.527188  
	2420	  5	  2016	  2040	  6.584982	  -2.062376	  0.222214  
	2421	  5	  2017	  2041	  4.843608	  0.525677	  0.274218  
	2424	  5	  2020	  2043	  5.095207	  -1.489775	  0.229601  
	2428	  5	  1995	  2046	  3.961719	  -0.834404	  0.108662  
	2435	  5	  2031	  2051	  4.647408	  0.206214	  0.507969  
	2442	  5	  2013	  2053	  4.321953	  -1.607221	  0.173718  
	2443	  5	  2038	  2054	  3.829912	  0.167301	  0.148661  
	2444	  5	  2039	  1983	  7.621772	  1.428805	  0.527188  
	2445	  5	  2040	  2056	  6.588283	  -2.062376	  0.222214  
	2446	  5	  2041	  22	  4.769492	  0.525677	  0.274218  
	2447	  5	  1775	  427	  3.439817	  -0.649719	  0.113500  
	2448	  5	  2043	  2057	  4.924340	  -1.489775	  0.229601  
	2451	  5	  2046	  2059	  3.847671	  -0.834404	  0.108662  
	2455	  5	  2051	  2063	  4.702400	  0.206214	  0.507969  
	2456	  5	  1975	  2071	  4.447150	  -0.180112	  0.395631  
	2458	  5	  2054	  2065	  3.874027	  0.167301	  0.148661  
	2460	  5	  2056	  2067	  6.589064	  -2.062376	  0.222214  
	2463	  5	  2059	  2068	  3.722551	  -0.834404	  0.108662  
	2464	  5	  2104	  2069	  4.879497	  0.193922	  0.746549  
	2466	  5	  2063	  2070	  4.748484	  0.206214	  0.507969  
	2468	  5	  2065	  2072	  3.904431	  0.167301	  0.148661  
	2470	  5	  2067	  2073	  6.587653	  -2.062376	  0.222214  
	2471	  5	  2068	  8	  3.433238	  -0.834404	  0.108662  
	2473	  5	  2070	  1868	  4.777849	  0.206214	  0.507969  
	2474	  5	  2071	  490	  4.211773	  -0.180112	  0.395631  
	2475	  5	  2072	  2076	  3.923611	  0.167301	  0.148661  
	2480	  5	  2076	  2079	  3.931542	  0.167301	  0.148661  
	2482	  5	  2079	  2080	  3.928262	  0.167301	  0.148661  
	2484	  5	  2080	  2082	  3.914415	  0.167301	  0.148661  
	2486	  5	  2082	  1355	  3.891693	  0.167301	  0.148661  
	2488	  5	  2104	  2084	  5.926622	  -0.334239	  0.636269  
	2489	  5	  2084	  2085	  5.899598	  -0.334239	  0.636269  
	2490	  5	  2085	  2086	  5.865707	  -0.334239	  0.636269  
	2492	  5	  2086	  2088	  5.814704	  -0.334239	  0.636269  
	2494	  5	  2088	  2090	  5.744206	  -0.334239	  0.636269  
	2495	  5	  2089	  2091	  3.280915	  0.058262	  0.389763  
	2496	  5	  2090	  2092	  5.646750	  -0.334239	  0.636269  
	2497	  5	  2093	  1664	  3.610693	  -0.161188	  0.112031  
	2498	  5	  2091	  2093	  3.281625	  0.058262	  0.389763  
	2499	  5	  2092	  2094	  5.512066	  -0.334239	  0.636269  
	2512	  5	  2104	  2105	  6.148849	  0.082054	  0.550668  
	2513	  5	  2105	  2106	  6.195674	  0.082054	  0.550668  
	2514	  5	  2106	  2107	  6.217343	  0.082054	  0.550668  
	2515	  5	  2107	  955	  6.224877	  0.082054	  0.550668  
	2516	  5	  2089	  2104	  6.309996	  -0.058262	  0.389763  
 615       total number of nodes
  name    x       y       z
	1	  25.000000	  77.900002	  500.000000  
	2	  55.000000	  95.199997	  500.000000  
	3	  64.421089	  102.827026	  476.141022  
	6	  85.104218	  112.496040	  349.960449  
	7	  84.929489	  112.442726	  299.966064  
	8	  83.920120	  115.469444	  251.083069  
	11	  88.211044	  131.759445	  89.771484  
	13	  162.228882	  153.888748	  485.144958  
	14	  275.000000	  222.100006	  500.000000  
	15	  245.000000	  204.800003	  500.000000  
	16	  225.012314	  183.152740	  477.823822  
	19	  218.624390	  186.296249	  351.319092  
	21	  227.849350	  174.393555	  246.736038  
	22	  215.964035	  183.006546	  198.428604  
	30	  67.852615	  97.552773	  397.721130  
	32	  219.161469	  174.251205	  129.676132  
	46	  86.508057	  133.977402	  127.828911  
	50	  81.140030	  109.504196	  328.447754  
	51	  82.658661	  108.947342	  372.400024  
	58	  56.819817	  103.628380	  435.811279  
	61	  105.202774	  105.907776	  101.529068  
	68	  213.967606	  193.030792	  368.846222  
	70	  40.442284	  68.708611	  395.078033  
	74	  41.499023	  102.462448	  427.884460  
	76	  72.436127	  150.961594	  139.046738  
	77	  96.428139	  100.473999	  111.257179  
	84	  214.033829	  204.115356	  368.573517  
	85	  230.770248	  196.849289	  287.223511  
	86	  250.517044	  181.601959	  309.772980  
	90	  86.174347	  104.697578	  211.501648  
	93	  179.757462	  250.799698	  229.983353  
	96	  29.222401	  101.420433	  418.553772  
	106	  212.772324	  220.263855	  367.872223  
	107	  241.555908	  206.725128	  281.901917  
	111	  75.932358	  106.058701	  212.287308  
	112	  75.446854	  126.900345	  170.940033  
	119	  64.124222	  102.237106	  420.766754  
	120	  262.491180	  72.491936	  397.239349  
	121	  167.538132	  248.530975	  230.230164  
	124	  278.349762	  100.995522	  407.054626  
	125	  167.586075	  111.228958	  205.729675  
	127	  102.553955	  91.266563	  153.479874  
	129	  27.749197	  161.380554	  236.494827  
	130	  44.347057	  72.973930	  327.244781  
	134	  210.171783	  235.258331	  365.888702  
	135	  249.581955	  213.821960	  276.786957  
	148	  224.674850	  179.103439	  336.324097  
	149	  53.075710	  91.275032	  336.518158  
	158	  175.705505	  112.757408	  196.889801  
	160	  107.751244	  88.142456	  166.852631  
	161	  37.824734	  181.772812	  269.157257  
	162	  38.555099	  150.611740	  231.493469  
	167	  206.375427	  248.574493	  362.564911  
	168	  262.252045	  227.061249	  266.415466  
	181	  219.996933	  171.595703	  345.358246  
	182	  45.438717	  97.085449	  341.492859  
	186	  237.609894	  179.391830	  345.502045  
	187	  224.670563	  176.946091	  299.826843  
	192	  48.575382	  73.954094	  212.048874  
	196	  223.289169	  170.110016	  120.076118  
	198	  220.023087	  184.700699	  293.352325  
	199	  235.466507	  85.224060	  407.877502  
	200	  132.908508	  266.678162	  233.933701  
	203	  235.796783	  104.246498	  413.023285  
	204	  193.164688	  136.783417	  191.824249  
	206	  113.887199	  83.061302	  180.165802  
	208	  49.343079	  141.058990	  226.068069  
	212	  201.976318	  259.169495	  358.365479  
	213	  140.778107	  10.837636	  257.590759  
	217	  41.827305	  67.380150	  215.486496  
	218	  33.607037	  116.546562	  202.906982  
	223	  163.196686	  251.887573	  384.305939  
	226	  230.497086	  169.720749	  358.612762  
	227	  35.779945	  102.939377	  348.865051  
	229	  95.663567	  54.827400	  144.570206  
	238	  100.114716	  112.823830	  261.743683  
	240	  215.482651	  168.197205	  429.051300  
	245	  219.282089	  168.563614	  455.064758  
	246	  276.478058	  182.379166	  289.686127  
	250	  160.833984	  292.718353	  312.958893  
	254	  207.387329	  191.673065	  290.040863  
	257	  123.126900	  279.609406	  236.010162  
	260	  223.024216	  106.742065	  413.970917  
	265	  58.841530	  130.646927	  221.035492  
	269	  196.458893	  268.895416	  352.773926  
	270	  152.258026	  21.581682	  243.143250  
	280	  163.637848	  238.681122	  387.539215  
	283	  239.357605	  170.800354	  367.495453  
	284	  28.023293	  101.781364	  365.950653  
	286	  91.804665	  35.581680	  127.353767  
	289	  241.230667	  153.387192	  316.910645  
	294	  113.399956	  112.002052	  254.794373  
	296	  216.152832	  156.392059	  427.653046  
	298	  234.570175	  160.853958	  455.597351  
	301	  152.076065	  287.612579	  303.398438  
	305	  195.756973	  200.027618	  285.482605  
	306	  90.097855	  113.693062	  265.605682  
	307	  153.070572	  104.490379	  219.421616  
	309	  87.432472	  113.674805	  360.273865  
	314	  208.636093	  111.561096	  414.575775  
	319	  67.533058	  118.865829	  216.023041  
	323	  58.912533	  54.193272	  344.657471  
	330	  108.932434	  202.450775	  125.901321  
	331	  146.493469	  123.632370	  457.837311  
	343	  250.659332	  142.584534	  323.466064  
	348	  125.954620	  111.089142	  246.077072  
	352	  249.263138	  155.566177	  455.689331  
	356	  49.393684	  127.201263	  208.700089  
	359	  183.753265	  211.726486	  278.117493  
	363	  98.095741	  123.067467	  360.646851  
	367	  91.547722	  154.168686	  121.161484  
	372	  210.300186	  191.136887	  386.902588  
	376	  110.605827	  144.739548	  177.402527  
	378	  194.907349	  118.196411	  415.323975  
	382	  81.185783	  193.930984	  221.394852  
	383	  107.862671	  238.621231	  274.216248  
	385	  50.558441	  63.480869	  335.178558  
	386	  151.729370	  36.547897	  219.338104  
	392	  116.128868	  211.419327	  128.777954  
	393	  137.755829	  114.380547	  459.349792  
	400	  279.789764	  100.776398	  395.504333  
	405	  261.502716	  133.259521	  328.087860  
	409	  137.363861	  109.353966	  235.939316  
	413	  264.552032	  152.258530	  455.816254  
	417	  49.197929	  135.460083	  221.767731  
	420	  178.288269	  213.802246	  269.990326  
	422	  57.534184	  138.839630	  179.914169  
	424	  111.123901	  132.752441	  360.372101  
	425	  53.183723	  63.844749	  410.668182  
	427	  161.897522	  267.754547	  377.201172  
	429	  113.195457	  69.731728	  -0.128677  
	432	  204.875061	  199.162567	  390.807831  
	433	  196.095078	  256.263062	  228.872971  
	436	  228.200409	  177.536392	  90.951622  
	446	  122.244720	  151.325073	  184.627380  
	448	  181.914520	  126.374809	  416.740295  
	452	  90.749649	  188.199722	  213.985245  
	453	  103.473854	  241.476547	  264.174957  
	455	  154.886703	  40.476292	  206.099213  
	461	  128.473373	  104.054359	  457.549286  
	463	  190.980621	  86.392342	  67.986229  
	473	  272.036926	  126.922531	  330.188049  
	477	  152.716309	  171.703674	  130.048874  
	480	  279.758820	  151.088974	  455.842834  
	481	  79.305412	  97.398354	  22.669975  
	484	  48.788025	  145.443710	  233.622452  
	489	  48.053974	  137.189072	  175.456680  
	490	  97.741768	  145.056473	  46.534302  
	491	  124.966438	  141.459000	  359.017914  
	492	  61.535812	  62.229240	  418.518707  
	496	  198.816681	  210.527451	  398.234467  
	503	  83.453339	  107.986572	  191.579468  
	505	  154.300888	  153.938065	  122.276077  
	516	  255.055267	  178.227585	  358.826294  
	517	  109.670479	  117.661491	  124.522156  
	524	  169.192383	  135.943405	  419.395081  
	536	  119.114189	  92.801445	  453.113495  
	537	  260.902222	  77.879883	  15.405181  
	550	  102.317360	  230.394073	  264.619263  
	552	  227.618103	  91.463982	  415.927490  
	554	  34.912857	  151.930557	  455.593109  
	558	  48.500153	  157.057648	  244.109451  
	563	  34.496910	  136.434357	  168.986206  
	565	  139.433624	  149.243591	  356.230865  
	566	  71.705254	  62.456032	  426.038879  
	567	  135.232407	  257.388184	  351.021484  
	573	  160.050827	  137.389038	  448.249481  
	576	  59.325756	  210.705612	  195.186127  
	584	  267.870667	  176.394684	  366.490021  
	585	  111.946342	  99.485016	  121.398857  
	594	  97.151627	  173.958206	  119.776627  
	597	  92.540947	  135.092194	  171.028381  
	598	  223.767029	  239.797012	  172.695770  
	606	  270.759460	  142.056152	  227.017700  
	609	  155.986862	  144.699036	  423.583649  
	615	  156.770538	  51.365070	  169.416901  
	621	  109.883156	  82.474060	  447.514526  
	623	  130.319717	  166.948395	  380.494202  
	636	  50.134659	  154.679901	  454.933929  
	640	  47.604839	  169.965302	  252.943207  
	645	  21.764715	  135.661850	  161.411713  
	646	  153.015045	  154.892181	  352.851990  
	647	  80.880318	  64.865334	  431.696838  
	648	  129.983902	  259.257263	  342.008606  
	650	  101.099396	  47.797966	  220.613113  
	653	  154.013367	  135.384415	  440.424103  
	662	  22.361973	  174.268723	  372.472229  
	663	  111.868057	  86.579575	  118.412605  
	675	  264.040436	  133.276382	  225.153381  
	676	  157.091385	  276.142578	  298.772400  
	678	  158.778275	  82.048584	  204.771133  
	681	  100.737175	  134.167358	  -0.123564  
	684	  193.971848	  163.371933	  346.351471  
	685	  74.876038	  86.897804	  89.914360  
	696	  266.068359	  153.584167	  231.620819  
	697	  162.363586	  149.312119	  214.156708  
	699	  142.417435	  151.883621	  428.880371  
	706	  207.104660	  66.931404	  89.478050  
	709	  119.045258	  277.752136	  147.674316  
	710	  101.197502	  75.516579	  442.693146  
	712	  130.956131	  153.305771	  380.705902  
	720	  90.682228	  220.024246	  253.596390  
	722	  225.778107	  62.478397	  414.802612  
	724	  65.513687	  159.074066	  453.499878  
	728	  45.671432	  180.935272	  258.797272  
	730	  146.845154	  246.257828	  228.074738  
	735	  121.963280	  259.515259	  328.880035  
	739	  147.393829	  131.669205	  429.451965  
	742	  57.941380	  205.454407	  219.759399  
	746	  37.614563	  172.488831	  376.457855  
	747	  109.244003	  69.476563	  113.931381  
	748	  204.609192	  215.311798	  413.813599  
	749	  170.641907	  172.046616	  122.989471  
	755	  33.080719	  202.462646	  251.478928  
	756	  255.048157	  140.933533	  227.679810  
	757	  163.636993	  263.480560	  295.232178  
	762	  107.767921	  126.756409	  -0.247240  
	768	  255.982849	  176.240524	  380.835846  
	774	  128.201324	  247.306961	  349.495422  
	778	  113.616074	  84.494080	  191.944443  
	781	  153.544205	  88.269463	  35.634453  
	790	  173.945206	  149.910538	  224.608276  
	791	  176.104309	  277.848328	  86.257950  
	792	  128.503769	  157.046158	  434.705780  
	804	  130.599823	  140.563812	  383.104950  
	812	  226.161591	  49.078133	  411.124695  
	814	  80.594917	  161.925613	  450.910187  
	819	  132.784607	  253.332901	  213.973495  
	822	  185.676453	  182.431046	  350.244263  
	824	  114.217583	  257.452606	  315.949524  
	826	  113.916672	  84.524979	  204.399872  
	828	  141.209534	  128.483521	  416.067047  
	830	  59.241779	  200.581375	  236.833084  
	831	  162.340164	  214.038834	  119.620171  
	834	  53.353928	  171.469635	  378.549377  
	836	  209.470642	  215.764984	  423.411316  
	842	  279.871857	  202.789566	  256.839050  
	844	  172.469391	  250.542877	  292.009216  
	851	  165.985886	  137.081436	  321.399475  
	854	  268.140656	  181.794876	  388.588562  
	855	  274.941925	  85.747253	  -0.003015  
	856	  194.359039	  245.386292	  286.732147  
	859	  121.298698	  238.550064	  345.785065  
	865	  144.933182	  99.000420	  11.772305  
	880	  257.063019	  65.467766	  291.968018  
	888	  91.511147	  243.265656	  244.880859  
	890	  261.803101	  191.849670	  231.314926  
	891	  184.314941	  151.341019	  236.469009  
	892	  170.824371	  268.213135	  85.859779  
	904	  274.075500	  83.976181	  152.501434  
	909	  97.042068	  260.094055	  404.236938  
	911	  91.064308	  162.621902	  448.310822  
	915	  130.162979	  254.679749	  202.640640  
	919	  107.183357	  253.361801	  303.344574  
	923	  135.353500	  127.443474	  401.617950  
	925	  149.848251	  228.413193	  129.616241  
	928	  73.491737	  171.646545	  379.303192  
	930	  216.312271	  212.970428	  434.447998  
	936	  264.828064	  202.536728	  260.957703  
	938	  183.699692	  237.878525	  287.242462  
	945	  162.918427	  130.409073	  313.316284  
	946	  21.559021	  188.863129	  395.120483  
	948	  206.269775	  254.411392	  284.404022  
	952	  180.812912	  119.553490	  136.583344  
	953	  202.076187	  91.873634	  186.357330  
	955	  242.749207	  57.379612	  79.822258  
	964	  105.927788	  27.599573	  176.675583  
	966	  243.260941	  65.585747	  287.280426  
	967	  83.780495	  233.274445	  18.174475  
	973	  76.797997	  241.876038	  242.776703  
	974	  158.207520	  48.507088	  132.101013  
	977	  92.601921	  135.946945	  47.547817  
	978	  26.425219	  120.994324	  218.201492  
	989	  161.294983	  201.851913	  4.170486  
	990	  220.787537	  177.760696	  281.314697  
	991	  261.061462	  204.555222	  225.989319  
	992	  193.177429	  153.268341	  249.360107  
	993	  165.499695	  251.750519	  86.391777  
	1000	  162.330307	  20.255478	  242.951340  
	1002	  160.814606	  218.697495	  24.588690  
	1003	  112.085518	  110.686562	  366.639923  
	1004	  277.392426	  93.374969	  165.378204  
	1008	  97.534927	  247.037628	  394.996002  
	1010	  105.174255	  161.869232	  443.839294  
	1011	  119.430672	  30.476259	  351.464783  
	1016	  100.629951	  247.151855	  290.376160  
	1019	  129.792282	  129.247040	  387.542175  
	1024	  85.401711	  173.042709	  379.945374  
	1025	  221.512924	  248.814240	  106.907799  
	1026	  223.947052	  206.428177	  445.268066  
	1029	  195.493149	  113.833832	  245.531830  
	1030	  248.952820	  201.324463	  263.420959  
	1038	  156.566467	  121.821709	  302.284180  
	1039	  35.182724	  195.692276	  401.515808  
	1041	  88.080078	  40.323135	  281.912750  
	1043	  105.782867	  219.137726	  353.881195  
	1045	  211.665924	  82.392075	  184.391357  
	1047	  237.618103	  55.850708	  95.810852  
	1056	  228.712540	  64.202278	  283.910461  
	1063	  62.663837	  242.013458	  242.094742  
	1068	  131.738983	  168.551971	  125.056648  
	1075	  137.757874	  289.196747	  140.510513  
	1077	  215.190903	  168.996521	  279.460052  
	1078	  261.950500	  175.267242	  240.457947  
	1081	  114.283218	  239.298569	  296.082886  
	1091	  171.277222	  50.688324	  116.346718  
	1101	  259.216888	  219.128479	  221.515976  
	1102	  200.765320	  155.036270	  263.373077  
	1108	  95.063370	  138.659348	  321.820221  
	1111	  102.222885	  103.445816	  358.294067  
	1112	  21.510988	  99.793449	  176.497360  
	1115	  144.323792	  128.022629	  186.758469  
	1116	  98.260666	  235.867935	  384.197571  
	1119	  226.232880	  163.259750	  110.744308  
	1122	  94.801147	  239.054565	  277.507416  
	1128	  100.510620	  176.398392	  381.241455  
	1130	  231.258270	  196.788101	  454.599091  
	1133	  194.136902	  124.595482	  255.228607  
	1134	  233.222626	  199.397659	  264.001434  
	1139	  148.070969	  112.766296	  291.556458  
	1140	  49.161545	  202.255692	  406.066833  
	1142	  100.250122	  50.532703	  281.338196  
	1145	  210.484940	  122.759727	  144.224533  
	1159	  158.903290	  66.022026	  76.399490  
	1162	  48.873039	  113.591827	  227.365829  
	1163	  124.457954	  166.541061	  110.967163  
	1168	  230.107254	  128.747620	  167.296158  
	1170	  208.391739	  157.973221	  275.566864  
	1173	  116.480942	  237.786743	  311.776215  
	1174	  163.241821	  225.631592	  235.769958  
	1175	  130.629547	  65.967186	  0.354282  
	1181	  141.537308	  217.893661	  4.151106  
	1184	  129.493195	  57.028435	  163.680069  
	1200	  194.259247	  185.244034	  200.704025  
	1202	  243.312988	  125.883797	  145.721802  
	1206	  206.800735	  176.108643	  150.103806  
	1208	  255.704819	  234.753326	  217.776535  
	1209	  163.633163	  230.652954	  89.538483  
	1214	  98.496361	  125.878975	  321.243835  
	1215	  90.926651	  97.710785	  351.203094  
	1219	  99.919273	  227.252060	  372.819733  
	1224	  89.728935	  229.529495	  265.459045  
	1228	  115.139755	  181.131592	  382.384399  
	1230	  237.308350	  185.811737	  461.267731  
	1233	  189.541763	  135.338531	  266.276154  
	1234	  218.349197	  197.073196	  262.704590  
	1239	  140.009430	  102.837868	  282.387573  
	1240	  63.504509	  207.581650	  408.940643  
	1242	  112.319695	  59.687332	  283.489258  
	1246	  237.842804	  60.431965	  164.794601  
	1254	  190.736038	  62.115192	  285.384216  
	1257	  159.125870	  63.974724	  64.066498  
	1260	  64.786163	  111.727692	  232.086624  
	1261	  117.572052	  162.444351	  94.996132  
	1264	  230.223129	  139.397827	  175.909317  
	1266	  209.174850	  138.477325	  290.593842  
	1269	  117.603386	  236.344772	  327.274017  
	1270	  166.077972	  223.082367	  222.936600  
	1279	  120.837578	  61.657684	  168.867767  
	1280	  228.671738	  171.455536	  233.132553  
	1281	  135.735657	  90.330009	  154.425797  
	1283	  127.546509	  241.869492	  90.525421  
	1287	  171.113617	  160.281113	  347.614807  
	1291	  182.809448	  184.200989	  204.889786  
	1295	  156.776535	  50.054260	  183.418823  
	1300	  30.756172	  89.789902	  0.036679  
	1304	  202.658249	  58.692577	  279.963928  
	1305	  122.990479	  25.636776	  215.487747  
	1306	  165.477280	  210.449783	  95.320099  
	1307	  224.809448	  189.490128	  90.977852  
	1311	  104.658051	  111.672997	  322.153992  
	1312	  78.603432	  93.863159	  345.065582  
	1314	  102.143707	  222.502380	  363.818359  
	1316	  112.208427	  272.060150	  139.208450  
	1319	  83.303452	  220.024567	  253.751923  
	1321	  127.663452	  183.925629	  382.398865  
	1323	  242.348785	  173.806992	  465.577271  
	1325	  183.744675	  144.670090	  278.569702  
	1326	  203.654877	  194.110046	  259.533051  
	1328	  157.354385	  76.425430	  60.423378  
	1331	  132.119263	  91.910500	  274.558319  
	1332	  78.149078	  211.008408	  410.550781  
	1334	  123.095528	  66.423141	  289.517120  
	1336	  94.326805	  164.285400	  328.221436  
	1343	  210.326340	  237.356186	  112.781425  
	1345	  178.735733	  63.531418	  289.326813  
	1347	  156.412613	  62.827908	  41.414085  
	1348	  114.086044	  203.568558	  -0.337138  
	1350	  79.187744	  111.692558	  235.299545  
	1351	  111.337143	  157.142288	  79.588188  
	1353	  227.326065	  147.557556	  180.963135  
	1355	  211.559357	  122.501366	  301.625397  
	1359	  169.805634	  222.387192	  207.227829  
	1366	  144.612671	  94.044159	  147.089935  
	1368	  121.330673	  240.158661	  76.890762  
	1375	  253.778732	  135.875961	  141.918472  
	1376	  158.905075	  68.042168	  195.215775  
	1379	  207.483307	  174.803680	  252.993622  
	1384	  194.036423	  46.464149	  270.524933  
	1386	  94.702454	  66.693359	  156.207550  
	1388	  126.143143	  218.551941	  130.589340  
	1389	  149.629181	  48.573208	  162.929947  
	1394	  182.614807	  224.453568	  68.983047  
	1400	  195.531418	  131.897156	  140.605087  
	1402	  125.219398	  210.902115	  -0.224351  
	1404	  118.695824	  40.444942	  214.264572  
	1405	  167.979553	  197.413651	  101.203819  
	1409	  113.009285	  98.215004	  324.225708  
	1410	  66.630074	  92.063126	  340.213684  
	1413	  107.239449	  274.661407	  127.273804  
	1414	  239.655457	  246.110153	  355.828278  
	1416	  76.961716	  209.483002	  242.591095  
	1417	  157.945236	  192.370255	  -0.104189  
	1419	  246.645584	  160.325394	  467.757782  
	1421	  176.898148	  152.562042	  291.331879  
	1422	  189.626343	  190.299591	  254.664597  
	1426	  123.498947	  79.877899	  267.946930  
	1427	  91.433197	  212.029465	  411.210815  
	1430	  93.864258	  149.425491	  323.699707  
	1435	  214.884720	  245.342178	  117.100380  
	1436	  165.898636	  62.966316	  291.475769  
	1445	  174.470764	  223.596771	  191.615402  
	1450	  38.667942	  71.012543	  272.423859  
	1452	  155.441711	  100.105179	  140.864136  
	1454	  114.040367	  238.947281	  64.297707  
	1462	  195.217560	  176.186554	  255.516251  
	1463	  177.599396	  97.452316	  63.530735  
	1465	  186.356857	  35.764183	  264.361481  
	1467	  91.820641	  77.703278	  166.488556  
	1469	  154.260681	  48.225674	  172.249298  
	1473	  189.823059	  227.084534	  81.485207  
	1477	  197.826218	  147.964783	  144.948975  
	1481	  190.421768	  228.358841	  154.386734  
	1489	  91.297890	  90.376793	  4.109082  
	1495	  228.355515	  117.077507	  150.616165  
	1496	  132.303711	  244.944122	  106.010315  
	1500	  112.815239	  52.905537	  213.743423  
	1501	  169.779083	  187.186584	  108.116348  
	1504	  89.393845	  164.706558	  25.920818  
	1505	  122.879211	  86.355675	  327.332336  
	1510	  70.551697	  197.867538	  232.769623  
	1512	  249.967896	  145.708328	  467.658691  
	1514	  170.053833	  161.715073	  303.289307  
	1515	  176.951279	  185.527832	  248.647720  
	1519	  114.151344	  68.825462	  260.249817  
	1520	  104.377098	  210.863663	  411.349854  
	1521	  130.560150	  67.983955	  300.366119  
	1525	  153.746689	  60.479778	  291.296265  
	1534	  43.397041	  69.154251	  283.085815  
	1536	  167.127716	  108.323570	  137.120209  
	1537	  179.275223	  53.222160	  109.663635  
	1541	  156.428665	  172.360291	  235.015228  
	1543	  182.391846	  178.971634	  256.826965  
	1544	  176.153687	  22.008495	  258.669434  
	1553	  201.688705	  161.060974	  148.609146  
	1560	  102.052116	  83.322197	  -0.205802  
	1565	  74.297104	  92.334457	  11.630314  
	1571	  98.641502	  36.679035	  106.324699  
	1579	  169.934326	  180.388107	  214.802750  
	1585	  205.091995	  226.521820	  129.472687  
	1587	  133.954865	  76.274597	  331.681610  
	1591	  65.646492	  185.458542	  222.837402  
	1593	  252.081848	  130.445755	  465.247986  
	1595	  163.082458	  170.000519	  315.707123  
	1596	  168.617142	  181.144928	  243.718170  
	1599	  105.201996	  59.067917	  251.416168  
	1600	  118.388977	  207.141083	  411.194183  
	1605	  143.206146	  56.553768	  288.989075  
	1610	  193.438751	  62.333828	  166.857178  
	1612	  50.000477	  63.487236	  295.415619  
	1613	  63.983521	  245.455460	  1.824798  
	1617	  139.932602	  158.849747	  242.108307  
	1618	  168.934128	  183.046249	  256.493622  
	1619	  38.656647	  234.361404	  254.698349  
	1628	  110.797646	  77.259491	  -0.468010  
	1633	  116.486694	  160.891556	  191.531006  
	1649	  115.714050	  120.499954	  -0.364713  
	1652	  247.781372	  62.309669	  63.157486  
	1657	  213.153778	  157.182037	  188.446014  
	1659	  216.276566	  73.968681	  142.254486  
	1664	  131.372467	  258.349426	  124.021721  
	1673	  83.854057	  185.626144	  10.426040  
	1674	  145.985718	  68.571907	  337.114746  
	1677	  62.503765	  172.938507	  213.230560  
	1678	  252.891281	  116.002373	  460.882477  
	1679	  157.157761	  179.512726	  327.818237  
	1681	  96.909279	  50.158161	  241.105850  
	1682	  132.046143	  200.989273	  410.977173  
	1687	  133.401932	  50.999851	  284.493317  
	1693	  55.220478	  55.394321	  307.507965  
	1697	  128.043869	  150.165237	  248.961487  
	1698	  154.870926	  187.765198	  254.029312  
	1699	  32.091175	  220.277878	  251.187210  
	1701	  201.148834	  226.701889	  139.065262  
	1705	  121.494820	  68.851082	  -0.242788  
	1709	  95.078278	  77.562416	  -0.060624  
	1717	  160.559738	  284.765564	  228.854202  
	1721	  175.952240	  174.026962	  131.568161  
	1723	  125.552452	  113.998077	  -0.496299  
	1738	  138.556656	  112.024117	  74.640060  
	1748	  225.257950	  64.550377	  183.244080  
	1757	  82.695503	  195.163452	  6.858471  
	1758	  157.855087	  64.178757	  343.106995  
	1761	  60.940117	  160.600082	  203.206558  
	1762	  252.754135	  102.168556	  454.634430  
	1763	  150.466156	  188.937607	  339.788239  
	1765	  89.675529	  42.977287	  230.148087  
	1766	  145.009079	  192.637878	  410.878143  
	1769	  124.243530	  43.489857	  277.525604  
	1775	  186.025818	  274.382172	  319.171875  
	1777	  115.874023	  142.833862	  257.115143  
	1778	  140.654266	  191.422806	  249.584717  
	1779	  26.756990	  205.103394	  248.361557  
	1785	  133.114151	  59.182587	  -0.143465  
	1792	  161.136978	  291.213562	  242.912552  
	1803	  125.424606	  112.435394	  82.603745  
	1810	  227.655991	  50.848145	  193.068359  
	1812	  121.833527	  86.208656	  169.826065  
	1821	  58.861893	  194.394516	  177.712189  
	1831	  82.428329	  208.133286	  6.447641  
	1832	  169.057373	  63.210640	  349.385529  
	1835	  59.752220	  149.023026	  191.780533  
	1836	  252.129623	  88.518448	  446.256195  
	1837	  143.559219	  198.195068	  351.451141  
	1838	  157.026688	  182.424316	  410.714478  
	1840	  116.551994	  34.310677	  268.539368  
	1844	  126.331131	  166.042038	  140.219162  
	1847	  104.041374	  136.827698	  266.508820  
	1848	  126.551590	  192.236618	  244.606064  
	1852	  145.679260	  49.403549	  -0.013775  
	1857	  32.919392	  69.230408	  253.346985  
	1861	  205.493484	  34.196644	  163.938324  
	1868	  100.232101	  189.431534	  -0.261514  
	1869	  192.316803	  184.237427	  104.547516  
	1870	  101.376289	  265.384613	  202.318619  
	1883	  185.161224	  81.436478	  176.737961  
	1893	  82.971283	  220.672302	  10.136314  
	1894	  177.990143	  65.279778	  354.993744  
	1897	  251.657135	  75.699066	  436.215271  
	1898	  137.904953	  206.851410	  364.053223  
	1899	  167.947800	  171.357147	  409.207245  
	1900	  110.702385	  23.756142	  258.281982  
	1906	  92.616875	  132.137253	  277.011230  
	1907	  114.836090	  189.647522	  241.177002  
	1908	  273.463318	  175.945160	  241.138565  
	1910	  157.360367	  41.213989	  -0.175150  
	1917	  74.415344	  250.039902	  170.168106  
	1923	  106.821098	  257.407654	  211.202682  
	1928	  180.599472	  27.598490	  -0.100880  
	1936	  125.044022	  268.709412	  159.242477  
	1938	  163.903061	  241.499557	  87.486443  
	1939	  231.489105	  55.175442	  105.989342  
	1944	  183.090820	  193.652710	  106.292519  
	1947	  133.714050	  216.595596	  376.266876  
	1948	  177.981339	  159.706070	  406.057251  
	1949	  236.536652	  237.048126	  247.594498  
	1953	  80.857124	  129.082138	  287.542633  
	1969	  130.960205	  274.526337	  152.236618  
	1975	  150.990692	  182.295746	  -0.408810  
	1980	  174.423294	  201.708649	  110.678337  
	1983	  121.692795	  267.937042	  407.491760  
	1984	  130.527176	  227.618408	  387.114777  
	1985	  186.832397	  147.577484	  401.378174  
	1986	  232.878601	  225.538086	  236.403732  
	1989	  68.315323	  127.503868	  298.062988  
	1991	  122.506195	  160.376465	  159.896835  
	1994	  66.100967	  225.803070	  186.347900  
	1995	  96.499870	  178.717148	  238.166702  
	2013	  221.464584	  77.367966	  383.659119  
	2014	  115.930618	  271.097656	  395.028748  
	2015	  127.847275	  239.641495	  395.893463  
	2016	  194.385010	  134.685471	  395.297760  
	2017	  228.794174	  215.148773	  224.248413  
	2020	  56.599030	  125.628761	  308.988464  
	2031	  93.890686	  144.907166	  0.316884  
	2035	  204.722000	  44.040844	  157.589508  
	2038	  110.177910	  272.643433	  380.557953  
	2039	  125.250748	  252.053146	  402.242157  
	2040	  200.130188	  121.091034	  388.567322  
	2041	  223.927780	  203.893234	  213.174316  
	2043	  45.723549	  122.243034	  319.786194  
	2046	  84.940186	  164.053223	  239.031601  
	2051	  91.734955	  155.260483	  -0.043126  
	2053	  244.949753	  76.875267	  398.531677  
	2054	  235.369278	  50.576653	  367.273102  
	2056	  203.860657	  107.216476	  382.630524  
	2057	  35.684906	  117.461899	  330.666077  
	2059	  80.879021	  152.607773	  241.215485  
	2063	  91.922844	  167.594543	  -0.130758  
	2065	  231.336365	  55.175861	  355.417999  
	2067	  205.889053	  92.777481	  377.783569  
	2068	  80.103050	  140.052048	  244.392654  
	2069	  207.510284	  54.011536	  140.607010  
	2070	  95.282906	  180.566223	  -0.201354  
	2071	  122.396004	  158.502441	  16.250847  
	2072	  227.611908	  61.934574	  344.146179  
	2073	  206.181732	  82.924324	  375.377258  
	2076	  224.125961	  71.117233	  333.508667  
	2079	  220.812347	  82.768829	  323.740051  
	2080	  217.642029	  96.130829	  315.430908  
	2082	  214.358765	  109.342606	  309.241577  
	2084	  198.994354	  71.188416	  119.074768  
	2085	  198.075729	  84.937370	  116.032349  
	2086	  199.926254	  100.003662	  113.464882  
	2088	  203.074814	  115.325951	  110.804131  
	2089	  105.546227	  251.729813	  116.859070  
	2090	  205.194443	  130.921326	  108.505348  
	2091	  121.808800	  249.629883	  115.967201  
	2092	  206.737732	  147.058990	  106.706635  
	2093	  133.627014	  247.164276	  116.195938  
	2094	  210.939148	  162.052063	  106.579910  
	2104	  207.696014	  48.809162	  122.776550  
	2105	  217.323639	  46.330853	  111.507332  
	2106	  225.513153	  45.487537	  97.146751  
	2107	  102.060204	  272.101654	  82.875885  
   2  total number of boundary nodes
node bctyp press/flow   HD    PO2
	1	  0	  100.000000	  0.400000	  100.000000
	14	  0	  20.000000	  0.400000	  18.000000

