315559 200 25.000025 Current network file generated by angioadapt
  300.000000  300.000000  500.000000	box dimensions in microns
  15    15    25 	number of tissue points in x,y,z directions
  0.000000			outer bound distance (100. in test case)
  75.000000				max. segment length.  (5. in test case)
   40				nodsegm, max. number of segments per node
  1001				total number of segments 
  name type from  to  diam       flow
	1	  4	  1	  2	  7.000000	  47.419243	  0.400000  
	2	  3	  2	  3	  9.206120	  47.419243	  0.400000  
	3	  5	  3	  39	  9.399652	  43.842953	  0.430813  
	4	  5	  4	  5	  9.676492	  35.187241	  0.475575  
	12	  5	  3	  13	  3.272292	  3.576292	  0.022251  
	13	  5	  13	  310	  3.891398	  3.576292	  0.022251  
	14	  4	  14	  15	  16.000000	  -47.419243	  0.400000  
	15	  3	  15	  16	  11.549113	  -47.419243	  0.400000  
	16	  5	  16	  17	  11.325566	  -39.186565	  0.435118  
	17	  5	  17	  263	  11.402413	  -39.186565	  0.435118  
	20	  5	  20	  82	  7.018836	  -2.629724	  0.488828  
	27	  5	  28	  258	  10.216287	  -15.682989	  0.567641  
	32	  5	  131	  161	  3.727514	  0.143492	  0.563881  
	39	  5	  40	  316	  9.302586	  5.528036	  0.677885  
	40	  5	  1592	  2644	  6.492216	  0.529923	  0.677087  
	46	  5	  28	  584	  5.597147	  -2.398424	  0.358119  
	47	  5	  258	  48	  5.741439	  -1.444673	  0.560365  
	52	  5	  40	  915	  5.093128	  0.869215	  0.369799  
	54	  5	  82	  55	  4.418633	  -0.362601	  0.508424  
	55	  5	  930	  2471	  4.177276	  -0.102564	  0.520412  
	57	  5	  32	  328	  9.217093	  20.950291	  0.500616  
	61	  5	  32	  687	  8.298037	  14.236950	  0.438727  
	64	  5	  48	  65	  5.144742	  -0.863158	  0.702312  
	65	  5	  49	  206	  4.750718	  -0.788387	  0.315343  
	68	  5	  39	  69	  6.014638	  8.655711	  0.248846  
	71	  5	  55	  72	  4.415625	  -0.362601	  0.508424  
	79	  5	  7	  40	  9.012455	  6.397250	  0.636024  
	80	  5	  263	  800	  10.857210	  -28.611256	  0.483200  
	81	  5	  81	  4	  9.493238	  35.187241	  0.475575  
	82	  5	  82	  930	  5.200334	  -0.696344	  0.424194  
	84	  5	  687	  84	  5.489778	  4.126087	  0.294984  
	85	  5	  63	  1449	  4.738576	  0.321575	  0.363003  
	87	  5	  65	  487	  5.128189	  -0.863158	  0.702312  
	91	  5	  69	  91	  6.289989	  8.655711	  0.248846  
	94	  5	  72	  94	  4.404412	  -0.362601	  0.508424  
	97	  5	  1596	  2624	  4.157488	  -0.102564	  0.520412  
	99	  5	  28	  99	  4.793467	  -1.633222	  0.455465  
	103	  5	  81	  39	  9.387393	  -35.187241	  0.475575  
	104	  5	  82	  104	  6.301489	  -1.299985	  0.559465  
	108	  5	  84	  108	  5.679069	  4.126087	  0.294984  
	112	  5	  206	  549	  3.887080	  -0.650448	  0.274353  
	115	  5	  91	  115	  6.444407	  8.655711	  0.248846  
	118	  5	  94	  148	  4.342353	  -0.362601	  0.508424  
	123	  5	  99	  123	  4.599052	  -1.633222	  0.455465  
	126	  5	  7	  212	  8.722959	  -6.397250	  0.636024  
	129	  5	  104	  931	  6.412784	  -1.299985	  0.559465  
	131	  5	  476	  158	  6.062699	  4.296273	  0.432820  
	136	  5	  930	  478	  5.141140	  0.571260	  0.344241  
	140	  5	  108	  138	  5.821366	  4.126087	  0.294984  
	144	  5	  549	  142	  5.699284	  0.939602	  0.467704  
	147	  5	  115	  145	  6.568712	  8.655711	  0.248846  
	151	  5	  119	  1712	  4.350261	  -0.242007	  0.356713  
	155	  5	  123	  153	  4.437503	  -1.633222	  0.455465  
	156	  5	  915	  154	  7.263941	  3.328836	  0.456363  
	157	  5	  263	  155	  6.906722	  -7.435414	  0.258013  
	158	  5	  931	  1735	  5.499080	  -0.561076	  0.552842  
	164	  5	  230	  143	  4.695915	  -0.115052	  0.830379  
	175	  5	  258	  586	  7.693869	  -5.421111	  0.522660  
	180	  5	  142	  221	  5.877452	  0.939602	  0.467704  
	183	  5	  145	  180	  6.672184	  8.655711	  0.248846  
	186	  5	  148	  183	  4.200233	  -0.362601	  0.508424  
	187	  5	  1712	  184	  4.406538	  -0.242007	  0.356713  
	190	  5	  153	  187	  4.255876	  -1.633222	  0.455465  
	192	  5	  155	  189	  6.931957	  -7.435414	  0.258013  
	193	  5	  1735	  190	  4.940564	  -0.317176	  0.712293  
	195	  5	  158	  192	  5.857575	  3.546464	  0.500254  
	197	  5	  161	  1718	  3.747293	  -0.178082	  0.201143  
	201	  5	  258	  272	  7.770951	  -2.791661	  0.577213  
	203	  5	  32	  5	  9.847926	  -35.187241	  0.475575  
	204	  5	  398	  395	  3.277538	  0.051442	  0.242786  
	205	  5	  28	  201	  6.506790	  -4.321661	  0.293343  
	213	  5	  158	  208	  3.658723	  0.749809	  0.113870  
	216	  5	  119	  210	  4.384080	  -0.187447	  0.672578  
	220	  5	  310	  16	  7.252735	  8.232677	  0.232842  
	222	  5	  213	  1327	  4.322117	  0.247952	  0.131123  
	224	  5	  2153	  1066	  5.754318	  1.833563	  0.575020  
	230	  5	  180	  1093	  6.819480	  8.655711	  0.248846  
	231	  5	  915	  1753	  3.777357	  0.382770	  0.194827  
	233	  5	  183	  915	  5.274037	  -0.871880	  0.563285  
	234	  5	  184	  228	  4.428905	  -0.242007	  0.356713  
	236	  5	  151	  230	  4.383896	  0.187009	  0.512012  
	237	  5	  187	  287	  5.368180	  -2.888849	  0.389071  
	239	  5	  189	  1228	  6.947359	  -7.435414	  0.258013  
	240	  5	  190	  804	  5.009657	  -0.317176	  0.712293  
	242	  5	  192	  915	  6.140322	  3.546464	  0.500254  
	244	  5	  1718	  238	  3.694413	  -0.178082	  0.201143  
	248	  5	  272	  242	  4.728320	  -0.868419	  0.350417  
	251	  5	  201	  245	  6.563773	  -4.321661	  0.293343  
	256	  5	  206	  1586	  3.961394	  -0.137939	  0.508630  
	257	  5	  915	  578	  3.782217	  0.303598	  0.284614  
	258	  5	  208	  306	  4.009042	  0.749809	  0.113870  
	260	  5	  210	  1714	  5.087607	  -0.290449	  0.608557  
	262	  5	  212	  254	  6.413021	  3.219847	  0.666719  
	265	  5	  28	  256	  5.419650	  -2.213091	  0.232748  
	269	  5	  212	  260	  3.596652	  0.570385	  0.263694  
	271	  5	  213	  316	  7.967598	  -2.738633	  0.579798  
	275	  5	  151	  1588	  4.389955	  -0.187009	  0.512012  
	280	  5	  1735	  334	  4.536699	  -0.243899	  0.345485  
	284	  5	  328	  476	  9.262428	  16.653749	  0.542788  
	285	  5	  173	  275	  5.309578	  1.990727	  0.228919  
	288	  5	  176	  278	  4.514969	  0.272492	  0.363908  
	296	  5	  228	  1894	  4.451521	  -0.242007	  0.356713  
	298	  5	  2568	  1846	  5.777797	  -0.523433	  0.464027  
	301	  5	  408	  671	  6.147361	  -4.326946	  0.236415  
	302	  5	  804	  582	  4.008670	  -0.121753	  0.637317  
	306	  5	  238	  293	  3.615052	  -0.178082	  0.201143  
	308	  5	  240	  483	  3.289809	  -0.161380	  0.138488  
	310	  5	  242	  297	  4.727141	  -0.868419	  0.350417  
	313	  5	  245	  300	  6.610846	  -4.321661	  0.293343  
	317	  5	  1586	  1167	  3.887308	  -0.137939	  0.508630  
	320	  5	  1714	  1054	  5.108143	  -0.290449	  0.608557  
	322	  5	  254	  309	  6.718349	  3.219847	  0.666719  
	324	  5	  256	  311	  5.449784	  -2.213091	  0.232748  
	326	  5	  258	  313	  8.336281	  -4.676738	  0.586435  
	328	  5	  260	  315	  3.909145	  0.570385	  0.263694  
	334	  5	  213	  320	  7.307605	  1.345165	  0.620127  
	337	  5	  154	  323	  4.621708	  1.135899	  0.304553  
	338	  5	  334	  324	  4.291283	  -0.192457	  0.372936  
	340	  5	  272	  326	  8.010871	  -1.923242	  0.679621  
	341	  5	  131	  327	  4.712457	  0.269327	  0.690154  
	351	  5	  275	  337	  5.205748	  1.486725	  0.276589  
	352	  5	  1066	  780	  6.473806	  2.133901	  0.558333  
	354	  5	  278	  1045	  4.535491	  0.272492	  0.363908  
	357	  5	  1093	  343	  5.884580	  4.583355	  0.235567  
	358	  5	  221	  344	  5.286797	  0.602948	  0.521139  
	363	  5	  287	  349	  3.993297	  1.407691	  0.230610  
	368	  5	  915	  354	  5.093279	  -0.471406	  0.160560  
	369	  5	  293	  355	  3.481542	  -0.178082	  0.201143  
	371	  5	  483	  356	  6.025126	  1.135650	  0.621114  
	373	  5	  297	  358	  4.711429	  -0.868419	  0.350417  
	376	  5	  300	  945	  6.650142	  -4.321661	  0.293343  
	378	  5	  247	  363	  4.302212	  -0.535279	  0.540794  
	380	  5	  1167	  1282	  3.659516	  -0.137939	  0.508630  
	382	  5	  306	  690	  4.156244	  0.749809	  0.113870  
	383	  5	  1054	  368	  4.555556	  -0.219704	  0.622252  
	385	  5	  309	  363	  5.836856	  1.743829	  0.669516  
	386	  5	  310	  371	  7.405245	  -4.656386	  0.394584  
	387	  5	  311	  372	  5.480966	  -2.213091	  0.232748  
	389	  5	  313	  489	  8.452024	  -4.676738	  0.586435  
	390	  5	  687	  375	  6.380421	  3.530393	  0.398310  
	391	  5	  315	  376	  4.020463	  0.570385	  0.263694  
	393	  5	  263	  378	  6.668945	  -3.139895	  0.416382  
	396	  5	  320	  381	  7.225593	  0.966572	  0.661307  
	399	  5	  323	  384	  4.672133	  1.135899	  0.304553  
	400	  5	  324	  385	  4.346119	  -0.192457	  0.372936  
	401	  5	  325	  386	  4.159320	  -0.166429	  0.165487  
	402	  5	  326	  387	  8.146358	  -1.923242	  0.679621  
	403	  5	  327	  1437	  4.884198	  0.269327	  0.690154  
	404	  5	  328	  389	  5.470512	  4.296541	  0.337154  
	410	  5	  334	  395	  3.299325	  -0.051442	  0.242786  
	411	  5	  82	  396	  4.254271	  -0.270795	  0.289695  
	419	  5	  478	  325	  5.734247	  -0.680197	  0.485567  
	425	  5	  309	  409	  5.226625	  1.476018	  0.663416  
	426	  5	  476	  212	  9.131353	  10.187482	  0.624879  
	427	  5	  337	  495	  5.384140	  1.486725	  0.276589  
	430	  5	  1045	  537	  5.478561	  -1.980082	  0.332518  
	433	  5	  343	  417	  5.976757	  4.583355	  0.235567  
	434	  5	  344	  418	  5.411994	  0.602948	  0.521139  
	439	  5	  349	  423	  4.225996	  1.407691	  0.230610  
	444	  5	  354	  428	  5.074199	  -0.471406	  0.160560  
	445	  5	  355	  1460	  3.265193	  -0.178082	  0.201143  
	446	  5	  356	  430	  4.265917	  0.272492	  0.363908  
	448	  5	  358	  432	  4.688719	  -0.868419	  0.350417  
	458	  5	  368	  439	  4.526616	  -0.219704	  0.622252  
	461	  5	  371	  442	  7.471244	  -4.656386	  0.394584  
	462	  5	  372	  815	  5.501976	  -2.213091	  0.232748  
	464	  5	  489	  444	  5.207807	  -1.237619	  0.493078  
	466	  5	  376	  446	  4.095936	  0.570385	  0.263694  
	467	  5	  316	  447	  3.889572	  0.294100	  0.406154  
	468	  5	  378	  448	  6.728426	  -3.139895	  0.416382  
	471	  5	  381	  451	  6.893314	  0.685595	  0.706007  
	474	  5	  384	  453	  4.701415	  1.135899	  0.304553  
	475	  5	  385	  1333	  4.680618	  -0.188523	  0.477307  
	476	  5	  386	  455	  4.197494	  -0.166429	  0.165487  
	477	  5	  387	  456	  8.283482	  -1.923242	  0.679621  
	479	  5	  389	  287	  5.663727	  4.296541	  0.337154  
	480	  5	  584	  458	  5.596373	  -2.398424	  0.358119  
	486	  5	  396	  463	  4.298516	  -0.270795	  0.289695  
	488	  5	  398	  1094	  4.945045	  -0.271632	  0.708599  
	492	  5	  402	  468	  6.523170	  0.676322	  0.714539  
	494	  5	  1592	  1059	  3.225269	  0.076644	  0.504159  
	499	  5	  409	  475	  5.423670	  1.476018	  0.663416  
	504	  5	  1592	  381	  5.092736	  -0.280977	  0.552238  
	505	  5	  187	  480	  4.617665	  1.255628	  0.302711  
	512	  5	  356	  487	  5.101766	  0.863158	  0.702312  
	521	  5	  780	  496	  3.499717	  0.245109	  0.008186  
	526	  5	  417	  1481	  6.061693	  4.583355	  0.235567  
	527	  5	  418	  502	  5.466573	  0.602948	  0.521139  
	531	  5	  422	  1850	  3.595445	  -0.080403	  0.481243  
	532	  5	  423	  814	  4.408386	  1.407691	  0.230610  
	534	  5	  671	  509	  3.727000	  -0.279376	  0.098232  
	535	  5	  582	  1060	  3.888639	  -0.121753	  0.637317  
	537	  5	  428	  512	  5.049356	  -0.471406	  0.160560  
	539	  5	  430	  514	  4.369401	  0.272492	  0.363908  
	541	  5	  432	  516	  4.654027	  -0.868419	  0.350417  
	546	  5	  1282	  521	  3.863539	  0.129482	  0.760229  
	548	  5	  439	  523	  4.475762	  -0.219704	  0.622252  
	550	  5	  363	  525	  5.454562	  1.208549	  0.726528  
	551	  5	  442	  526	  7.528661	  -4.656386	  0.394584  
	554	  5	  375	  529	  6.555003	  2.674253	  0.451472  
	555	  5	  446	  530	  4.991930	  1.426524	  0.244824  
	556	  5	  447	  531	  4.166864	  0.294100	  0.406154  
	557	  5	  448	  532	  6.763191	  -3.139895	  0.416382  
	560	  5	  451	  1968	  7.103189	  0.685595	  0.706007  
	561	  5	  382	  536	  4.953383	  1.349513	  0.339480  
	562	  5	  453	  537	  4.721833	  1.135899	  0.304553  
	564	  5	  455	  539	  4.235515	  -0.166429	  0.165487  
	565	  5	  456	  540	  8.396198	  -1.923242	  0.679621  
	567	  5	  458	  542	  5.596067	  -2.398424	  0.358119  
	572	  5	  463	  546	  3.756988	  -0.109415	  0.512716  
	574	  5	  1094	  548	  4.970504	  -0.271632	  0.708599  
	578	  5	  469	  2257	  4.537364	  -0.155149	  0.400929  
	581	  5	  472	  554	  3.561604	  0.072789	  0.361108  
	583	  5	  408	  556	  4.786912	  -1.758956	  0.248638  
	584	  5	  475	  557	  5.605769	  1.476018	  0.663416  
	585	  5	  476	  558	  5.382776	  2.169995	  0.375115  
	587	  5	  478	  560	  6.409498	  1.251457	  0.421055  
	588	  5	  138	  561	  4.072804	  2.135360	  0.356575  
	589	  5	  480	  655	  4.888329	  1.255628	  0.302711  
	591	  5	  416	  2455	  4.198282	  0.099941	  0.462461  
	592	  5	  483	  565	  6.253991	  -1.297031	  0.561064  
	597	  5	  945	  569	  6.292130	  -2.670609	  0.311049  
	598	  5	  489	  1071	  8.346256	  -3.439119	  0.620031  
	599	  5	  490	  2624	  4.901967	  -0.271800	  0.772317  
	614	  5	  586	  20	  6.933107	  -2.629724	  0.488828  
	615	  5	  1327	  131	  4.991124	  0.412819	  0.646262  
	618	  5	  495	  590	  3.031104	  0.268955	  0.040281  
	619	  5	  496	  591	  3.594494	  0.245109	  0.008186  
	620	  5	  382	  1392	  4.863321	  -1.349513	  0.339480  
	621	  5	  537	  593	  4.426669	  -0.844183	  0.370147  
	624	  5	  1481	  596	  3.312476	  0.796223	  0.023450  
	625	  5	  502	  597	  3.175843	  0.089180	  0.128732  
	629	  5	  1850	  1372	  3.462220	  -0.080403	  0.481243  
	630	  5	  814	  602	  3.472944	  0.492541	  0.132724  
	631	  5	  1346	  444	  4.668500	  0.745078	  0.731293  
	632	  5	  509	  604	  3.739802	  -0.279376	  0.098232  
	635	  5	  512	  607	  5.018245	  -0.471406	  0.160560  
	637	  5	  514	  176	  4.448786	  0.272492	  0.363908  
	639	  5	  516	  610	  4.602679	  -0.868419	  0.350417  
	646	  5	  523	  1328	  4.392101	  -0.219704	  0.622252  
	647	  5	  524	  2234	  3.580567	  0.023271	  0.594998  
	648	  5	  525	  619	  5.635944	  1.208549	  0.726528  
	649	  5	  526	  620	  7.580219	  -4.656386	  0.394584  
	652	  5	  529	  623	  6.766721	  2.674253	  0.451472  
	653	  5	  530	  624	  5.007362	  1.426524	  0.244824  
	654	  5	  531	  625	  4.259090	  0.294100	  0.406154  
	655	  5	  532	  626	  6.793673	  -3.139895	  0.416382  
	659	  5	  536	  630	  5.006795	  1.349513	  0.339480  
	662	  5	  539	  632	  4.271449	  -0.166429	  0.165487  
	663	  5	  540	  633	  8.504165	  -1.923242	  0.679621  
	664	  5	  1437	  804	  4.319798	  0.195423	  0.759004  
	665	  5	  542	  635	  5.597597	  -2.398424	  0.358119  
	669	  5	  546	  639	  3.681726	  -0.109415	  0.512716  
	671	  5	  548	  641	  4.983619	  -0.271632	  0.708599  
	672	  5	  549	  642	  8.234671	  -3.801854	  0.540562  
	673	  5	  691	  1064	  4.639925	  -0.223609	  0.911085  
	677	  5	  554	  647	  3.647156	  0.072789	  0.361108  
	680	  5	  557	  650	  5.750886	  1.476018	  0.663416  
	681	  5	  558	  651	  5.669195	  2.169995	  0.375115  
	683	  5	  560	  653	  6.349709	  1.251457	  0.421055  
	684	  5	  561	  654	  5.048441	  2.931583	  0.266098  
	686	  5	  2153	  230	  3.652387	  0.202855	  0.245416  
	687	  5	  2455	  1719	  4.271019	  -0.129482	  0.760229  
	688	  5	  565	  658	  5.717014	  -1.022595	  0.458990  
	690	  5	  567	  2127	  3.960386	  0.068555	  0.669649  
	692	  5	  569	  662	  6.355744	  -2.670609	  0.311049  
	700	  5	  578	  668	  3.925329	  0.303598	  0.284614  
	705	  5	  1592	  2597	  3.423610	  0.066902	  0.712259  
	709	  5	  586	  676	  6.092360	  -2.791386	  0.554533  
	714	  5	  154	  680	  4.463597	  0.581516	  0.349669  
	719	  5	  398	  685	  5.024869	  -0.215122	  0.700593  
	722	  5	  1719	  688	  4.236020	  -0.129482	  0.760229  
	723	  5	  671	  689	  4.436300	  -0.853371	  0.176854  
	729	  5	  463	  798	  3.480695	  -0.161380	  0.138488  
	733	  5	  161	  63	  4.730068	  0.321575	  0.363003  
	735	  5	  800	  28	  10.473098	  -26.249388	  0.468122  
	739	  5	  590	  703	  3.183146	  0.268955	  0.040281  
	740	  5	  591	  704	  3.638319	  0.245109	  0.008186  
	742	  5	  593	  706	  4.347204	  -0.844183	  0.370147  
	745	  5	  596	  709	  3.478413	  0.796223	  0.023450  
	746	  5	  597	  710	  3.324008	  0.089180	  0.128732  
	751	  5	  602	  715	  3.626891	  0.492541	  0.132724  
	753	  5	  604	  717	  3.751175	  -0.279376	  0.098232  
	754	  5	  605	  718	  3.567495	  -0.148929	  0.336161  
	756	  5	  607	  720	  4.978853	  -0.471406	  0.160560  
	759	  5	  610	  722	  4.537271	  -0.868419	  0.350417  
	765	  5	  1107	  728	  5.311329	  -2.313400	  0.275313  
	768	  5	  619	  1346	  5.779665	  1.208549	  0.726528  
	769	  5	  620	  732	  7.626788	  -4.656386	  0.394584  
	772	  5	  623	  735	  6.878752	  2.674253	  0.451472  
	773	  5	  624	  736	  5.017147	  1.426524	  0.244824  
	774	  5	  625	  737	  4.322932	  0.294100	  0.406154  
	775	  5	  626	  738	  6.820756	  -3.139895	  0.416382  
	779	  5	  630	  742	  5.052446	  1.349513	  0.339480  
	781	  5	  632	  743	  4.304710	  -0.166429	  0.165487  
	782	  5	  633	  744	  8.594970	  -1.923242	  0.679621  
	784	  5	  635	  745	  4.717992	  -1.460029	  0.332860  
	788	  5	  639	  749	  3.556767	  -0.109415	  0.512716  
	790	  5	  641	  751	  4.125506	  -0.099610	  0.437246  
	791	  5	  642	  752	  8.142986	  -3.801854	  0.540562  
	794	  5	  2597	  2683	  4.313151	  0.143545	  0.601147  
	796	  5	  647	  756	  3.705447	  0.072789	  0.361108  
	798	  5	  556	  758	  4.741974	  -1.758956	  0.248638  
	799	  5	  650	  565	  5.889564	  1.476018	  0.663416  
	800	  5	  651	  759	  5.846549	  2.169995	  0.375115  
	802	  5	  653	  761	  6.291883	  1.251457	  0.421055  
	803	  5	  654	  671	  5.072398	  2.931583	  0.266098  
	804	  5	  655	  763	  3.752537	  0.411445	  0.164347  
	807	  5	  658	  765	  5.681283	  -1.022595	  0.458990  
	809	  5	  2127	  1574	  5.807842	  0.530371	  0.582826  
	810	  5	  1332	  605	  3.694044	  -0.148929	  0.336161  
	811	  5	  662	  769	  4.692616	  -1.419152	  0.214042  
	812	  5	  1071	  770	  8.212571	  -2.410769	  0.683766  
	813	  5	  2624	  1311	  5.760018	  -0.374364	  0.703302  
	818	  5	  1326	  775	  4.492179	  0.141218	  0.801335  
	819	  5	  670	  1473	  4.680946	  -0.121455	  0.720110  
	820	  5	  671	  777	  4.325707	  -0.262616	  0.245619  
	825	  5	  676	  780	  6.108236	  -2.791386	  0.554533  
	829	  5	  680	  784	  4.557576	  0.581516	  0.349669  
	830	  5	  874	  2683	  4.308998	  -0.143545	  0.601147  
	832	  5	  154	  787	  6.378664	  1.611422	  0.601877  
	834	  5	  221	  789	  4.324459	  0.336654	  0.372002  
	835	  5	  687	  790	  7.792148	  6.580471	  0.550539  
	836	  5	  688	  791	  4.175910	  -0.129482	  0.760229  
	837	  5	  689	  792	  4.462540	  -0.853371	  0.176854  
	838	  5	  690	  906	  4.253458	  0.749809	  0.113870  
	839	  5	  691	  794	  4.640111	  0.223609	  0.911085  
	840	  5	  375	  795	  3.682168	  0.856139	  0.232253  
	855	  5	  240	  806	  3.414838	  0.161380	  0.138488  
	866	  5	  119	  816	  4.609871	  -0.280884	  0.844703  
	867	  5	  565	  817	  5.480736	  1.201583	  0.599923  
	878	  5	  703	  824	  4.801707	  1.018764	  0.094443  
	879	  5	  704	  825	  3.665246	  0.245109	  0.008186  
	881	  5	  706	  655	  4.269559	  -0.844183	  0.370147  
	884	  5	  709	  829	  3.555746	  0.796223	  0.023450  
	885	  5	  710	  830	  3.397510	  0.089180	  0.128732  
	889	  5	  1372	  834	  5.416088	  -0.475630	  0.758887  
	890	  5	  715	  835	  3.718485	  0.492541	  0.132724  
	892	  5	  717	  837	  3.743860	  -0.279376	  0.098232  
	893	  5	  718	  838	  3.824816	  0.187725	  0.400436  
	895	  5	  720	  839	  4.926555	  -0.471406	  0.160560  
	897	  5	  722	  841	  4.450188	  -0.868419	  0.350417  
	899	  5	  724	  843	  6.111805	  -3.787132	  0.280164  
	903	  5	  728	  847	  5.186882	  -2.313400	  0.275313  
	907	  5	  732	  851	  7.665928	  -4.656386	  0.394584  
	910	  5	  735	  854	  6.993005	  2.674253	  0.451472  
	911	  5	  736	  972	  5.020232	  1.426524	  0.244824  
	912	  5	  737	  856	  4.359824	  0.294100	  0.406154  
	913	  5	  738	  857	  6.844693	  -3.139895	  0.416382  
	917	  5	  742	  861	  5.089660	  1.349513	  0.339480  
	918	  5	  743	  862	  4.323929	  -0.166429	  0.165487  
	919	  5	  744	  863	  8.683689	  -1.923242	  0.679621  
	920	  5	  745	  864	  4.668224	  -1.460029	  0.332860  
	924	  5	  749	  1346	  3.326416	  -0.109415	  0.512716  
	926	  5	  751	  870	  4.105575	  -0.099610	  0.437246  
	927	  5	  752	  871	  8.052062	  -3.801854	  0.540562  
	931	  5	  756	  2262	  3.740666	  0.072789	  0.361108  
	933	  5	  758	  877	  4.692458	  -1.758956	  0.248638  
	936	  5	  761	  880	  6.227017	  1.251457	  0.421055  
	938	  5	  763	  881	  3.894584	  0.411445	  0.164347  
	940	  5	  765	  2029	  5.636600	  -1.022595	  0.458990  
	944	  5	  769	  886	  4.683642	  -1.419152	  0.214042  
	945	  5	  770	  887	  8.382844	  -2.410769	  0.683766  
	950	  5	  775	  685	  4.474360	  0.141218	  0.801335  
	952	  5	  777	  894	  4.370297	  -0.262616	  0.245619  
	958	  5	  1327	  1474	  8.107776	  -1.172424	  0.831499  
	959	  5	  784	  900	  4.627004	  0.581516	  0.349669  
	961	  5	  787	  902	  6.465731	  1.611422	  0.601877  
	963	  5	  789	  718	  4.437101	  0.336654	  0.372002  
	964	  5	  790	  904	  7.953823	  6.580471	  0.550539  
	965	  5	  791	  521	  4.067064	  -0.129482	  0.760229  
	966	  5	  792	  905	  4.473484	  -0.853371	  0.176854  
	969	  5	  795	  908	  3.921773	  0.856139	  0.232253  
	974	  5	  800	  913	  7.534338	  -2.361869	  0.650770  
	978	  5	  173	  138	  5.109682	  -1.990727	  0.228919  
	979	  5	  806	  798	  3.449338	  0.161380	  0.138488  
	980	  5	  247	  916	  4.546875	  0.535279	  0.540794  
	982	  5	  809	  917	  5.858319	  0.255780	  0.731719  
	987	  5	  814	  922	  3.960848	  0.915150	  0.283293  
	988	  5	  815	  923	  4.322332	  -0.786566	  0.210847  
	989	  5	  816	  924	  4.615527	  -0.280884	  0.844703  
	990	  5	  817	  925	  5.512216	  1.201583	  0.599923  
	991	  5	  567	  1307	  3.961456	  -0.068555	  0.669649  
	1003	  5	  1460	  549	  8.000199	  -2.211803	  0.649800  
	1004	  5	  444	  937	  3.805212	  -0.492541	  0.132724  
	1010	  5	  230	  2568	  5.667095	  0.504917	  0.477449  
	1013	  5	  930	  49	  4.736002	  -0.788387	  0.315343  
	1014	  5	  945	  724	  4.617919	  -1.651053	  0.264704  
	1016	  5	  824	  947	  4.795466	  1.018764	  0.094443  
	1017	  5	  825	  948	  3.677970	  0.245109	  0.008186  
	1021	  5	  829	  950	  3.608317	  0.796223	  0.023450  
	1023	  5	  831	  2167	  4.213596	  -0.217843	  0.434080  
	1025	  5	  834	  954	  5.255167	  -0.475630	  0.758887  
	1028	  5	  837	  956	  3.716930	  -0.279376	  0.098232  
	1029	  5	  838	  957	  3.951486	  0.187725	  0.400436  
	1030	  5	  839	  958	  4.861324	  -0.471406	  0.160560  
	1032	  5	  841	  960	  4.327375	  -0.868419	  0.350417  
	1033	  5	  1108	  961	  5.753402	  1.103031	  0.403969  
	1034	  5	  843	  962	  6.060365	  -3.787132	  0.280164  
	1037	  5	  847	  964	  5.065639	  -2.313400	  0.275313  
	1041	  5	  851	  968	  7.707163	  -4.656386	  0.394584  
	1044	  5	  854	  971	  6.567126	  2.202847	  0.513727  
	1046	  5	  856	  973	  4.376777	  0.294100	  0.406154  
	1047	  5	  857	  974	  6.866071	  -3.139895	  0.416382  
	1051	  5	  861	  977	  5.118209	  1.349513	  0.339480  
	1052	  5	  862	  978	  4.336807	  -0.166429	  0.165487  
	1053	  5	  863	  979	  8.766026	  -1.923242	  0.679621  
	1054	  5	  864	  980	  4.605914	  -1.460029	  0.332860  
	1060	  5	  870	  2328	  4.028795	  -0.099610	  0.437246  
	1061	  5	  871	  985	  7.950551	  -3.801854	  0.540562  
	1067	  5	  877	  990	  4.639099	  -1.758956	  0.248638  
	1068	  5	  759	  991	  5.460399	  1.301575	  0.391594  
	1070	  5	  880	  993	  6.150579	  1.251457	  0.421055  
	1071	  5	  881	  994	  4.000996	  0.411445	  0.164347  
	1073	  5	  2029	  996	  3.567281	  0.278980	  0.144554  
	1075	  5	  1574	  998	  6.981110	  0.847370	  0.612387  
	1076	  5	  886	  999	  4.671625	  -1.419152	  0.214042  
	1077	  5	  887	  1000	  8.491649	  -2.410769	  0.683766  
	1084	  5	  894	  1006	  4.420362	  -0.262616	  0.245619  
	1087	  5	  750	  1010	  4.904445	  -0.182780	  0.897635  
	1089	  5	  1474	  1011	  5.717305	  0.439051	  0.849036  
	1090	  5	  900	  1012	  4.675822	  0.581516	  0.349669  
	1092	  5	  902	  1014	  6.514290	  1.611422	  0.601877  
	1094	  5	  904	  1016	  8.096037	  6.580471	  0.550539  
	1095	  5	  905	  1017	  4.481008	  -0.853371	  0.176854  
	1096	  5	  906	  1018	  4.321597	  0.749809	  0.113870  
	1098	  5	  908	  1020	  4.046668	  0.856139	  0.232253  
	1103	  5	  913	  1025	  7.634203	  -2.361869	  0.650770  
	1106	  5	  916	  1027	  4.660070	  0.535279	  0.540794  
	1107	  5	  917	  1028	  5.808724	  0.255780	  0.731719  
	1112	  5	  922	  1033	  3.548100	  -0.504002	  0.088299  
	1113	  5	  923	  1034	  4.283983	  -0.786566	  0.210847  
	1114	  5	  924	  1035	  4.597408	  -0.280884	  0.844703  
	1115	  5	  925	  2690	  5.552006	  1.201583	  0.599923  
	1120	  5	  930	  1041	  3.947152	  -0.103002	  0.492047  
	1121	  5	  931	  2125	  5.691444	  -0.738909	  0.564494  
	1126	  5	  495	  1047	  5.175159	  1.217770	  0.328780  
	1127	  5	  937	  835	  3.771068	  -0.492541	  0.132724  
	1134	  5	  930	  1052	  4.635987	  -0.273650	  0.509287  
	1139	  5	  580	  670	  4.657783	  -0.121455	  0.720110  
	1146	  5	  519	  2955	  3.964373	  -0.040114	  0.847392  
	1149	  5	  2127	  1065	  3.841702	  -0.148929	  0.336161  
	1157	  5	  859	  1073	  4.326444	  0.249612	  0.797290  
	1160	  5	  685	  1074	  3.884143	  -0.073903	  0.508091  
	1165	  5	  947	  1079	  4.781401	  1.018764	  0.094443  
	1166	  5	  948	  1080	  3.678954	  0.245109	  0.008186  
	1167	  5	  1461	  1592	  3.884512	  -0.087576	  0.743923  
	1168	  5	  950	  1082	  3.639317	  0.796223	  0.023450  
	1170	  5	  2167	  2109	  5.161118	  -0.491494	  0.475953  
	1172	  5	  954	  1085	  5.098602	  -0.475630	  0.758887  
	1174	  5	  956	  1087	  3.666440	  -0.279376	  0.098232  
	1176	  5	  958	  1088	  4.783348	  -0.471406	  0.160560  
	1177	  5	  2222	  1089	  3.611756	  -0.015139	  0.734421  
	1178	  5	  960	  759	  4.165999	  -0.868419	  0.350417  
	1179	  5	  961	  1090	  6.414148	  1.638310	  0.448673  
	1180	  5	  962	  1091	  6.004464	  -3.787132	  0.280164  
	1182	  5	  964	  1093	  4.915487	  -2.313400	  0.275313  
	1186	  5	  968	  1096	  7.738186	  -4.656386	  0.394584  
	1189	  5	  971	  1099	  6.637969	  2.202847	  0.513727  
	1190	  5	  972	  1100	  5.014441	  1.426524	  0.244824  
	1191	  5	  973	  385	  4.377628	  0.294100	  0.406154  
	1192	  5	  974	  1101	  6.885278	  -3.139895	  0.416382  
	1195	  5	  977	  1104	  5.138397	  1.349513	  0.339480  
	1196	  5	  978	  1105	  4.338881	  -0.166429	  0.165487  
	1197	  5	  979	  1230	  8.868100	  -1.923242	  0.679621  
	1198	  5	  980	  1107	  4.520111	  -1.460029	  0.332860  
	1203	  5	  985	  1111	  7.836674	  -3.801854	  0.540562  
	1208	  5	  990	  1116	  4.570571	  -1.758956	  0.248638  
	1209	  5	  991	  1117	  5.654778	  1.301575	  0.391594  
	1211	  5	  993	  662	  6.067405	  1.251457	  0.421055  
	1212	  5	  994	  1119	  4.073108	  0.411445	  0.164347  
	1214	  5	  996	  1121	  3.666093	  0.278980	  0.144554  
	1215	  5	  2442	  2742	  3.683324	  -0.052144	  0.614145  
	1216	  5	  998	  2352	  6.888201	  0.847370	  0.612387  
	1217	  5	  999	  922	  4.653841	  -1.419152	  0.214042  
	1218	  5	  1000	  468	  8.636385	  -2.410769	  0.683766  
	1221	  5	  1463	  1120	  5.082411	  -0.395227	  0.815369  
	1224	  5	  1006	  1128	  4.456935	  -0.262616	  0.245619  
	1228	  5	  1010	  2518	  4.868957	  -0.182780	  0.897635  
	1229	  5	  1011	  1132	  6.116307	  0.439051	  0.849036  
	1230	  5	  1012	  1133	  4.709851	  0.581516	  0.349669  
	1232	  5	  1014	  1135	  6.563136	  1.611422	  0.601877  
	1234	  5	  1016	  1364	  8.203626	  6.580471	  0.550539  
	1235	  5	  1017	  1137	  4.476149	  -0.853371	  0.176854  
	1236	  5	  1018	  1138	  4.352434	  0.749809	  0.113870  
	1238	  5	  1020	  446	  4.120364	  0.856139	  0.232253  
	1242	  5	  2742	  1945	  3.585169	  -0.052144	  0.614145  
	1243	  5	  1025	  1143	  7.717795	  -2.361869	  0.650770  
	1245	  5	  1027	  1145	  4.731499	  0.535279	  0.540794  
	1246	  5	  1028	  1146	  5.753444	  0.255780	  0.731719  
	1251	  5	  1033	  1150	  3.491322	  -0.504002	  0.088299  
	1252	  5	  1034	  1151	  4.236360	  -0.786566	  0.210847  
	1253	  5	  1035	  1152	  5.129444	  -0.351629	  0.788635  
	1259	  5	  1041	  210	  3.933926	  -0.103002	  0.492047  
	1260	  5	  2125	  1157	  4.059106	  -0.303598	  0.284614  
	1263	  5	  1045	  1159	  6.126354	  2.252574	  0.336315  
	1265	  5	  1047	  1161	  5.237869	  1.217770	  0.328780  
	1270	  5	  1052	  1164	  4.664551	  -0.273650	  0.509287  
	1272	  5	  1054	  1035	  3.578938	  -0.070745	  0.566025  
	1279	  5	  1060	  1170	  3.635640	  -0.121753	  0.637317  
	1283	  5	  1064	  2483	  3.578746	  0.048366	  0.699047  
	1284	  5	  1065	  1175	  3.823393	  -0.148929	  0.336161  
	1285	  5	  1066	  1176	  4.473705	  -0.300338	  0.456454  
	1288	  5	  2127	  1178	  4.309728	  -0.149325	  0.868812  
	1290	  5	  1071	  1180	  6.133965	  -1.028350	  0.470617  
	1292	  5	  1073	  1295	  4.414340	  0.249612	  0.797290  
	1293	  5	  1074	  1183	  3.861791	  -0.073903	  0.508091  
	1301	  5	  566	  1308	  4.070724	  -0.071951	  0.879689  
	1315	  5	  23	  490	  5.910245	  0.311525	  0.748197  
	1320	  5	  1079	  1207	  4.761955	  1.018764	  0.094443  
	1321	  5	  1080	  1208	  3.671533	  0.245109	  0.008186  
	1323	  5	  1082	  1210	  3.656669	  0.796223	  0.023450  
	1326	  5	  1085	  1213	  7.005576	  -1.008354	  0.742997  
	1327	  5	  1086	  1214	  4.477022	  -0.354057	  0.782575  
	1328	  5	  1087	  1215	  3.582471	  -0.279376	  0.098232  
	1329	  5	  1088	  1216	  4.687603	  -0.471406	  0.160560  
	1331	  5	  1090	  1218	  6.371795	  1.638310	  0.448673  
	1332	  5	  1091	  1219	  5.942951	  -3.787132	  0.280164  
	1336	  5	  1096	  1221	  7.768209	  -4.656386	  0.394584  
	1339	  5	  1099	  1224	  6.712626	  2.202847	  0.513727  
	1340	  5	  1100	  1225	  5.005781	  1.426524	  0.244824  
	1341	  5	  1101	  1226	  6.899453	  -3.139895	  0.416382  
	1343	  5	  1104	  1228	  5.152291	  1.349513	  0.339480  
	1344	  5	  1105	  1229	  4.339005	  -0.166429	  0.165487  
	1347	  5	  1108	  1231	  4.485293	  -0.661751	  0.173633  
	1350	  5	  1111	  1364	  7.625309	  -3.801854	  0.540562  
	1354	  5	  1115	  2583	  4.441478	  0.146272	  0.430236  
	1355	  5	  1116	  1238	  4.489008	  -1.758956	  0.248638  
	1356	  5	  1117	  1239	  5.751580	  1.301575	  0.391594  
	1358	  5	  1119	  2157	  4.130966	  0.411445	  0.164347  
	1359	  5	  1120	  1372	  5.039986	  -0.395227	  0.815369  
	1360	  5	  1121	  2158	  3.734275	  0.278980	  0.144554  
	1362	  5	  2352	  1244	  6.820570	  0.847370	  0.612387  
	1367	  5	  1128	  1246	  4.486054	  -0.262616	  0.245619  
	1368	  5	  1129	  1247	  4.287421	  -0.166429	  0.165487  
	1371	  5	  1132	  1249	  5.577654	  0.297832	  0.871654  
	1372	  5	  1133	  1250	  4.729993	  0.581516	  0.349669  
	1375	  5	  1364	  1253	  5.625528	  2.778617	  0.564190  
	1376	  5	  1137	  1254	  4.460855	  -0.853371	  0.176854  
	1377	  5	  1138	  1255	  4.370804	  0.749809	  0.113870  
	1381	  5	  1945	  2202	  4.104820	  -0.108745	  0.621751  
	1382	  5	  1143	  1260	  7.789027	  -2.361869	  0.650770  
	1384	  5	  1145	  1262	  4.778996	  0.535279	  0.540794  
	1385	  5	  1146	  2690	  5.679226	  0.255780	  0.731719  
	1389	  5	  1150	  1267	  3.393527	  -0.504002	  0.088299  
	1390	  5	  1151	  1268	  4.165795	  -0.786566	  0.210847  
	1391	  5	  1152	  1269	  5.082029	  -0.351629	  0.788635  
	1392	  5	  2690	  1270	  5.956710	  -0.904507	  0.695426  
	1396	  5	  1157	  1273	  4.058918	  -0.303598	  0.284614  
	1397	  5	  1158	  1274	  3.713641	  0.055208	  0.289538  
	1398	  5	  1159	  1350	  7.039552	  -2.403812	  0.449187  
	1400	  5	  1161	  1277	  5.288794	  1.217770	  0.328780  
	1402	  5	  750	  2461	  4.301591	  -0.191584	  0.517900  
	1403	  5	  1164	  1280	  4.681556	  -0.273650	  0.509287  
	1408	  5	  1170	  1284	  4.683564	  -0.371365	  0.744843  
	1414	  5	  1176	  1289	  4.435929	  -0.300338	  0.456454  
	1415	  5	  1067	  1290	  3.841577	  0.027129	  0.584954  
	1416	  5	  1178	  1291	  4.272648	  -0.149325	  0.868812  
	1418	  5	  1180	  1293	  6.240809	  -1.028350	  0.470617  
	1421	  5	  1183	  1296	  3.816921	  -0.073903	  0.508091  
	1423	  5	  2723	  2444	  5.454753	  -0.176463	  0.592103  
	1424	  5	  1187	  1298	  4.681805	  -0.121455	  0.720110  
	1427	  5	  1190	  1300	  4.252754	  -0.099343	  0.790220  
	1429	  5	  325	  1301	  5.036883	  -0.513768	  0.589253  
	1437	  5	  385	  1309	  5.613546	  0.476771	  0.618504  
	1460	  5	  1175	  1332	  3.779052	  -0.148929	  0.336161  
	1461	  5	  1190	  1333	  4.250443	  0.099343	  0.790220  
	1464	  5	  2109	  213	  6.335673	  -1.145516	  0.629557  
	1469	  5	  1207	  2023	  4.701462	  1.018764	  0.094443  
	1470	  5	  1208	  1342	  3.654965	  0.245109	  0.008186  
	1472	  5	  1210	  1343	  3.657843	  0.796223	  0.023450  
	1473	  5	  2109	  1444	  3.323225	  -0.045749	  0.099479  
	1475	  5	  1213	  1284	  6.109551	  0.725029	  0.710477  
	1476	  5	  1214	  1346	  4.339094	  -0.354057	  0.782575  
	1478	  5	  1216	  1348	  4.555528	  -0.471406	  0.160560  
	1480	  5	  1218	  1350	  6.319234	  1.638310	  0.448673  
	1481	  5	  1219	  1351	  5.880463	  -3.787132	  0.280164  
	1483	  5	  1221	  1353	  7.794822	  -4.656386	  0.394584  
	1486	  5	  1224	  1356	  6.779696	  2.202847	  0.513727  
	1487	  5	  1225	  815	  4.990216	  1.426524	  0.244824  
	1488	  5	  1226	  1476	  6.917189	  -3.139895	  0.416382  
	1490	  5	  1228	  408	  6.534211	  -6.085901	  0.239948  
	1492	  5	  1229	  1360	  4.329858	  -0.166429	  0.165487  
	1493	  5	  1230	  1500	  8.986135	  -1.923242	  0.679621  
	1494	  5	  1231	  1362	  4.518651	  -0.661751	  0.173633  
	1501	  5	  1238	  1369	  4.391634	  -1.758956	  0.248638  
	1502	  5	  1239	  1370	  5.828359	  1.301575	  0.391594  
	1506	  5	  1244	  1374	  6.766039	  0.847370	  0.612387  
	1508	  5	  1246	  1376	  4.505234	  -0.262616	  0.245619  
	1509	  5	  1247	  1377	  4.241524	  -0.166429	  0.165487  
	1510	  5	  1248	  1378	  4.674248	  0.115052	  0.830379  
	1512	  5	  1250	  1380	  4.737892	  0.581516	  0.349669  
	1513	  5	  1135	  1381	  5.505040	  1.348806	  0.671242  
	1514	  5	  1253	  1382	  4.435143	  0.902595	  0.397183  
	1515	  5	  1254	  1383	  4.433671	  -0.853371	  0.176854  
	1516	  5	  1255	  1384	  4.380267	  0.749809	  0.113870  
	1518	  5	  1257	  1386	  5.635907	  0.281702	  0.779100  
	1520	  5	  2202	  1918	  5.817997	  -0.373398	  0.747737  
	1521	  5	  1260	  1389	  7.852810	  -2.361869	  0.650770  
	1522	  5	  1261	  1390	  4.399515	  0.265019	  0.713853  
	1523	  5	  1262	  961	  4.806818	  0.535279	  0.540794  
	1528	  5	  1267	  275	  3.227944	  -0.504002	  0.088299  
	1529	  5	  1268	  1392	  4.060162	  -0.786566	  0.210847  
	1530	  5	  1269	  1393	  5.025237	  -0.351629	  0.788635  
	1531	  5	  1270	  1394	  4.770787	  -0.509280	  0.602344  
	1532	  5	  1271	  2899	  3.663677	  -0.022597	  0.534184  
	1534	  5	  1273	  1397	  4.042396	  -0.303598	  0.284614  
	1536	  5	  1350	  1398	  5.369292	  -0.765502	  0.450288  
	1538	  5	  1277	  1215	  5.350260	  1.217770	  0.328780  
	1541	  5	  1280	  1403	  4.692371	  -0.273650	  0.509287  
	1542	  5	  1281	  1404	  3.476171	  0.015139	  0.734421  
	1543	  5	  1282	  1977	  5.430275	  0.265304	  0.827954  
	1545	  5	  1284	  2106	  5.292302	  0.353664	  0.674391  
	1550	  5	  1289	  1410	  4.377866	  -0.300338	  0.456454  
	1554	  5	  1293	  1414	  6.333164	  -1.028350	  0.470617  
	1556	  5	  1295	  1416	  4.456613	  -0.191669	  0.686998  
	1557	  5	  1296	  1607	  3.735332	  -0.073903	  0.508091  
	1558	  5	  1298	  1418	  4.661861	  -0.121455	  0.720110  
	1560	  5	  1300	  1420	  4.247876	  -0.099343	  0.790220  
	1561	  5	  1301	  1421	  5.046587	  -0.513768	  0.589253  
	1566	  5	  1474	  1426	  5.049401	  0.340530	  0.832363  
	1567	  5	  1307	  1427	  3.924874	  -0.068555	  0.669649  
	1568	  5	  1308	  1428	  4.425588	  0.130004	  0.935646  
	1569	  5	  1309	  2248	  5.551295	  0.476771	  0.618504  
	1574	  5	  472	  1433	  3.337934	  -0.072789	  0.361108  
	1576	  5	  1585	  2982	  4.512420	  -0.174534	  0.733907  
	1577	  5	  1317	  1436	  3.851585	  -0.092998	  0.432923  
	1585	  5	  1326	  1443	  4.481791	  -0.141218	  0.801335  
	1586	  5	  1327	  1444	  7.621015	  1.007556	  0.735038  
	1589	  5	  2449	  2807	  3.708320	  -0.055208	  0.289538  
	1597	  5	  1918	  2095	  4.419981	  0.086802	  0.607396  
	1601	  5	  1437	  1607	  3.593936	  0.073903	  0.508091  
	1617	  5	  698	  51	  4.342141	  0.071951	  0.879689  
	1618	  5	  316	  1474	  8.988355	  1.952005	  0.835594  
	1619	  5	  1585	  1205	  4.713319	  -0.065041	  0.641082  
	1622	  5	  1473	  1187	  4.684031	  -0.121455	  0.720110  
	1625	  5	  1342	  1476	  3.632869	  0.245109	  0.008186  
	1626	  5	  1343	  1477	  3.650090	  0.796223	  0.023450  
	1627	  5	  1444	  1433	  7.775630	  0.961808	  0.765268  
	1631	  5	  1348	  854	  4.387105	  -0.471406	  0.160560  
	1634	  5	  1351	  1481	  5.818064	  -3.787132	  0.280164  
	1636	  5	  1353	  1483	  7.822412	  -4.656386	  0.394584  
	1639	  5	  1356	  1486	  6.838616	  2.202847	  0.513727  
	1642	  5	  1360	  1129	  4.313496	  -0.166429	  0.165487  
	1644	  5	  1362	  1490	  4.549180	  -0.661751	  0.173633  
	1649	  5	  1729	  2285	  3.697919	  -0.039878	  0.578748  
	1651	  5	  1369	  1495	  4.262949	  -1.758956	  0.248638  
	1652	  5	  1370	  1496	  5.885036	  1.301575	  0.391594  
	1656	  5	  1374	  1500	  6.686074	  0.847370	  0.612387  
	1658	  5	  1376	  1502	  4.515284	  -0.262616	  0.245619  
	1659	  5	  1377	  1503	  4.179008	  -0.166429	  0.165487  
	1660	  5	  1378	  2991	  4.760498	  0.115052	  0.830379  
	1661	  5	  1249	  1505	  5.768224	  0.297832	  0.871654  
	1662	  5	  1380	  1506	  4.737197	  0.581516	  0.349669  
	1664	  5	  1382	  1508	  4.656261	  0.902595	  0.397183  
	1665	  5	  1383	  1509	  4.390774	  -0.853371	  0.176854  
	1666	  5	  1384	  703	  4.380002	  0.749809	  0.113870  
	1671	  5	  1389	  1513	  7.905090	  -2.361869	  0.650770  
	1676	  5	  1394	  1518	  4.743272	  -0.509280	  0.602344  
	1679	  5	  1397	  668	  4.001679	  -0.303598	  0.284614  
	1680	  5	  1398	  1521	  5.388637	  -0.765502	  0.450288  
	1681	  5	  2108	  1530	  4.804091	  -0.229405	  0.847596  
	1683	  5	  1401	  1524	  3.772846	  -0.027305	  0.677797  
	1685	  5	  1403	  1525	  4.691382	  -0.273650	  0.509287  
	1686	  5	  1404	  1089	  3.548198	  0.015139	  0.734421  
	1689	  5	  1407	  2850	  3.986040	  -0.040114	  0.847392  
	1690	  5	  2222	  1529	  3.662641	  0.015139	  0.734421  
	1692	  5	  1410	  1531	  4.288848	  -0.300338	  0.456454  
	1696	  5	  1414	  1535	  6.417654	  -1.028350	  0.470617  
	1698	  5	  1416	  1537	  4.439376	  -0.191669	  0.686998  
	1700	  5	  1418	  1539	  4.626147	  -0.121455	  0.720110  
	1701	  5	  613	  1290	  3.780632	  -0.027129	  0.584954  
	1702	  5	  1420	  1541	  4.222094	  -0.099343	  0.790220  
	1703	  5	  1421	  1542	  5.039551	  -0.513768	  0.589253  
	1708	  5	  1426	  1546	  5.378961	  0.340530	  0.832363  
	1709	  5	  1427	  1547	  3.874147	  -0.068555	  0.669649  
	1711	  5	  2248	  468	  5.472205	  0.476771	  0.618504  
	1712	  5	  1311	  750	  5.769548	  -0.374364	  0.703302  
	1714	  5	  316	  2396	  4.661202	  0.351629	  0.788635  
	1718	  5	  1436	  641	  3.807910	  -0.092998	  0.432923  
	1725	  5	  1443	  1561	  4.459911	  -0.141218	  0.801335  
	1727	  5	  1328	  2109	  4.194309	  -0.219704	  0.622252  
	1730	  5	  1448	  1566	  3.446808	  -0.089180	  0.128732  
	1731	  5	  1449	  1567	  4.737173	  0.321575	  0.363003  
	1733	  5	  2095	  2285	  4.596430	  0.086802	  0.607396  
	1734	  5	  1108	  1295	  5.330134	  -0.441280	  0.749385  
	1742	  5	  1460	  1213	  8.151361	  1.733383	  0.729395  
	1745	  5	  1463	  1578	  5.092813	  0.395227	  0.815369  
	1746	  5	  1464	  1579	  4.691029	  0.054013	  0.715357  
	1747	  5	  1465	  1580	  4.429687	  -0.093381	  0.833706  
	1765	  5	  1085	  1282	  6.020756	  0.532724	  0.728810  
	1767	  5	  1261	  1026	  5.158632	  0.227992	  0.793363  
	1781	  5	  1205	  74	  4.310524	  -0.042444	  0.697993  
	1790	  5	  1477	  561	  3.628762	  0.796223	  0.023450  
	1791	  5	  1433	  1261	  8.022717	  0.889019	  0.798359  
	1795	  5	  1483	  1617	  7.845813	  -4.656386	  0.394584  
	1797	  5	  1486	  1619	  6.889235	  2.202847	  0.513727  
	1798	  5	  1476	  2023	  6.431989	  -2.894786	  0.450945  
	1800	  5	  1500	  1622	  8.221663	  -1.075872	  0.732575  
	1806	  5	  1495	  1093	  4.097953	  -1.758956	  0.248638  
	1807	  5	  1496	  2029	  5.939838	  1.301575	  0.391594  
	1813	  5	  1502	  1631	  4.513523	  -0.262616	  0.245619  
	1814	  5	  1503	  1632	  4.088656	  -0.166429	  0.165487  
	1816	  5	  1505	  1634	  5.906071	  0.297832	  0.871654  
	1817	  5	  1506	  1635	  4.722042	  0.581516	  0.349669  
	1819	  5	  1508	  1637	  4.784367	  0.902595	  0.397183  
	1820	  5	  1509	  1902	  4.342037	  -0.853371	  0.176854  
	1824	  5	  1513	  1771	  7.967095	  -2.361869	  0.650770  
	1825	  5	  1390	  2225	  4.597352	  0.265019	  0.713853  
	1829	  5	  1518	  1646	  4.689253	  -0.509280	  0.602344  
	1832	  5	  1521	  1648	  4.659650	  -0.354057	  0.782575  
	1836	  5	  1525	  1652	  4.675261	  -0.273650	  0.509287  
	1837	  5	  1977	  1291	  4.177249	  0.149325	  0.868812  
	1839	  5	  2850	  1655	  3.945305	  -0.040114	  0.847392  
	1840	  5	  1529	  1656	  3.679854	  0.015139	  0.734421  
	1842	  5	  1531	  1460	  4.068873	  -0.300338	  0.456454  
	1846	  5	  1535	  1660	  6.481203	  -1.028350	  0.470617  
	1848	  5	  1537	  1917	  4.404260	  -0.191669	  0.686998  
	1850	  5	  1539	  1918	  4.501078	  -0.121455	  0.720110  
	1852	  5	  1541	  1665	  4.177303	  -0.099343	  0.790220  
	1853	  5	  1542	  1666	  5.025858	  -0.513768	  0.589253  
	1857	  5	  1546	  1668	  5.533247	  0.340530	  0.832363  
	1858	  5	  1547	  1669	  3.770328	  -0.068555	  0.669649  
	1860	  5	  468	  1671	  6.139621	  -0.547338	  0.768437  
	1872	  5	  1561	  1681	  4.412396	  -0.141218	  0.801335  
	1877	  5	  1566	  830	  3.436672	  -0.089180	  0.128732  
	1878	  5	  1567	  1684	  4.720671	  0.321575	  0.363003  
	1881	  5	  320	  1687	  4.873835	  0.378593	  0.514992  
	1884	  5	  1573	  1257	  5.599263	  0.281702	  0.779100  
	1885	  5	  1574	  2455	  5.672270	  -0.316999	  0.661846  
	1889	  5	  1578	  1270	  5.091426	  0.395227	  0.815369  
	1890	  5	  1579	  1693	  4.674689	  0.054013	  0.715357  
	1891	  5	  1580	  2773	  4.432309	  -0.093381	  0.833706  
	1899	  5	  1588	  1699	  4.369057	  -0.187009	  0.512012  
	1909	  5	  1160	  1819	  4.937858	  -0.186605	  0.842561  
	1912	  5	  1407	  2955	  3.997520	  0.040114	  0.847392  
	1915	  5	  698	  1709	  4.350222	  -0.071951	  0.879689  
	1937	  5	  1170	  859	  4.199336	  0.249612	  0.797290  
	1954	  5	  490	  402	  6.720312	  0.676322	  0.714539  
	1957	  5	  1059	  2597	  3.429907	  0.076644	  0.504159  
	1963	  5	  1617	  1748	  7.867320	  -4.656386	  0.394584  
	1965	  5	  1619	  1750	  6.927902	  2.202847	  0.513727  
	1968	  5	  1622	  1752	  8.322880	  -1.075872	  0.732575  
	1969	  5	  1490	  1753	  3.905361	  -0.382770	  0.194827  
	1974	  5	  957	  1758	  4.011096	  0.187725	  0.400436  
	1978	  5	  1632	  1762	  3.978859	  -0.166429	  0.165487  
	1980	  5	  1634	  1248	  4.575329	  0.115052	  0.830379  
	1981	  5	  1635	  1764	  4.704962	  0.581516	  0.349669  
	1983	  5	  1637	  1766	  4.867639	  0.902595	  0.397183  
	1986	  5	  1386	  2982	  6.872838	  0.430313	  0.732607  
	1989	  5	  2225	  641	  4.695896	  0.265019	  0.713853  
	1992	  5	  1646	  183	  4.605109	  -0.509280	  0.602344  
	1994	  5	  1648	  1086	  4.589549	  -0.354057	  0.782575  
	1995	  5	  1530	  1774	  4.783683	  -0.229405	  0.847596  
	1998	  5	  1652	  1777	  4.648582	  -0.273650	  0.509287  
	2002	  5	  1656	  2228	  3.683555	  0.015139	  0.734421  
	2011	  5	  1665	  1785	  4.111832	  -0.099343	  0.790220  
	2014	  5	  1668	  1789	  5.675230	  0.340530	  0.832363  
	2015	  5	  1669	  1789	  3.606241	  -0.068555	  0.669649  
	2027	  5	  1681	  1800	  4.327498	  -0.141218	  0.801335  
	2031	  5	  2239	  2019	  4.766077	  0.148611	  0.644475  
	2041	  5	  2929	  2626	  4.267029	  -0.087576	  0.743923  
	2045	  5	  1699	  1814	  4.326191	  -0.187009	  0.512012  
	2055	  5	  1709	  1824	  4.335970	  -0.071951	  0.879689  
	2072	  5	  1278	  1401	  3.783873	  -0.027305	  0.677797  
	2075	  5	  1729	  2920	  3.752620	  0.039878	  0.578748  
	2134	  5	  1748	  1885	  7.887089	  -4.656386	  0.394584  
	2136	  5	  1750	  1887	  6.957823	  2.202847	  0.513727  
	2138	  5	  1752	  1889	  8.394349	  -1.075872	  0.732575  
	2144	  5	  1758	  1894	  4.031121	  0.187725	  0.400436  
	2148	  5	  1762	  2153	  3.826021	  -0.166429	  0.165487  
	2150	  5	  1764	  48	  4.678843	  0.581516	  0.349669  
	2152	  5	  1766	  1901	  4.927960	  0.902595	  0.397183  
	2158	  5	  1392	  724	  5.437129	  -2.136079	  0.292113  
	2163	  5	  1651	  2253	  3.664923	  -0.027305	  0.677797  
	2164	  5	  1777	  1911	  4.602725	  -0.273650	  0.509287  
	2169	  5	  1782	  2171	  3.844900	  -0.046924	  0.631742  
	2172	  5	  1785	  1919	  4.017413	  -0.099343	  0.790220  
	2173	  5	  1666	  502	  4.997808	  -0.513768	  0.589253  
	2176	  5	  1789	  1921	  5.258388	  0.271976	  0.873378  
	2183	  5	  1261	  2513	  6.213072	  0.296665	  0.880415  
	2187	  5	  1800	  1132	  4.169754	  -0.141218	  0.801335  
	2206	  5	  1819	  1945	  4.949164	  -0.186605	  0.842561  
	2211	  5	  1824	  1949	  4.306859	  -0.071951	  0.879689  
	2224	  5	  1727	  1958	  3.648556	  -0.030742	  0.806465  
	2283	  5	  468	  119	  5.669109	  -0.710338	  0.633027  
	2287	  5	  2127	  2256	  4.059413	  -0.163562	  0.509939  
	2304	  5	  1727	  2467	  3.776402	  0.030742	  0.806465  
	2309	  5	  1885	  1159	  7.907547	  -4.656386	  0.394584  
	2311	  5	  1887	  2024	  6.995482	  2.202847	  0.513727  
	2313	  5	  1889	  2613	  8.465745	  -1.075872	  0.732575  
	2322	  5	  1631	  2033	  4.502542	  -0.262616	  0.245619  
	2325	  5	  1381	  2161	  5.518272	  1.348806	  0.671242  
	2326	  5	  1901	  2037	  4.975199	  0.902595	  0.397183  
	2331	  5	  1771	  2040	  8.031023	  -2.361869	  0.650770  
	2335	  5	  1911	  2044	  4.530538	  -0.273650	  0.509287  
	2339	  5	  1660	  2047	  6.559087	  -1.028350	  0.470617  
	2341	  5	  1917	  2049	  4.344463	  -0.191669	  0.686998  
	2343	  5	  1919	  1261	  3.796364	  -0.099343	  0.790220  
	2345	  5	  1921	  1064	  5.336127	  0.271976	  0.873378  
	2355	  5	  1684	  2056	  4.693511	  0.321575	  0.363003  
	2361	  5	  1693	  2465	  4.655666	  0.054013	  0.715357  
	2362	  5	  2776	  2529	  4.398861	  -0.093381	  0.833706  
	2369	  5	  1945	  2067	  4.566668	  -0.130004	  0.935646  
	2373	  5	  1949	  566	  4.236269	  -0.071951	  0.879689  
	2386	  5	  1188	  1849	  3.379037	  -0.035248	  0.486503  
	2401	  5	  1977	  2200	  4.706805	  0.115978	  0.775348  
	2404	  5	  143	  2537	  4.760601	  -0.115052	  0.830379  
	2412	  5	  524	  2397	  3.474850	  -0.023271	  0.594998  
	2415	  5	  794	  1923	  5.593693	  0.310411	  0.826163  
	2438	  5	  485	  2119	  3.016602	  -0.054282	  0.205504  
	2439	  5	  555	  1984	  4.098091	  -0.099941	  0.462461  
	2468	  5	  1976	  2483	  3.736887	  -0.048366	  0.699047  
	2479	  5	  2022	  2151	  4.271411	  0.056300	  0.911040  
	2481	  5	  2024	  2153	  7.031500	  2.202847	  0.513727  
	2489	  5	  2033	  2159	  4.474395	  -0.262616	  0.245619  
	2493	  5	  2037	  780	  5.013890	  0.902595	  0.397183  
	2494	  5	  1902	  2162	  4.251668	  -0.853371	  0.176854  
	2496	  5	  2040	  2164	  8.079059	  -2.361869	  0.650770  
	2500	  5	  2044	  2167	  4.415871	  -0.273650	  0.509287  
	2501	  5	  1655	  1958	  3.868865	  -0.040114	  0.847392  
	2503	  5	  2047	  2170	  6.640960	  -1.028350	  0.470617  
	2505	  5	  2049	  2172	  4.264297	  -0.191669	  0.686998  
	2512	  5	  2056	  1846	  4.643559	  0.321575	  0.363003  
	2514	  5	  2071	  874	  5.171380	  -0.236927	  0.692807  
	2515	  5	  1936	  1961	  3.995840	  0.061102	  0.715292  
	2516	  5	  2465	  2179	  4.627818	  0.054013	  0.715357  
	2522	  5	  2067	  1428	  4.511286	  -0.130004	  0.935646  
	2525	  5	  2684	  2239	  5.484787	  -0.281702	  0.779100  
	2527	  5	  2071	  1923	  5.105070	  0.236927	  0.692807  
	2543	  5	  1972	  2840	  3.740252	  0.027129	  0.584954  
	2545	  5	  874	  1465	  4.403589	  -0.093381	  0.833706  
	2546	  5	  1976	  2545	  3.847133	  0.048366	  0.699047  
	2561	  5	  2106	  2209	  5.480630	  0.353664	  0.674391  
	2563	  5	  2108	  2442	  4.807085	  0.229405	  0.847596  
	2574	  5	  2121	  2312	  4.224253	  -0.099941	  0.462461  
	2578	  5	  2125	  2220	  5.511915	  -0.435311	  0.759690  
	2592	  5	  2397	  2443	  5.349636	  -0.094710	  0.805155  
	2620	  5	  469	  1984	  4.684632	  0.155149	  0.400929  
	2630	  5	  2262	  1115	  4.474273	  0.146272	  0.430236  
	2639	  5	  2151	  2271	  4.254655	  0.056300	  0.911040  
	2640	  5	  2023	  2272	  5.162744	  -1.876022	  0.644541  
	2643	  5	  2613	  2274	  5.266809	  -0.281549	  0.804360  
	2646	  5	  2158	  1490	  3.759464	  0.278980	  0.144554  
	2647	  5	  2159	  2278	  4.436972	  -0.262616	  0.245619  
	2649	  5	  2161	  2280	  5.525620	  1.348806	  0.671242  
	2650	  5	  2162	  1107	  4.132596	  -0.853371	  0.176854  
	2652	  5	  2164	  2282	  8.118289	  -2.361869	  0.650770  
	2653	  5	  1215	  635	  4.757516	  0.938395	  0.397418  
	2658	  5	  2170	  2284	  6.690985	  -1.028350	  0.470617  
	2659	  5	  2171	  2285	  3.788787	  -0.046924	  0.631742  
	2660	  5	  2172	  2286	  4.124037	  -0.191669	  0.686998  
	2663	  5	  2513	  1308	  5.229766	  0.201955	  0.915710  
	2664	  5	  2249	  2288	  4.258556	  -0.056300	  0.911040  
	2680	  5	  1961	  1991	  4.085803	  0.061102	  0.715292  
	2687	  5	  2200	  2302	  4.850770	  0.115978	  0.775348  
	2689	  5	  2202	  1774	  5.176729	  0.264654	  0.799503  
	2694	  5	  2888	  2307	  3.639368	  0.022597	  0.534184  
	2695	  5	  2209	  2308	  5.590989	  0.353664	  0.674391  
	2706	  5	  2220	  398	  5.578391	  -0.435311	  0.759690  
	2710	  5	  1281	  2397	  3.357336	  -0.015139	  0.734421  
	2712	  5	  2929	  2455	  4.250473	  0.087576	  0.743923  
	2718	  5	  615	  1918	  5.751090	  0.353664	  0.674391  
	2727	  5	  1585	  23	  5.604697	  0.239574	  0.708707  
	2728	  5	  1067	  2415	  3.875037	  -0.027129	  0.584954  
	2734	  5	  2899	  2334	  3.641078	  -0.022597	  0.534184  
	2736	  5	  2249	  2022	  4.274777	  0.056300	  0.911040  
	2738	  5	  1386	  2081	  4.991891	  -0.148611	  0.644475  
	2741	  5	  2253	  2339	  3.538085	  -0.027305	  0.677797  
	2748	  5	  2257	  1968	  4.350197	  -0.155149	  0.400929  
	2771	  5	  613	  519	  4.371465	  0.082336	  0.386873  
	2774	  5	  2537	  2930	  4.803240	  -0.115052	  0.830379  
	2778	  5	  1833	  1846	  4.598536	  0.121455	  0.720110  
	2793	  5	  2119	  831	  4.401141	  -0.217843	  0.434080  
	2795	  5	  2644	  2239	  6.324511	  0.430313	  0.732607  
	2798	  5	  1833	  580	  4.637817	  -0.121455	  0.720110  
	2800	  5	  2382	  1936	  3.813848	  0.061102	  0.715292  
	2801	  5	  2467	  2234	  3.660631	  -0.023271	  0.594998  
	2803	  5	  2272	  2385	  5.019706	  -1.876022	  0.644541  
	2807	  5	  2157	  2389	  4.154619	  0.411445	  0.164347  
	2809	  5	  2278	  2390	  4.377236	  -0.262616	  0.245619  
	2811	  5	  2280	  258	  5.519568	  1.348806	  0.671242  
	2813	  5	  2282	  2393	  8.151533	  -2.361869	  0.650770  
	2815	  5	  2284	  2394	  6.744556	  -1.028350	  0.470617  
	2817	  5	  2286	  316	  3.811279	  -0.191669	  0.686998  
	2819	  5	  2288	  2397	  4.227910	  -0.056300	  0.911040  
	2826	  5	  1958	  2382	  4.518507	  -0.070856	  0.829635  
	2833	  5	  2302	  2366	  4.953960	  0.115978	  0.775348  
	2835	  5	  1774	  2403	  3.141014	  0.035248	  0.486503  
	2838	  5	  2307	  1205	  3.597504	  0.022597	  0.534184  
	2839	  5	  2308	  615	  5.671683	  0.353664	  0.674391  
	2843	  5	  2312	  555	  4.168463	  -0.099941	  0.462461  
	2846	  5	  2663	  1984	  3.504252	  -0.055208	  0.289538  
	2851	  5	  2228	  2410	  3.668399	  0.015139	  0.734421  
	2857	  5	  2328	  2644	  3.827795	  -0.099610	  0.437246  
	2863	  5	  2334	  2841	  3.604998	  -0.022597	  0.534184  
	2874	  5	  2262	  2426	  3.485933	  -0.073483	  0.498711  
	2898	  5	  519	  2444	  4.897184	  0.122450	  0.537736  
	2921	  5	  1687	  2461	  4.158839	  0.191584	  0.517900  
	2934	  5	  2471	  1596	  4.195634	  -0.102564	  0.520412  
	2941	  5	  1918	  1026	  5.417768	  -0.227992	  0.793363  
	2944	  5	  1671	  1923	  6.344129	  -0.547338	  0.768437  
	2948	  5	  2271	  2485	  4.229583	  0.056300	  0.911040  
	2949	  5	  2385	  1253	  4.857955	  -1.876022	  0.644541  
	2953	  5	  2389	  1521	  4.150197	  0.411445	  0.164347  
	2954	  5	  2390	  2488	  4.290161	  -0.262616	  0.245619  
	2957	  5	  2393	  2490	  8.181650	  -2.361869	  0.650770  
	2958	  5	  2394	  2491	  6.797391	  -1.028350	  0.470617  
	2960	  5	  2396	  1393	  4.957583	  0.351629	  0.788635  
	2962	  5	  2687	  1493	  4.501975	  0.054013	  0.715357  
	2965	  5	  2403	  1849	  3.311968	  0.035248	  0.486503  
	2974	  5	  2412	  2500	  3.879025	  0.092998	  0.432923  
	2977	  5	  2415	  2502	  3.871324	  -0.027129	  0.584954  
	2979	  5	  2841	  2503	  3.536556	  -0.022597	  0.534184  
	2983	  5	  2339	  2382	  3.351792	  -0.027305	  0.677797  
	2986	  5	  2424	  2505	  3.295738	  -0.027129	  0.584954  
	2988	  5	  2426	  1968	  3.301737	  -0.073483	  0.498711  
	2991	  5	  2429	  2507	  4.073413	  0.061102	  0.715292  
	2999	  5	  1782	  907	  3.862113	  0.046924	  0.631742  
	3024	  5	  2382	  1968	  5.271622	  -0.159263	  0.759735  
	3049	  5	  1317	  2412	  3.869892	  0.092998	  0.432923  
	3065	  5	  1592	  2109	  5.961202	  -0.480067	  0.739646  
	3069	  5	  385	  1160	  4.886008	  -0.186605	  0.842561  
	3073	  5	  2555	  422	  3.667135	  -0.080403	  0.481243  
	3084	  5	  2488	  1135	  4.178055	  -0.262616	  0.245619  
	3086	  5	  2490	  2567	  8.209006	  -2.361869	  0.650770  
	3087	  5	  2491	  2568	  6.844163	  -1.028350	  0.470617  
	3089	  5	  1493	  2444	  4.423046	  0.054013	  0.715357  
	3094	  5	  2410	  939	  3.625876	  0.015139	  0.734421  
	3096	  5	  2500	  490	  3.870483	  0.092998	  0.432923  
	3101	  5	  2505	  1968	  5.288870	  -0.297700	  0.887426  
	3104	  5	  2545	  2576	  3.892637	  0.048366	  0.699047  
	3108	  5	  1972	  2424	  3.578106	  -0.027129	  0.584954  
	3109	  5	  2513	  2443	  5.035964	  0.094710	  0.805155  
	3112	  5	  2449	  613	  3.686197	  0.055208	  0.289538  
	3149	  5	  1448	  1333	  3.435698	  0.089180	  0.128732  
	3150	  5	  1464	  2467	  4.702140	  -0.054013	  0.715357  
	3161	  5	  485	  1894	  3.132210	  0.054282	  0.205504  
	3179	  5	  2668	  1461	  4.100610	  -0.087576	  0.743923  
	3181	  5	  2623	  1278	  3.779149	  -0.027305	  0.677797  
	3184	  5	  2626	  2075	  4.255005	  -0.087576	  0.743923  
	3188	  5	  2663	  1158	  3.647934	  0.055208	  0.289538  
	3189	  5	  2485	  2487	  4.194796	  0.056300	  0.911040  
	3193	  5	  2567	  2633	  8.231339	  -2.361869	  0.650770  
	3200	  5	  2503	  2529	  3.394095	  -0.022597	  0.534184  
	3202	  5	  2576	  2723	  3.900685	  0.048366	  0.699047  
	3230	  5	  2555	  1846	  3.709354	  0.080403	  0.481243  
	3233	  5	  1814	  2659	  4.248919	  -0.187009	  0.512012  
	3263	  5	  1991	  1970	  4.110965	  0.061102	  0.715292  
	3270	  5	  2684	  1573	  5.556383	  0.281702	  0.779100  
	3276	  5	  2633	  2690	  8.251868	  -2.361869	  0.650770  
	3283	  5	  2583	  2695	  4.402854	  0.146272	  0.430236  
	3299	  5	  2659	  1687	  4.125798	  -0.187009	  0.512012  
	3302	  5	  2613	  2723	  6.522194	  -0.377479	  0.663454  
	3307	  5	  2668	  2702	  4.179659	  0.087576	  0.743923  
	3308	  5	  2623	  939	  3.752100	  0.027305	  0.677797  
	3337	  5	  2613	  2739	  5.586466	  -0.416844	  0.746682  
	3342	  5	  2487	  1188	  3.401301	  -0.035248	  0.486503  
	3355	  5	  2702	  2075	  4.215272	  0.087576	  0.743923  
	3356	  5	  1634	  2518	  4.825551	  0.182780	  0.897635  
	3367	  5	  2507	  2487	  4.590298	  -0.091549	  0.747584  
	3375	  5	  1970	  2746	  4.113539	  0.061102	  0.715292  
	3382	  5	  2695	  2856	  4.654544	  -0.270572	  0.917753  
	3386	  5	  2081	  2019	  4.910262	  -0.148611	  0.644475  
	3396	  5	  2256	  2119	  4.040689	  -0.163562	  0.509939  
	3408	  5	  2746	  2767	  4.109151	  0.061102	  0.715292  
	3422	  5	  2773	  2776	  4.422284	  -0.093381	  0.833706  
	3433	  5	  2739	  2695	  5.662035	  -0.416844	  0.746682  
	3438	  5	  2767	  2429	  4.094059	  0.061102	  0.715292  
	3458	  5	  2843	  23	  4.293485	  0.071951	  0.879689  
	3482	  5	  2442	  2274	  5.325236	  0.281549	  0.804360  
	3484	  5	  2896	  2865	  4.262605	  -0.099941	  0.462461  
	3499	  5	  2179	  2687	  4.568572	  0.054013	  0.715357  
	3501	  5	  2807	  2833	  3.729247	  -0.055208	  0.289538  
	3515	  5	  2843	  51	  4.325109	  -0.071951	  0.879689  
	3517	  5	  1524	  1651	  3.738233	  -0.027305	  0.677797  
	3529	  5	  2366	  2529	  5.040113	  0.115978	  0.775348  
	3533	  5	  2505	  2856	  4.561613	  0.270572	  0.917753  
	3544	  5	  2840	  2502	  3.837430	  0.027129	  0.584954  
	3553	  5	  939	  2870	  4.416980	  0.042444	  0.697993  
	3572	  5	  2865	  2121	  4.255237	  -0.099941	  0.462461  
	3574	  5	  2723	  2507	  5.144776	  -0.152650	  0.734658  
	3576	  5	  2870	  74	  4.359827	  0.042444	  0.697993  
	3582	  5	  1271	  2888	  3.659509	  0.022597	  0.534184  
	3602	  5	  794	  907	  3.838419	  -0.046924	  0.631742  
	3605	  5	  2833	  1274	  3.738702	  -0.055208	  0.289538  
	3655	  5	  2896	  2950	  4.258091	  0.099941	  0.462461  
	3660	  5	  2920	  2953	  3.757532	  0.039878	  0.578748  
	3666	  5	  2950	  416	  4.232933	  0.099941	  0.462461  
	3669	  5	  2953	  2958	  3.741921	  0.039878	  0.578748  
	3674	  5	  2958	  794	  3.719337	  0.039878	  0.578748  
	3700	  5	  2930	  2991	  4.805056	  -0.115052	  0.830379  
	3702	  5	  2982	  2983	  6.049971	  0.255780	  0.731719  
	3703	  5	  2983	  2984	  6.079192	  0.255780	  0.731719  
	3704	  5	  2984	  2985	  6.028702	  0.255780	  0.731719  
	3705	  5	  2985	  809	  5.930109	  0.255780	  0.731719  
	3709	  1	  2987	  2988	  8.000000	  0.000000	  0.000000  
	3710	  1	  2988	  2989	  8.000000	  0.000000	  0.000000  
	3711	  1	  2989	  2990	  8.000000	  0.000000	  0.000000  
	3712	  1	  2991	  2987	  8.000000	  0.000000	  0.000000  
	3713	  1	  2990	  2991	  8.000000	  0.000000	  0.000000  
 878       total number of nodes
  name    x       y       z
	1	  25.000000	  77.900002	  500.000000  
	2	  55.000000	  95.199997	  500.000000  
	3	  84.569122	  109.437256	  489.311340  
	4	  85.000000	  112.500000	  450.000000  
	5	  79.722290	  108.439865	  400.144165  
	7	  85.000000	  112.500000	  300.000000  
	13	  150.000000	  150.000000	  500.000000  
	14	  275.000000	  222.100006	  500.000000  
	15	  245.000000	  204.800003	  500.000000  
	16	  224.479828	  184.791672	  483.281189  
	17	  219.136673	  177.264511	  455.032562  
	20	  215.187683	  187.688354	  299.942566  
	23	  207.401337	  179.783691	  152.206528  
	28	  220.635193	  187.106262	  393.234802  
	32	  70.338135	  109.233955	  386.566681  
	39	  91.058624	  110.470879	  479.683746  
	40	  85.885742	  118.292488	  264.361694  
	48	  192.267105	  165.120682	  345.449432  
	49	  181.278687	  193.788391	  251.740891  
	51	  207.001602	  150.183990	  146.503281  
	55	  230.125778	  183.015656	  280.668762  
	63	  87.376816	  63.051605	  231.971939  
	65	  184.223816	  150.027359	  340.645447  
	69	  115.792526	  103.540588	  480.101654  
	72	  245.362640	  183.670395	  279.018738  
	74	  221.647888	  180.585266	  91.096992  
	81	  86.738197	  111.862999	  461.105743  
	82	  217.711624	  184.567261	  281.883484  
	84	  26.873703	  82.342232	  383.559021  
	91	  129.490387	  94.170807	  478.986694  
	94	  260.498138	  189.360168	  275.578644  
	99	  251.853287	  182.218872	  390.520599  
	104	  223.153763	  174.835983	  273.305511  
	108	  277.674866	  79.129250	  386.580353  
	115	  143.559937	  85.577621	  476.657043  
	119	  174.703995	  169.725433	  222.607025  
	123	  261.820709	  169.055283	  389.277985  
	131	  72.088211	  93.060570	  215.655243  
	138	  260.364838	  79.992592	  393.716858  
	142	  117.729279	  239.046402	  257.937805  
	143	  149.377029	  1.406494	  187.475464  
	145	  158.019974	  77.638573	  474.398468  
	148	  33.165909	  193.182709	  279.341797  
	151	  236.886765	  238.486298	  187.409454  
	153	  271.876862	  157.940750	  382.939667  
	154	  71.306396	  182.274124	  312.024292  
	155	  236.108429	  154.058990	  447.621643  
	158	  79.266785	  142.342758	  334.743744  
	161	  76.721603	  66.489235	  222.460083  
	173	  249.129227	  80.570175	  392.293396  
	176	  150.181137	  93.815002	  345.314331  
	180	  169.282562	  66.013680	  471.702515  
	183	  51.851059	  198.895096	  285.614166  
	184	  147.652924	  185.347778	  203.540237  
	187	  24.984398	  152.835510	  376.150085  
	189	  240.909821	  144.912430	  451.250061  
	190	  235.179886	  124.234993	  257.752960  
	192	  73.856133	  152.791855	  323.871277  
	201	  211.952911	  177.341385	  389.291107  
	206	  158.849869	  206.420303	  244.728622  
	208	  90.491348	  147.679596	  353.499542  
	210	  164.106293	  164.387665	  237.507019  
	212	  81.725334	  122.571281	  328.584869  
	213	  83.620285	  110.902077	  189.883636  
	221	  106.044533	  241.835159	  255.714478  
	228	  137.168701	  187.731750	  198.389435  
	230	  132.662552	  17.911041	  201.957626  
	238	  187.927567	  273.275726	  233.795471  
	240	  176.527878	  150.264893	  290.823700  
	242	  192.695709	  222.245621	  324.040497  
	245	  204.160156	  163.163544	  388.731415  
	247	  113.918175	  186.557953	  284.891174  
	254	  89.627075	  128.758911	  322.233582  
	256	  229.812027	  195.104355	  399.999664  
	258	  192.477631	  191.114792	  340.993988  
	260	  71.533226	  117.416580	  358.467346  
	263	  219.285278	  167.907852	  438.648346  
	272	  187.339172	  196.325027	  326.151184  
	275	  226.531357	  95.528351	  392.718018  
	278	  145.119797	  62.365417	  353.367157  
	287	  44.787643	  124.941536	  365.133179  
	293	  178.602890	  264.675964	  241.268799  
	297	  191.701111	  237.914154	  318.499756  
	300	  197.799377	  150.009689	  387.252350  
	306	  96.140800	  169.674393	  373.192749  
	309	  102.743164	  141.199341	  312.678223  
	310	  211.434433	  155.569672	  490.077148  
	311	  241.307953	  201.998535	  409.875732  
	313	  186.126984	  200.871140	  334.713745  
	315	  71.657867	  118.910461	  375.049713  
	316	  92.218056	  112.417435	  228.952164  
	320	  89.656654	  99.883354	  165.235855  
	323	  61.722725	  201.922241	  318.685760  
	324	  214.834930	  145.406082	  232.116714  
	325	  203.750259	  131.915024	  263.928406  
	326	  180.167862	  187.826401	  314.790771  
	327	  51.830200	  108.425964	  226.501801  
	328	  68.511429	  118.370331	  372.268799  
	334	  227.606262	  154.373642	  243.567902  
	337	  212.955994	  109.205177	  399.722076  
	343	  181.348221	  19.754761	  457.535645  
	344	  78.381432	  258.278534	  263.360138  
	349	  45.966782	  113.292488	  354.381683  
	354	  47.305847	  190.074600	  305.069336  
	355	  167.222000	  256.579590	  242.156845  
	356	  161.684036	  129.280685	  319.277069  
	358	  193.196228	  253.382568	  312.806671  
	363	  109.387543	  167.050812	  302.720306  
	368	  115.834801	  154.111496	  226.377975  
	371	  219.315186	  143.048584	  483.529175  
	372	  250.403671	  211.594299	  417.379150  
	375	  270.444794	  105.515152	  367.896759  
	376	  67.292938	  123.131218	  390.086639  
	378	  188.517059	  156.964462	  439.645996  
	381	  96.378777	  110.594223	  144.839615  
	382	  144.869507	  101.290268	  426.634949  
	384	  50.803276	  212.289093	  324.487640  
	385	  206.040497	  135.529068	  221.759705  
	386	  209.484177	  123.032753	  259.332397  
	387	  170.608780	  179.826141	  303.961487  
	389	  55.869476	  124.134766	  368.825684  
	395	  243.155823	  166.072800	  236.343872  
	396	  199.795151	  190.820129	  293.976318  
	398	  259.810059	  181.408798	  225.173553  
	402	  199.543076	  180.702286	  205.115891  
	408	  266.377808	  107.974983	  459.689331  
	409	  110.742584	  138.433777	  306.664185  
	416	  74.050476	  231.178772	  127.833916  
	417	  44.075584	  234.858170	  451.466980  
	418	  200.098190	  45.911919	  261.059326  
	422	  181.582199	  26.809502	  204.251724  
	423	  40.323936	  103.141457	  344.963501  
	428	  40.066223	  203.250000	  306.203125  
	430	  150.475510	  121.246117	  324.725952  
	432	  196.386414	  269.609192	  312.166504  
	439	  101.341476	  150.294128	  219.728531  
	442	  223.967178	  128.589966	  476.707916  
	444	  167.508514	  231.139313	  335.065460  
	446	  57.394516	  131.418610	  401.100189  
	447	  114.405373	  133.462784	  244.623306  
	448	  172.656067	  152.584747	  437.102478  
	451	  100.684242	  111.796875	  134.478149  
	453	  44.932755	  225.393829	  332.145996  
	455	  217.284561	  110.309784	  259.306122  
	456	  163.172913	  168.193909	  295.068939  
	458	  194.483398	  219.601639	  404.026398  
	463	  186.720749	  188.159668	  301.368408  
	468	  182.888840	  173.427078	  216.599899  
	469	  101.934891	  136.017441	  87.919662  
	472	  83.995773	  81.268021	  184.913834  
	475	  123.378014	  133.911148	  298.141083  
	476	  74.420815	  125.554604	  337.885010  
	478	  200.693817	  170.972565	  275.695618  
	480	  28.330566	  163.124603	  372.833038  
	483	  168.790253	  121.882126	  300.624268  
	485	  110.587036	  197.233368	  174.502380  
	487	  166.292282	  134.491577	  329.477478  
	489	  181.312881	  212.061401	  324.307343  
	490	  214.708603	  182.263443	  187.923538  
	495	  202.886536	  141.724152	  411.095245  
	496	  247.323914	  230.967606	  315.192261  
	502	  196.449463	  59.330353	  255.846542  
	509	  273.721039	  72.686478	  452.727295  
	512	  38.563095	  219.225479	  309.949463  
	514	  145.431091	  108.067924	  331.713409  
	516	  66.351791	  61.101723	  309.885773  
	519	  189.901413	  63.448990	  60.420990  
	521	  137.395248	  257.656616	  184.152252  
	523	  86.741936	  148.407410	  213.083206  
	524	  64.314140	  62.578674	  50.646133  
	525	  120.901566	  183.802155	  305.127289  
	526	  226.692261	  112.417206	  473.837708  
	529	  239.711105	  105.127480	  354.858582  
	530	  57.026649	  143.348419	  412.241547  
	531	  128.994934	  138.208542	  244.246735  
	532	  158.892380	  143.680573	  434.187164  
	536	  153.155457	  107.137856	  440.212189  
	537	  165.911301	  10.463074	  343.645203  
	539	  222.752563	  99.497047	  261.670990  
	540	  159.546539	  154.278152	  287.118958  
	542	  180.901962	  221.043823	  405.189392  
	546	  169.889404	  194.087280	  308.104218  
	548	  266.685852	  161.363922	  199.155807  
	549	  150.192307	  250.114120	  256.425201  
	554	  91.954346	  80.455261	  176.160889  
	555	  107.867844	  160.353012	  86.548210  
	556	  273.641205	  99.109741	  467.093658  
	557	  137.810455	  128.155075	  295.132629  
	558	  57.199516	  127.147629	  328.200287  
	560	  210.335876	  172.247284	  289.855713  
	561	  268.229248	  89.280518	  411.891235  
	565	  168.141678	  104.547958	  294.797241  
	566	  266.525238	  95.257050	  127.240135  
	567	  93.815102	  207.522232	  180.767746  
	569	  205.111481	  136.866302	  372.153168  
	578	  59.249374	  186.873123	  273.915100  
	580	  170.513016	  50.024086	  171.594254  
	582	  241.445465	  84.103317	  248.171249  
	584	  205.369034	  214.313324	  402.266571  
	586	  215.840561	  191.591080	  309.928436  
	590	  202.797928	  154.722214	  412.383942  
	591	  119.852142	  19.210617	  324.559387  
	593	  27.518204	  221.192673	  357.988953  
	596	  31.429611	  202.696365	  447.486389  
	597	  189.937927	  68.506538	  239.542923  
	602	  28.409042	  75.369545	  329.052124  
	604	  147.344666	  282.996948	  451.377167  
	605	  99.290802	  251.789627	  225.682983  
	607	  164.685120	  10.116577	  312.752228  
	610	  66.388016	  77.558853	  308.054565  
	613	  195.535294	  38.290047	  36.025581  
	615	  149.630875	  285.117188	  175.324326  
	619	  128.684021	  196.419647	  311.727722  
	620	  229.186401	  95.955437	  473.728912  
	623	  226.588440	  103.143631	  344.804596  
	624	  54.844307	  158.330002	  418.188385  
	625	  145.552322	  137.262466	  244.670761  
	626	  145.431519	  134.387222	  431.078949  
	630	  164.495483	  113.722649	  446.623627  
	632	  229.482574	  80.799850	  254.385666  
	633	  156.957886	  143.018051	  275.875763  
	635	  165.422653	  216.823944	  409.633209  
	639	  156.681717	  198.695084	  317.134583  
	641	  273.879730	  146.773132	  192.621078  
	642	  157.437836	  264.606384	  268.365295  
	647	  97.482559	  79.591812	  160.691086  
	650	  150.729477	  117.723862	  295.317963  
	651	  42.355759	  125.735054	  320.791534  
	653	  215.441925	  168.945190	  305.247711  
	654	  270.131195	  88.680389	  428.080109  
	655	  33.951111	  200.810059	  367.401642  
	658	  174.493469	  90.061691	  297.164154  
	662	  215.492310	  136.530685	  360.496918  
	668	  52.800156	  194.961777	  266.199860  
	670	  176.956207	  60.229752	  169.754120  
	671	  269.549500	  82.657143	  449.084473  
	676	  224.196762	  198.528992	  306.700562  
	680	  67.767006	  179.582138	  326.789581  
	685	  270.917938	  191.149414	  224.559326  
	687	  41.498474	  94.237862	  376.900116  
	688	  114.593529	  250.015839	  162.124893  
	689	  28.607040	  94.975349	  459.633636  
	690	  104.757675	  176.441605	  377.102051  
	691	  177.859863	  168.393311	  138.479416  
	698	  214.913956	  141.053192	  141.218369  
	703	  195.613159	  172.959488	  406.702393  
	704	  119.302101	  31.221954	  335.854828  
	706	  28.687767	  209.389450	  363.296753  
	709	  28.797653	  188.315460	  442.171570  
	710	  188.212769	  75.021835	  224.341431  
	715	  153.641510	  285.830139	  324.929932  
	717	  153.585724	  267.937775	  447.987091  
	718	  105.037209	  244.869019	  233.152893  
	720	  162.081650	  24.507568	  320.552429  
	722	  60.244820	  92.278564	  306.248108  
	724	  156.554245	  78.074081	  401.336487  
	728	  81.593231	  224.967316	  434.256134  
	732	  230.283981	  79.735367	  470.961090  
	735	  212.151993	  101.432381	  336.836578  
	736	  49.221970	  171.947891	  423.991302  
	737	  161.998596	  134.722717	  245.211212  
	738	  130.455719	  128.854309	  426.352966  
	742	  178.274811	  122.256470	  450.434967  
	743	  232.555939	  64.518257	  254.728836  
	744	  150.271545	  132.787155	  265.281311  
	745	  148.722137	  214.596375	  405.015137  
	749	  144.137100	  204.076187	  322.772858  
	750	  94.266144	  33.052238	  143.619766  
	751	  26.686089	  145.332596	  185.214310  
	752	  163.343658	  274.610199	  279.691498  
	756	  101.168076	  78.792839	  144.869690  
	758	  276.854736	  80.753479	  473.043884  
	759	  28.408722	  119.201294	  316.691162  
	761	  214.933548	  164.038681	  320.479248  
	763	  40.385483	  210.545853	  368.111786  
	765	  179.934067	  77.860085	  302.581696  
	769	  231.917404	  127.010437	  356.267548  
	770	  181.743347	  195.883652	  277.507477  
	775	  267.222198	  202.539917	  230.451996  
	777	  263.506042	  71.772575	  448.046448  
	780	  235.763000	  211.363861	  302.148773  
	784	  57.294067	  173.863937	  337.915436  
	787	  100.472565	  176.872177	  331.388062  
	789	  103.405083	  244.040466	  245.102875  
	790	  51.156853	  87.889015	  373.056580  
	791	  123.075249	  254.960449	  174.878738  
	792	  41.514847	  103.338448	  461.316833  
	794	  183.725204	  183.187683	  133.125687  
	795	  279.876740	  122.667007	  377.178711  
	798	  185.611694	  166.647339	  301.614532  
	800	  220.497437	  168.254395	  417.082642  
	804	  250.321365	  111.394958	  251.991272  
	806	  181.118164	  158.363617	  295.723206  
	809	  258.631348	  230.360657	  276.267517  
	814	  23.086998	  92.610085	  337.488617  
	815	  262.012085	  225.724625	  418.828430  
	816	  175.231903	  155.742065	  226.384094  
	817	  169.872131	  93.919975	  286.232941  
	824	  194.327225	  186.786057	  411.866425  
	825	  113.625710	  41.961578	  347.021881  
	829	  30.018227	  174.929871	  432.466583  
	830	  189.393417	  82.041611	  207.442825  
	831	  73.808105	  171.964905	  168.860825  
	834	  110.490860	  242.371735	  216.674362  
	835	  153.170135	  267.291962	  329.379944  
	837	  161.287842	  253.409653	  445.372986  
	838	  110.096344	  229.320801	  224.778275  
	839	  158.748535	  38.549561	  328.855133  
	841	  48.978714	  103.470833	  306.133514  
	843	  151.171173	  63.074928	  405.285645  
	847	  74.604660	  238.644226	  440.684540  
	851	  228.650574	  64.978050	  464.098969  
	854	  192.693146	  90.785828	  329.520020  
	856	  178.259048	  132.665329	  243.371887  
	857	  115.745583	  121.493538	  423.773560  
	859	  141.815582	  286.595306	  252.998520  
	861	  193.942734	  127.681831	  451.952881  
	862	  104.519836	  272.996765	  253.848953  
	863	  142.043854	  122.143433	  255.584137  
	864	  133.050293	  214.059601	  404.450470  
	870	  35.915268	  145.395935	  170.247940  
	871	  168.866150	  280.622528	  293.873993  
	874	  147.517319	  186.911453	  151.511505  
	877	  143.194397	  292.304688	  472.898010  
	880	  210.259201	  156.638245	  333.510010  
	881	  48.689827	  224.917725	  369.419342  
	886	  246.265503	  121.671120	  349.721863  
	887	  183.766754	  189.711090	  262.756195  
	894	  133.005493	  282.299927	  446.418152  
	900	  45.989548	  166.068008	  347.331055  
	902	  115.300339	  174.174408	  338.393311  
	904	  60.512283	  77.401596	  366.918823  
	905	  51.105408	  115.935387	  461.016510  
	906	  134.347672	  180.766907	  369.629700  
	907	  179.403458	  193.853806	  111.110695  
	908	  31.790771	  127.931648	  386.672272  
	913	  219.797760	  151.929596	  418.301819  
	915	  63.846413	  179.459488	  299.465820  
	916	  110.325935	  205.529175	  284.475464  
	917	  136.352844	  17.931305	  277.406952  
	922	  265.340057	  97.518280	  346.200745  
	923	  129.105469	  24.266647	  419.454437  
	924	  171.836746	  140.071228	  225.516098  
	925	  174.425827	  80.311699	  278.693573  
	930	  187.345642	  183.031219	  252.374680  
	931	  235.253220	  166.789307	  261.642365  
	937	  159.138458	  258.239197	  334.625427  
	939	  243.839844	  189.301437	  77.673157  
	945	  194.861572	  140.630630	  383.917999  
	947	  191.777222	  203.220978	  412.649689  
	948	  105.352730	  51.865570	  357.542877  
	950	  29.499542	  163.205795	  420.655609  
	954	  125.492676	  249.263901	  217.602798  
	956	  167.389572	  239.056427	  440.392426  
	957	  121.120369	  214.200806	  212.057953  
	958	  158.010757	  52.686111	  336.534332  
	960	  35.144913	  110.638588	  309.743134  
	961	  109.125778	  268.457489	  299.156158  
	962	  149.256775	  47.346840	  410.402771  
	964	  65.047844	  249.634171	  448.220154  
	968	  223.006149	  52.430649	  454.962006  
	971	  187.647110	  85.463593	  321.048462  
	972	  33.229294	  198.213898	  419.298157  
	973	  191.250885	  129.114838	  237.161270  
	974	  101.594826	  112.931023	  421.859955  
	977	  210.056488	  131.119003	  454.351929  
	978	  110.920044	  258.065521	  254.072266  
	979	  137.606400	  112.067657	  243.937271  
	980	  116.735565	  207.961960	  409.118378  
	985	  172.053680	  284.284454	  309.512451  
	990	  133.342224	  280.333832	  468.511536  
	991	  257.532745	  108.083878	  317.902496  
	993	  211.040863	  148.887283	  347.695831  
	994	  58.044144	  238.070984	  372.779022  
	996	  193.506851	  47.512230	  310.895935  
	998	  185.306427	  32.672531	  179.446487  
	999	  257.890259	  111.514404	  345.874054  
	1000	  186.809402	  187.353928	  246.718460  
	1006	  134.448471	  266.406494	  450.248230  
	1010	  104.522705	  44.915131	  135.055969  
	1011	  111.431351	  66.467918	  202.186020  
	1012	  32.147995	  160.943420	  355.036407  
	1014	  127.734390	  170.756866	  348.925995  
	1016	  65.883339	  67.420746	  359.375061  
	1017	  56.204300	  131.325317	  459.035278  
	1018	  150.501678	  179.567307	  370.381866  
	1020	  44.866554	  128.325485	  396.875916  
	1025	  213.876465	  136.439621	  419.344727  
	1026	  30.794708	  81.907227	  169.086533  
	1027	  112.993546	  221.802338	  286.594696  
	1028	  143.672989	  32.681129	  274.941071  
	1033	  255.150223	  91.889610	  355.005463  
	1034	  131.440857	  39.074234	  412.295532  
	1035	  162.567001	  123.700356	  217.590240  
	1041	  176.966125	  170.545609	  246.183258  
	1045	  173.890884	  32.284729	  349.388458  
	1047	  189.326187	  149.934998	  414.136108  
	1052	  176.278717	  189.611740	  251.090195  
	1054	  140.311050	  147.556519	  227.125900  
	1059	  97.142212	  137.096893	  137.497940  
	1060	  123.399956	  281.976501	  237.190384  
	1064	  155.244888	  154.113037	  139.598862  
	1065	  87.764938	  232.754852	  187.153503  
	1066	  231.939835	  226.371536	  257.005981  
	1067	  98.093109	  221.341599	  25.345539  
	1071	  187.416565	  213.823578	  301.545868  
	1073	  275.778442	  73.091255	  260.410309  
	1074	  43.146477	  167.605347	  222.882904  
	1079	  186.856903	  218.656097	  416.492889  
	1080	  98.665665	  62.877121	  368.090454  
	1082	  25.957207	  151.467422	  409.397614  
	1085	  141.260788	  255.923462	  216.695572  
	1086	  127.108986	  238.918121	  329.444000  
	1087	  169.424408	  225.651108	  431.285828  
	1088	  161.670776	  67.149544	  339.389374  
	1089	  209.033279	  256.022552	  45.073555  
	1090	  97.764755	  267.100586	  309.754333  
	1091	  146.167648	  33.012650	  417.714294  
	1093	  190.269974	  33.920746	  459.056488  
	1094	  265.516876	  171.840775	  210.264587  
	1096	  217.361252	  38.956985	  448.170654  
	1099	  177.204941	  76.796150	  311.731781  
	1100	  23.975952	  211.116592	  417.929596  
	1101	  90.091240	  101.272942	  420.828369  
	1104	  226.571747	  133.229904	  454.239807  
	1105	  119.820786	  247.667130	  259.996246  
	1107	  101.633484	  209.386719	  422.508575  
	1108	  120.538490	  276.389648	  297.347534  
	1111	  49.409721	  60.300079	  323.931122  
	1115	  120.042206	  83.927963	  101.365776  
	1116	  119.277832	  272.076630	  465.159790  
	1117	  244.870621	  97.451782	  316.405273  
	1119	  69.891708	  247.695374	  379.010162  
	1120	  58.578903	  233.931717	  223.962097  
	1121	  201.882004	  37.008850	  314.188965  
	1128	  135.355469	  250.059952	  453.279816  
	1129	  154.214859	  251.005768	  277.891602  
	1132	  121.678642	  58.628937	  193.738312  
	1133	  276.531464	  156.006271	  358.435760  
	1135	  139.038086	  169.803864	  368.917786  
	1137	  62.781860	  146.432251	  456.639740  
	1138	  165.326569	  174.380524	  375.172821  
	1143	  207.072784	  121.600845	  422.622406  
	1145	  114.142326	  238.333145	  288.218079  
	1146	  154.286285	  43.185219	  274.690826  
	1150	  245.564285	  90.029831	  368.484528  
	1151	  132.381317	  54.826675	  406.985291  
	1152	  159.773926	  111.309845	  215.556091  
	1157	  265.443909	  184.612503	  256.406189  
	1158	  67.403572	  185.929993	  64.888458  
	1159	  189.814911	  30.843773	  352.295166  
	1160	  218.578156	  114.203018	  202.380524  
	1161	  180.942902	  162.864990	  419.242645  
	1164	  161.982269	  194.045502	  248.416794  
	1167	  158.082352	  234.465179	  206.029724  
	1170	  138.724564	  278.087524	  237.934860  
	1175	  89.762177	  245.774185	  196.820938  
	1176	  218.819122	  219.003494	  246.080704  
	1178	  111.379639	  222.480484	  165.066238  
	1180	  196.026993	  227.668991	  305.388184  
	1183	  41.072884	  153.675552	  226.314865  
	1187	  200.244827	  75.956711	  186.421158  
	1188	  239.549789	  65.080673	  99.706223  
	1190	  226.195526	  122.365433	  198.129654  
	1205	  211.505081	  182.227173	  96.243790  
	1207	  181.376190	  234.111938	  419.374084  
	1208	  90.096458	  70.839188	  377.303131  
	1210	  23.534149	  136.725998	  403.053894  
	1213	  148.574829	  262.099823	  227.582809  
	1214	  127.368050	  225.626190	  325.501862  
	1215	  171.807358	  209.875259	  428.208374  
	1216	  169.950714	  79.667755	  338.432373  
	1218	  219.172272	  42.354042	  324.019470  
	1219	  148.914352	  18.609009	  422.993958  
	1221	  79.384438	  254.016037	  439.204468  
	1224	  166.086746	  65.874908	  307.020874  
	1225	  271.355652	  221.741150	  417.799286  
	1226	  82.611542	  89.112297	  416.011810  
	1228	  243.451752	  134.608231	  454.270447  
	1229	  131.374725	  243.266327	  267.222717  
	1230	  140.362427	  94.531914	  216.531601  
	1231	  120.697250	  266.275757	  301.065277  
	1238	  105.322456	  264.330139	  463.268311  
	1239	  230.750381	  89.255157	  318.877899  
	1244	  169.723846	  58.793678	  183.942673  
	1246	  132.935120	  233.626144	  454.417572  
	1247	  172.606537	  251.419357	  282.120300  
	1248	  131.074463	  42.842392	  119.590424  
	1249	  130.580429	  56.632538	  178.877808  
	1250	  260.598816	  156.845840	  361.479492  
	1253	  89.221077	  42.101028	  362.419342  
	1254	  72.218376	  160.148499	  456.442322  
	1255	  179.748138	  173.574219	  383.332642  
	1257	  255.620468	  151.716141	  109.995163  
	1260	  199.707535	  107.978966	  428.182892  
	1261	  47.671509	  99.613617	  186.522690  
	1262	  114.096024	  254.619659	  291.118164  
	1267	  232.877792	  91.362106	  379.156006  
	1268	  136.135056	  70.636841	  404.222107  
	1269	  151.218674	  99.507027	  214.295395  
	1270	  184.201233	  29.258881	  262.826019  
	1271	  178.802734	  205.351776	  60.140793  
	1273	  278.619507	  190.693268	  256.673462  
	1274	  64.973213	  202.270264	  66.438057  
	1277	  176.695923	  175.824280	  428.462677  
	1278	  240.695572	  229.434875	  82.497345  
	1280	  146.547165	  192.953812	  245.320068  
	1281	  192.709579	  270.482788	  51.371487  
	1282	  147.494217	  250.200821	  196.038300  
	1284	  147.833755	  273.093719	  227.146500  
	1289	  203.651062	  218.355118	  242.279663  
	1290	  83.172485	  250.668625	  30.276257  
	1291	  122.174500	  227.665665	  158.062302  
	1293	  205.439575	  241.009979	  308.555054  
	1295	  276.383514	  91.100349	  274.503967  
	1296	  30.728500	  138.085281	  224.671432  
	1298	  216.490784	  72.703644	  196.623291  
	1300	  238.811111	  122.268593	  201.756912  
	1301	  202.464767	  118.881531	  263.221863  
	1307	  99.199867	  182.733368	  189.776321  
	1308	  23.358978	  98.959969	  141.104599  
	1309	  197.151077	  142.806732	  220.659241  
	1311	  229.362396	  231.179504	  168.461807  
	1317	  246.026535	  151.654770	  186.199371  
	1326	  249.075455	  220.433884	  238.327637  
	1327	  82.447601	  102.035805	  202.355530  
	1328	  77.289894	  145.709488	  198.559616  
	1332	  90.699577	  252.574295	  210.422195  
	1333	  212.580185	  122.154297	  201.303802  
	1342	  81.963898	  73.604752	  387.794098  
	1343	  279.658203	  120.915886	  402.933807  
	1346	  133.406845	  214.308029	  322.834625  
	1348	  182.673462	  87.825043	  335.297241  
	1350	  211.949387	  38.570999	  338.217590  
	1351	  154.736343	  8.420380	  430.108856  
	1353	  72.825645	  247.236649	  427.407654  
	1356	  158.672241	  51.682327	  303.484833  
	1360	  144.495667	  245.503220	  274.575562  
	1362	  116.544502	  251.092102	  301.143921  
	1364	  68.207245	  59.268280	  351.567596  
	1369	  90.028610	  260.459076	  466.049347  
	1370	  217.025497	  82.156395	  322.337341  
	1372	  74.750465	  235.868225	  209.542297  
	1374	  161.456207	  72.569168	  186.191498  
	1376	  132.042267	  218.092377	  460.344421  
	1377	  188.764816	  247.848755	  283.013519  
	1378	  139.862686	  29.055368	  113.037888  
	1380	  246.154129	  163.163971	  365.786011  
	1381	  156.978668	  175.464661	  373.881378  
	1382	  230.131714	  250.224548	  356.126984  
	1383	  81.320427	  174.027573	  455.612549  
	1384	  191.006012	  172.436508	  395.532288  
	1386	  250.066238	  165.104950	  108.481163  
	1389	  192.974106	  93.656425	  428.800537  
	1390	  38.408157	  115.192032	  195.404282  
	1392	  146.432037	  84.447693	  407.996460  
	1393	  143.501495	  92.952477	  216.535889  
	1394	  58.541000	  243.303787	  268.261047  
	1397	  32.156731	  197.193375	  256.192932  
	1398	  92.702087	  261.140778	  343.618774  
	1401	  237.011612	  241.352600	  80.260406  
	1403	  131.772095	  186.530899	  244.385727  
	1404	  200.405487	  262.796021	  47.103973  
	1407	  137.925461	  75.278397	  55.110424  
	1410	  188.414734	  224.221085	  243.804443  
	1414	  218.079483	  251.778275	  308.339752  
	1416	  36.395004	  107.359970	  287.602203  
	1418	  232.358780	  68.683769	  197.233841  
	1420	  249.645248	  119.664459	  212.685425  
	1421	  209.799622	  100.929794	  260.738770  
	1426	  118.194542	  119.656700	  212.000183  
	1427	  109.808739	  173.668777	  188.898132  
	1428	  273.888947	  101.589691	  144.152420  
	1433	  63.585541	  98.561371	  190.084961  
	1436	  256.686462	  145.978653	  190.786087  
	1437	  36.230667	  108.373489	  228.638535  
	1443	  244.150757	  232.526520	  235.095551  
	1444	  73.645279	  102.308815	  192.822296  
	1448	  202.530838	  114.933563	  201.119293  
	1449	  109.606003	  55.091248	  235.118317  
	1460	  155.803040	  253.661652	  239.624710  
	1461	  78.370850	  154.518555	  143.966949  
	1463	  52.273071	  240.223999	  242.965607  
	1464	  121.994469	  48.599510	  -0.032078  
	1465	  145.797165	  211.947769	  139.062454  
	1473	  193.634842	  74.187225	  178.692535  
	1474	  96.730644	  104.494125	  216.537613  
	1476	  77.667625	  72.168976	  402.276398  
	1477	  274.813080	  105.843727	  408.089142  
	1481	  31.807808	  227.136124	  438.927826  
	1483	  67.160645	  244.304718	  414.124207  
	1486	  148.010849	  39.874779	  300.831573  
	1490	  107.646149	  238.800751	  303.258514  
	1493	  197.465256	  81.974113	  35.087799  
	1495	  203.510788	  35.854942	  464.973267  
	1496	  206.402756	  76.047661	  320.981293  
	1500	  152.890228	  84.470322	  191.729034  
	1502	  131.283386	  201.750748	  463.410461  
	1503	  204.291397	  244.106400	  278.593658  
	1505	  134.032547	  54.438469	  148.427841  
	1506	  230.698975	  168.467056	  365.174500  
	1508	  240.399719	  237.521500	  354.068604  
	1509	  90.960884	  185.979080	  456.454254  
	1513	  187.870697	  80.771202	  425.385376  
	1518	  60.953133	  229.203934	  276.747894  
	1521	  108.860809	  259.985168	  345.693726  
	1524	  103.326691	  38.608154	  79.974846  
	1525	  117.185455	  179.568771	  240.388062  
	1529	  241.473602	  231.180222	  30.947147  
	1530	  231.893356	  80.898300	  161.806290  
	1531	  175.328583	  233.536057	  240.748962  
	1535	  102.386299	  32.626839	  304.792450  
	1537	  47.844215	  114.068138	  289.062073  
	1539	  247.841843	  65.008133	  193.191223  
	1541	  262.143188	  114.470787	  217.339844  
	1542	  208.544861	  87.655746	  260.634735  
	1546	  127.751213	  130.680878	  205.440002  
	1547	  119.188553	  165.827820	  181.119308  
	1561	  115.654037	  22.630531	  228.964294  
	1566	  188.319000	  101.468246	  201.623230  
	1567	  125.768997	  57.819031	  235.261749  
	1573	  266.157928	  138.588684	  108.470940  
	1574	  73.967819	  240.176956	  167.404938  
	1578	  182.434235	  23.147781	  252.468002  
	1579	  134.639725	  46.474335	  -0.252822  
	1580	  139.067917	  218.550339	  130.994553  
	1585	  216.571640	  187.635590	  121.380974  
	1586	  148.778076	  210.752075	  231.602417  
	1588	  218.639114	  249.218964	  186.333588  
	1592	  87.352051	  131.742340	  142.989517  
	1596	  225.860962	  200.531143	  201.248337  
	1607	  27.995102	  124.467194	  226.048935  
	1617	  62.072571	  245.517502	  399.418884  
	1619	  137.952591	  31.831306	  295.200653  
	1622	  157.075943	  91.925362	  171.726578  
	1631	  131.521179	  189.687164	  460.484680  
	1632	  217.754654	  243.812851	  269.907837  
	1634	  127.526390	  51.125507	  133.283310  
	1635	  214.402252	  167.749893	  364.358734  
	1637	  247.940125	  226.652420	  345.453583  
	1646	  58.586212	  216.039566	  284.098053  
	1648	  119.584061	  253.780167	  338.112000  
	1651	  102.111931	  51.338760	  77.455399  
	1652	  103.491837	  171.973953	  236.989532  
	1655	  113.599022	  92.222046	  37.455166  
	1656	  244.917679	  218.874741	  28.439089  
	1660	  110.730568	  35.725021	  299.644318  
	1665	  274.174561	  107.666748	  215.650604  
	1666	  202.144653	  73.401726	  262.036163  
	1668	  135.458282	  138.610046	  195.294449  
	1669	  134.069687	  154.656235	  177.020905  
	1671	  177.100296	  171.442368	  196.044708  
	1681	  121.205421	  36.445580	  221.511169  
	1684	  139.512405	  57.909454	  229.195816  
	1687	  73.717957	  66.663063	  146.887863  
	1693	  146.221527	  49.144196	  -0.314016  
	1699	  208.877640	  256.750214	  177.431732  
	1709	  230.550552	  127.515053	  130.066147  
	1712	  158.833054	  184.083359	  207.708832  
	1714	  155.208237	  158.689713	  237.016235  
	1718	  66.544586	  52.781860	  226.008072  
	1719	  101.266113	  240.222443	  152.622467  
	1727	  94.051369	  73.368225	  39.037758  
	1729	  183.364929	  233.545929	  133.780457  
	1735	  230.929871	  155.213684	  256.057800  
	1748	  189.706619	  25.641846	  383.992676  
	1750	  131.018387	  27.378922	  289.250153  
	1752	  164.057388	  93.675735	  157.126648  
	1753	  93.142654	  219.975266	  292.141266  
	1758	  122.748833	  201.414215	  202.765366  
	1762	  225.782349	  243.963394	  262.026398  
	1764	  201.685974	  166.715469	  357.709991  
	1766	  250.733643	  219.746323	  334.692322  
	1771	  182.076324	  63.418243	  413.360077  
	1774	  253.426331	  69.407562	  152.948776  
	1777	  93.267860	  165.321472	  228.677536  
	1782	  171.970886	  215.589722	  108.482918  
	1785	  23.090294	  101.275810	  209.026505  
	1789	  140.752014	  147.506729	  174.523071  
	1800	  125.491493	  47.975418	  210.842056  
	1814	  196.796173	  265.902252	  164.845551  
	1819	  239.514175	  113.143211	  176.516037  
	1824	  235.327454	  116.657883	  121.895714  
	1833	  164.256989	  41.368423	  178.810410  
	1846	  156.100769	  36.782990	  196.446304  
	1849	  243.727768	  59.667099	  116.022591  
	1850	  61.727135	  247.017792	  202.340103  
	1885	  189.442535	  26.655594	  367.417267  
	1887	  124.102119	  23.819412	  280.975861  
	1889	  170.754684	  94.719681	  144.141724  
	1894	  126.455795	  195.690292	  193.452728  
	1901	  250.055435	  216.161911	  322.792175  
	1902	  97.808304	  195.575989	  451.124878  
	1911	  86.356636	  160.136963	  216.018982  
	1917	  65.764679	  121.076225	  279.360199  
	1918	  144.019638	  294.371490	  161.387482  
	1919	  29.899673	  97.985931	  199.404099  
	1921	  146.510056	  147.735428	  157.776581  
	1923	  177.799561	  181.932327	  163.562271  
	1936	  66.846832	  98.988052	  92.499298  
	1945	  249.374237	  105.026047	  164.185654  
	1949	  246.070618	  107.770767	  118.734169  
	1958	  93.841393	  84.584793	  48.997345  
	1961	  41.915619	  111.811462	  86.483017  
	1968	  102.108261	  117.711205	  111.293480  
	1970	  268.389069	  114.805099	  90.220398  
	1972	  85.770622	  153.876999	  99.208351  
	1976	  169.894363	  135.084686	  121.315804  
	1977	  144.258499	  243.994797	  165.069305  
	1984	  95.644981	  151.180145	  78.703423  
	1991	  278.350891	  117.017502	  87.368034  
	2019	  24.966957	  135.432892	  85.848305  
	2022	  147.796158	  279.195770	  50.070339  
	2023	  76.501892	  53.214325	  405.462830  
	2024	  116.815079	  21.383698	  267.487701  
	2029	  191.759155	  67.609207	  312.164185  
	2033	  132.333282	  175.522263	  446.627350  
	2037	  244.861099	  214.312927	  311.016022  
	2040	  178.218597	  51.248505	  392.670929  
	2044	  83.597816	  154.583954	  200.566620  
	2047	  124.410896	  40.364883	  280.994385  
	2049	  71.368423	  122.202438	  270.195740  
	2056	  152.439621	  52.373741	  206.866104  
	2067	  258.014252	  105.690025	  155.174454  
	2071	  161.946609	  187.891647	  159.161652  
	2075	  56.418900	  180.845932	  124.783424  
	2081	  264.279846	  149.617432	  89.881294  
	2095	  164.771667	  278.526886	  118.822311  
	2106	  154.469955	  282.774414	  210.480804  
	2108	  222.522827	  87.494247	  159.651703  
	2109	  80.212944	  129.216919	  176.689606  
	2119	  101.109650	  197.895874	  163.607147  
	2121	  109.829948	  194.896011	  99.351898  
	2125	  252.692093	  182.745255	  250.291336  
	2127	  89.596100	  224.485641	  169.927612  
	2151	  141.702698	  290.228271	  66.576210  
	2153	  238.515366	  241.677444	  257.692017  
	2157	  100.491379	  258.704773	  377.224792  
	2158	  95.713058	  240.239716	  314.018402  
	2159	  132.525955	  172.402496	  431.135376  
	2161	  177.990723	  186.301285	  365.956787  
	2162	  104.311745	  204.884186	  431.563690  
	2164	  177.288986	  48.604607	  376.749298  
	2167	  80.850105	  153.994553	  184.184052  
	2170	  127.770912	  40.811165	  266.618744  
	2171	  168.685318	  246.538040	  112.933121  
	2172	  72.886719	  121.905586	  254.183380  
	2179	  173.130005	  70.498459	  0.059565  
	2200	  145.562439	  254.723465	  148.010818  
	2202	  264.062073	  71.581841	  156.932800  
	2209	  155.740997	  284.383575	  197.748688  
	2220	  254.983566	  184.297714	  238.602615  
	2222	  225.549377	  246.944412	  41.277267  
	2225	  278.733612	  133.330719	  188.769150  
	2228	  248.503876	  202.888275	  30.417849  
	2234	  80.717964	  68.544197	  38.710560  
	2239	  41.728218	  127.378090	  108.420319  
	2248	  187.789520	  156.662140	  215.424881  
	2249	  156.260040	  274.873657	  44.524803  
	2253	  90.120117	  74.603828	  81.199440  
	2256	  95.912941	  214.996216	  163.070541  
	2257	  103.801216	  124.549591	  102.061829  
	2262	  104.200272	  87.013756	  122.067581  
	2271	  264.951630	  70.346657	  75.712364  
	2272	  86.350182	  49.580826	  392.655365  
	2274	  192.269455	  97.611122	  129.909897  
	2278	  133.437500	  172.945969	  414.519226  
	2280	  185.763184	  190.851074	  355.892731  
	2282	  176.178589	  49.090195	  360.143463  
	2284	  126.884262	  38.979935	  252.105240  
	2285	  165.521469	  255.125046	  117.108177  
	2286	  76.322205	  119.449219	  240.895050  
	2288	  173.985138	  274.802948	  50.032207  
	2302	  142.885620	  258.194458	  138.873703  
	2307	  198.447159	  188.988861	  88.571747  
	2308	  153.205826	  283.313232	  184.588425  
	2312	  111.844955	  169.601669	  91.832939  
	2328	  52.874481	  144.124847	  140.961349  
	2334	  153.010086	  236.799515	  58.307808  
	2339	  88.150848	  84.005646	  85.057266  
	2352	  175.661469	  50.357376	  181.766907  
	2366	  135.326004	  257.463898	  119.649734  
	2382	  85.852470	  102.084595	  87.283325  
	2385	  89.271614	  48.161972	  376.849915  
	2389	  110.424812	  260.560089	  359.163269  
	2390	  134.089722	  172.671844	  397.884277  
	2393	  176.080353	  49.151161	  343.493866  
	2394	  129.633850	  36.734116	  237.265610  
	2396	  133.085556	  88.275452	  222.169052  
	2397	  55.164890	  55.276440	  57.042927  
	2403	  255.060410	  66.594734	  132.027512  
	2410	  252.120102	  188.220810	  51.043224  
	2412	  239.270767	  159.750290	  185.503250  
	2415	  98.623123	  202.451904	  51.940037  
	2424	  100.839630	  143.835754	  105.883705  
	2426	  103.050301	  96.840904	  119.557564  
	2429	  238.808685	  94.505867	  95.750679  
	2442	  211.219849	  95.406052	  150.613449  
	2443	  51.220764	  71.831406	  105.026131  
	2444	  196.642944	  76.526283	  65.521683  
	2449	  186.350296	  27.217958	  32.093742  
	2455	  75.341675	  237.079575	  155.492813  
	2461	  76.985031	  50.934578	  138.807770  
	2465	  159.658447	  60.378700	  -0.053444  
	2467	  100.759079	  56.448963	  16.913250  
	2471	  203.131683	  190.236832	  226.344666  
	2483	  157.046661	  149.178680	  129.665009  
	2485	  249.507874	  72.222603	  88.866745  
	2487	  240.268555	  74.218002	  92.827950  
	2488	  136.370056	  172.168716	  381.398834  
	2490	  175.892670	  50.979416	  326.945618  
	2491	  132.930176	  31.690620	  221.744019  
	2500	  225.545410	  166.786545	  186.210999  
	2502	  97.854309	  192.672836	  65.181992  
	2503	  143.355103	  251.833679	  84.535400  
	2505	  110.014763	  130.324265	  103.854675  
	2507	  230.944153	  86.241882	  95.450859  
	2513	  43.877625	  96.211578	  142.486023  
	2518	  115.905525	  50.060463	  132.471939  
	2529	  134.385773	  251.220016	  105.528282  
	2537	  275.894348	  213.953415	  163.642059  
	2545	  192.057404	  126.179039	  116.373741  
	2555	  166.816193	  31.815834	  202.863388  
	2567	  174.501480	  50.259140	  310.369476  
	2568	  136.247925	  25.523087	  207.973022  
	2576	  197.760880	  113.904884	  115.005478  
	2583	  133.575943	  100.059860	  90.169861  
	2597	  107.945465	  153.861145	  135.258057  
	2613	  176.895035	  95.089211	  126.637138  
	2623	  244.857330	  202.840668	  84.217110  
	2624	  223.118088	  211.871872	  185.087936  
	2626	  59.222626	  209.207184	  134.011749  
	2633	  175.111145	  52.319946	  293.899933  
	2644	  69.843697	  132.216232	  127.196274  
	2659	  65.289261	  54.020355	  154.955154  
	2663	  85.021523	  164.998688	  67.809715  
	2668	  68.037651	  166.295090	  131.924881  
	2683	  129.787888	  173.613785	  146.229385  
	2684	  276.328369	  132.593765	  110.745552  
	2687	  192.709671	  81.841949	  24.191339  
	2690	  173.465363	  50.841217	  280.164551  
	2695	  140.404724	  107.912292	  93.982712  
	2702	  61.385376	  172.334961	  126.697250  
	2723	  200.667831	  86.527725	  90.682770  
	2739	  158.050690	  95.382843	  109.847122  
	2742	  236.860703	  109.184044	  161.661743  
	2746	  258.264984	  109.920891	  92.556107  
	2767	  248.396881	  102.373222	  93.478882  
	2773	  132.648193	  224.270477	  116.230721  
	2776	  131.890045	  235.199692	  106.726189  
	2807	  54.546654	  241.993591	  36.118462  
	2833	  56.377403	  232.314270	  48.636539  
	2840	  81.782707	  169.205460	  78.862923  
	2841	  144.807693	  243.702301	  70.623993  
	2843	  203.449051	  163.417267	  150.269531  
	2850	  125.705330	  87.804634	  37.686523  
	2856	  119.699173	  128.887787	  96.549744  
	2865	  105.448753	  206.268234	  97.945526  
	2870	  231.164490	  182.461731	  86.785522  
	2888	  188.677750	  196.702148	  67.355988  
	2896	  95.359283	  218.677643	  106.991325  
	2899	  156.471725	  226.256149	  50.942738  
	2920	  196.288696	  216.892410	  123.232262  
	2929	  65.159065	  214.466736	  142.150543  
	2930	  23.024567	  222.119904	  127.941559  
	2950	  78.030090	  224.086197	  121.381935  
	2953	  195.793808	  204.212799	  121.178925  
	2955	  162.719040	  72.726166	  66.809448  
	2958	  191.589783	  190.908646	  127.318672  
	2982	  238.346344	  181.015686	  116.759308  
	2983	  209.656006	  202.501160	  168.364853  
	2984	  258.594849	  171.555405	  196.584244  
	2985	  241.621735	  207.890213	  248.804367  
	2987	  203.579239	  47.497444	  124.236610  
	2988	  250.292999	  93.200714	  137.066116  
	2989	  278.289917	  153.625427	  137.831177  
	2990	  36.996185	  217.384705	  132.582397  
	2991	  168.654419	  18.280195	  121.945656  
   2  total number of boundary nodes
node bctyp press/flow   HD    PO2
	1	  0	  100.000000	  0.400000	  100.000000
	14	  0	  20.000000	  0.400000	  18.000000

