315559 200 10.000020 Current network file generated by angioadapt
  300.000000  300.000000  500.000000	box dimensions in microns
  15    15    25 	number of tissue points in x,y,z directions
  0.000000			outer bound distance (100. in test case)
  75.000000				max. segment length.  (5. in test case)
   40				nodsegm, max. number of segments per node
  781				total number of segments 
  name type from  to  diam       flow
	1	  4	  1	  2	  7.000000	  58.603874	  0.400000  
	2	  3	  2	  3	  10.031878	  58.603874	  0.400000  
	3	  5	  3	  991	  10.296705	  54.783642	  0.426939  
	4	  5	  991	  146	  9.012341	  28.728264	  0.372082  
	5	  5	  5	  26	  9.119801	  21.635612	  0.415440  
	7	  5	  7	  620	  6.293810	  1.857162	  0.121794  
	8	  5	  620	  529	  10.550847	  10.243311	  0.671931  
	10	  5	  10	  34	  7.192133	  0.841830	  0.710761  
	12	  5	  3	  13	  3.388957	  3.820230	  0.013684  
	13	  5	  13	  16	  4.188221	  3.820230	  0.013684  
	14	  4	  14	  15	  16.000000	  -58.603874	  0.400000  
	15	  3	  15	  16	  12.293054	  -58.603874	  0.400000  
	16	  5	  16	  113	  12.302916	  -54.783642	  0.426939  
	17	  5	  113	  640	  12.002058	  -49.102646	  0.442963  
	19	  5	  185	  48	  9.970505	  -19.740685	  0.476021  
	21	  5	  21	  734	  8.233310	  -5.498946	  0.457994  
	25	  5	  26	  51	  9.183571	  18.830248	  0.454190  
	29	  5	  26	  30	  3.746705	  2.805364	  0.155346  
	33	  5	  34	  548	  6.906055	  0.635987	  0.742123  
	35	  5	  48	  371	  8.837389	  -11.330025	  0.430396  
	36	  5	  371	  21	  8.045021	  -5.498946	  0.457994  
	39	  5	  30	  40	  4.065001	  2.805364	  0.155346  
	40	  5	  966	  1829	  5.126666	  -0.375150	  0.733708  
	44	  5	  88	  59	  6.743165	  2.075512	  0.616014  
	45	  5	  34	  46	  3.863404	  0.143822	  0.695684  
	46	  5	  309	  548	  4.347646	  -0.180573	  0.644534  
	48	  5	  371	  143	  6.017065	  -2.520422	  0.433181  
	49	  5	  461	  7	  5.881638	  1.857162	  0.121794  
	50	  5	  51	  461	  9.147693	  14.574981	  0.491875  
	53	  5	  40	  54	  4.284882	  2.805364	  0.155346  
	54	  5	  1829	  1182	  3.917279	  -0.122758	  0.518881  
	57	  5	  991	  58	  5.629211	  7.180426	  0.144774  
	61	  5	  48	  99	  6.567781	  -2.675246	  0.812928  
	63	  5	  461	  64	  5.234015	  2.776755	  0.214351  
	64	  5	  51	  65	  5.225568	  4.255268	  0.325110  
	67	  5	  54	  68	  4.425121	  2.805364	  0.155346  
	71	  5	  58	  233	  5.936425	  7.180426	  0.144774  
	72	  5	  59	  1765	  7.036806	  2.075512	  0.616014  
	76	  5	  143	  1081	  5.613512	  -1.386227	  0.589096  
	77	  5	  64	  78	  5.462862	  2.776755	  0.214351  
	78	  5	  65	  79	  5.454569	  4.255268	  0.325110  
	83	  5	  461	  619	  5.520765	  3.233057	  0.494529  
	90	  5	  68	  91	  4.559163	  2.805364	  0.155346  
	100	  5	  78	  305	  5.704737	  2.776755	  0.214351  
	101	  5	  79	  102	  5.646126	  4.255268	  0.325110  
	110	  5	  88	  110	  7.120387	  1.636554	  0.723928  
	111	  5	  10	  1065	  3.508703	  0.080807	  0.534790  
	112	  5	  10	  112	  5.973203	  0.348683	  0.799753  
	118	  5	  146	  5	  8.958570	  21.635612	  0.415440  
	119	  5	  91	  119	  4.681222	  2.805364	  0.155346  
	126	  5	  1767	  126	  4.054682	  -0.149306	  0.361735  
	127	  5	  99	  726	  6.369551	  -3.135824	  0.794693  
	130	  5	  102	  130	  4.265991	  2.735486	  0.397801  
	135	  5	  619	  359	  4.458957	  1.613410	  0.549582  
	138	  5	  110	  540	  3.449051	  0.128516	  0.238114  
	139	  5	  1065	  1423	  6.733614	  1.220168	  0.824213  
	140	  5	  112	  140	  6.272766	  0.348683	  0.799753  
	141	  5	  113	  141	  7.078961	  -5.680996	  0.288442  
	150	  5	  99	  150	  3.711074	  -0.184629	  0.198605  
	152	  5	  119	  152	  4.784376	  2.805364	  0.155346  
	153	  5	  514	  1124	  5.567347	  -1.303952	  0.789892  
	158	  5	  249	  158	  3.903621	  0.385975	  0.298211  
	161	  5	  1081	  161	  5.233575	  -0.463224	  0.679155  
	162	  5	  305	  162	  5.867158	  2.776755	  0.214351  
	163	  5	  130	  163	  4.540714	  2.735486	  0.397801  
	173	  5	  140	  1674	  6.680294	  0.348683	  0.799753  
	174	  5	  141	  174	  7.128294	  -5.680996	  0.288442  
	176	  5	  143	  176	  4.846213	  -1.134195	  0.242618  
	179	  5	  146	  179	  6.202097	  7.092651	  0.239821  
	183	  5	  150	  183	  3.686893	  -0.184629	  0.198605  
	187	  5	  966	  187	  5.244550	  -1.053991	  0.273506  
	191	  5	  110	  448	  6.172624	  1.044814	  0.803535  
	194	  5	  194	  10	  8.119172	  1.271319	  0.723984  
	197	  5	  152	  628	  4.913986	  2.805364	  0.155346  
	198	  5	  1124	  198	  4.407121	  0.375988	  0.499566  
	204	  5	  126	  1187	  3.776334	  -0.149306	  0.361735  
	205	  5	  726	  370	  6.807946	  -3.347127	  0.758098  
	206	  5	  161	  206	  5.169306	  -0.463224	  0.679155  
	207	  5	  162	  207	  5.969936	  2.776755	  0.214351  
	215	  5	  540	  1124	  3.747016	  0.128516	  0.238114  
	218	  5	  174	  218	  7.170307	  -5.680996	  0.288442  
	220	  5	  176	  630	  4.837478	  -1.134195	  0.242618  
	223	  5	  179	  223	  6.437715	  7.092651	  0.239821  
	227	  5	  183	  524	  3.572727	  -0.184629	  0.198605  
	229	  5	  185	  284	  8.642210	  -6.897920	  0.516898  
	231	  5	  187	  231	  3.803634	  -0.324719	  0.201332  
	234	  5	  1021	  234	  5.105678	  2.089754	  0.473760  
	237	  5	  991	  237	  3.517188	  2.160823	  0.194341  
	239	  5	  194	  239	  6.094246	  0.902509	  0.734125  
	240	  5	  48	  240	  6.987585	  -5.735413	  0.409004  
	252	  5	  628	  252	  7.544507	  5.237004	  0.347676  
	260	  5	  370	  1189	  6.609342	  -3.347127	  0.758098  
	261	  5	  206	  261	  5.088626	  -0.463224	  0.679155  
	262	  5	  207	  262	  6.062187	  2.776755	  0.214351  
	263	  5	  163	  2058	  6.127705	  3.822854	  0.350991  
	266	  5	  881	  266	  3.458676	  -0.575480	  0.010127  
	267	  5	  212	  527	  5.166224	  2.858288	  0.409751  
	268	  5	  1885	  1144	  4.378324	  0.130321	  0.650888  
	273	  5	  218	  273	  7.205460	  -5.680996	  0.288442  
	276	  5	  1021	  276	  11.452571	  -16.714130	  0.672517  
	278	  5	  223	  278	  6.611351	  7.092651	  0.239821  
	279	  5	  224	  279	  3.649483	  1.080854	  0.031544  
	282	  5	  524	  1489	  3.990370	  0.274680	  0.297188  
	286	  5	  231	  286	  3.810475	  -0.324719	  0.201332  
	288	  5	  233	  528	  6.447855	  7.180426	  0.144774  
	289	  5	  234	  289	  5.368184	  2.089754	  0.473760  
	292	  5	  237	  399	  4.115797	  2.160823	  0.194341  
	293	  5	  238	  293	  6.615767	  2.323973	  0.616372  
	294	  5	  239	  1187	  6.349389	  0.902509	  0.734125  
	295	  5	  240	  295	  6.288091	  -3.787601	  0.335149  
	298	  5	  99	  1275	  4.499905	  0.645207	  0.548510  
	305	  5	  249	  634	  3.247652	  0.172332	  0.391319  
	310	  5	  88	  379	  8.653358	  2.173828	  0.728194  
	312	  5	  309	  2151	  4.638176	  0.180573	  0.644534  
	313	  5	  252	  321	  7.499211	  5.237004	  0.347676  
	314	  5	  198	  311	  4.565889	  0.375988	  0.499566  
	319	  5	  158	  1528	  4.052203	  0.385975	  0.298211  
	320	  5	  1187	  317	  3.555363	  0.122758	  0.518881  
	322	  5	  261	  319	  4.955197	  -0.463224	  0.679155  
	323	  5	  262	  1188	  3.509754	  0.725228	  0.100264  
	324	  5	  2058	  321	  7.342933	  9.009137	  0.342489  
	327	  5	  266	  324	  3.420776	  -0.575480	  0.010127  
	334	  5	  273	  2202	  7.249573	  -5.680996	  0.288442  
	337	  5	  276	  334	  11.309155	  -16.714130	  0.672517  
	339	  5	  278	  336	  6.750616	  7.092651	  0.239821  
	340	  5	  279	  405	  3.667052	  1.080854	  0.031544  
	347	  5	  286	  344	  3.804722	  -0.324719	  0.201332  
	348	  5	  1275	  345	  6.615180	  1.719314	  0.597030  
	350	  5	  289	  494	  5.606022	  2.089754	  0.473760  
	354	  5	  293	  351	  6.826567	  2.323973	  0.616372  
	355	  5	  1187	  352	  4.153089	  0.252392	  0.838195  
	356	  5	  295	  405	  3.862897	  -1.080854	  0.031544  
	367	  5	  734	  363	  4.646481	  -0.964159	  0.278872  
	377	  5	  212	  373	  5.339649	  -2.858288	  0.409751  
	382	  5	  529	  88	  9.812094	  5.885895	  0.687450  
	383	  5	  379	  194	  8.826204	  2.173828	  0.728194  
	384	  5	  321	  380	  8.975882	  14.246141	  0.344396  
	385	  5	  311	  381	  4.626661	  0.375988	  0.499566  
	390	  5	  1528	  386	  4.817733	  0.499287	  0.315735  
	393	  5	  319	  110	  4.666821	  -0.463224	  0.679155  
	398	  5	  324	  392	  3.375285	  -0.575480	  0.010127  
	400	  5	  1144	  394	  3.722435	  -0.385587	  0.052067  
	403	  5	  1081	  742	  4.499448	  0.459309	  0.257560  
	404	  5	  2131	  1814	  7.981419	  0.511761	  0.935730  
	405	  5	  2202	  399	  4.373426	  -2.160823	  0.194341  
	408	  5	  334	  402	  11.225159	  -16.714130	  0.672517  
	409	  5	  1821	  403	  4.672163	  0.176308	  0.849209  
	410	  5	  336	  404	  6.865345	  7.092651	  0.239821  
	416	  5	  342	  572	  6.197233	  -1.977644	  0.529740  
	418	  5	  344	  1772	  3.776335	  -0.324719	  0.201332  
	419	  5	  345	  1247	  6.514981	  1.719314	  0.597030  
	422	  5	  290	  416	  5.558681	  0.947819	  0.844546  
	425	  5	  351	  419	  7.004305	  2.323973	  0.616372  
	426	  5	  352	  420	  4.352232	  0.252392	  0.838195  
	433	  5	  359	  427	  5.398270	  1.613410	  0.549582  
	437	  5	  363	  431	  4.646797	  -0.964159	  0.278872  
	439	  5	  1765	  594	  4.601880	  0.323893	  0.254666  
	445	  5	  371	  438	  6.686903	  -2.534507	  0.326534  
	447	  5	  373	  440	  5.274330	  -2.858288	  0.409751  
	460	  5	  284	  441	  6.004943	  -1.430445	  0.760176  
	465	  5	  342	  284	  5.369526	  1.977644	  0.529740  
	468	  5	  534	  185	  10.754182	  -26.638605	  0.486606  
	469	  5	  620	  1021	  11.607788	  -13.242064	  0.727241  
	470	  5	  461	  238	  6.260314	  2.323973	  0.616372  
	471	  5	  380	  462	  8.920341	  14.246141	  0.344396  
	472	  5	  381	  463	  4.662567	  0.375988	  0.499566  
	477	  5	  386	  187	  5.260991	  0.729272	  0.305643  
	478	  5	  317	  1182	  3.844947	  0.122758	  0.518881  
	483	  5	  392	  473	  3.308308	  -0.575480	  0.010127  
	485	  5	  394	  475	  3.759296	  -0.385587	  0.052067  
	493	  5	  402	  482	  11.129889	  -16.714130	  0.672517  
	494	  5	  403	  483	  4.712797	  0.176308	  0.849209  
	495	  5	  404	  1012	  7.040731	  7.092651	  0.239821  
	502	  5	  441	  490	  5.196377	  -0.822842	  0.806212  
	504	  5	  1247	  492	  5.628132	  -0.712326	  0.503275  
	505	  5	  414	  493	  6.708529	  7.180426	  0.144774  
	508	  5	  417	  496	  4.569129	  -0.106428	  0.740110  
	510	  5	  419	  498	  7.151654	  2.323973	  0.616372  
	518	  5	  427	  505	  5.525774	  1.613410	  0.549582  
	522	  5	  431	  509	  4.637942	  -0.964159	  0.278872  
	523	  5	  2033	  1198	  5.552426	  -0.236630	  0.605956  
	529	  5	  438	  599	  6.774580	  -2.534507	  0.326534  
	531	  5	  440	  518	  6.219679	  -3.717507	  0.341855  
	532	  5	  441	  602	  5.088348	  -0.607603	  0.697831  
	534	  5	  1614	  520	  4.096330	  0.043371	  0.376119  
	535	  5	  461	  521	  7.263263	  2.981869	  0.762810  
	536	  5	  594	  605	  3.536148	  0.173234	  0.298868  
	540	  5	  448	  290	  6.552421	  1.044814	  0.803535  
	560	  5	  461	  881	  4.208363	  1.402164	  0.743001  
	564	  5	  462	  545	  8.874209	  14.246141	  0.344396  
	565	  5	  463	  546	  4.685069	  0.375988	  0.499566  
	566	  5	  728	  1281	  5.763996	  1.212276	  0.730594  
	575	  5	  473	  650	  3.110439	  -0.575480	  0.010127  
	577	  5	  475	  558	  3.782567	  -0.385587	  0.052067  
	578	  5	  476	  653	  3.896219	  -0.113312	  0.375428  
	579	  5	  1456	  560	  5.470725	  0.607603	  0.697831  
	584	  5	  482	  565	  11.025615	  -16.714130	  0.672517  
	585	  5	  483	  566	  4.742901	  0.176308	  0.849209  
	587	  5	  599	  768	  6.402958	  -2.534507	  0.326534  
	592	  5	  490	  573	  5.148934	  -0.822842	  0.806212  
	595	  5	  493	  576	  6.792310	  7.180426	  0.144774  
	596	  5	  494	  577	  5.837177	  -1.161320	  0.507185  
	598	  5	  496	  1422	  4.629502	  -0.106428	  0.740110  
	600	  5	  498	  674	  7.337847	  2.323973	  0.616372  
	607	  5	  505	  588	  5.638941	  1.613410	  0.549582  
	610	  5	  611	  591	  6.790957	  1.858611	  0.504419  
	611	  5	  509	  592	  4.618719	  -0.964159	  0.278872  
	614	  5	  1423	  216	  8.345008	  1.146042	  0.854004  
	617	  5	  515	  1733	  4.120568	  -1.060353	  0.113086  
	620	  5	  518	  601	  6.157053	  -3.717507	  0.341855  
	622	  5	  520	  603	  4.067283	  0.043371	  0.376119  
	623	  5	  521	  840	  7.966248	  2.981869	  0.762810  
	625	  5	  524	  742	  4.813309	  -0.459309	  0.257560  
	626	  5	  290	  941	  3.754446	  0.096995	  0.402782  
	628	  5	  527	  702	  5.980885	  2.858288	  0.409751  
	630	  5	  529	  611	  9.028463	  4.357417	  0.650967  
	632	  5	  1081	  612	  5.204137	  -1.382312	  0.448756  
	635	  5	  534	  615	  8.994461	  -8.217901	  0.472361  
	636	  5	  966	  703	  5.100842	  -0.555322	  0.292085  
	645	  5	  371	  623	  5.093565	  -0.776150	  0.564980  
	652	  5	  240	  629	  5.309939	  -1.947813	  0.552618  
	654	  5	  1456	  717	  5.000817	  -0.607603	  0.697831  
	662	  5	  734	  2059	  7.917794	  -3.947497	  0.510792  
	663	  5	  545	  640	  8.824452	  14.246141	  0.344396  
	664	  5	  546	  641	  4.691529	  0.375988	  0.499566  
	666	  5	  548	  643	  6.020386	  0.455414	  0.780818  
	670	  5	  850	  682	  3.478155	  -0.184800	  0.287637  
	671	  5	  553	  1316	  4.719509	  1.184070	  0.313109  
	676	  5	  558	  652	  3.799474	  -0.385587	  0.052067  
	678	  5	  560	  968	  5.562171	  0.607603	  0.697831  
	680	  5	  562	  1424	  5.624428	  0.468748	  0.949426  
	683	  5	  565	  658	  10.912757	  -16.714130	  0.672517  
	685	  5	  1012	  660	  4.958443	  1.972350	  0.113966  
	690	  5	  572	  665	  6.223708	  -1.977644	  0.529740  
	691	  5	  573	  1249	  5.096189	  -0.822842	  0.806212  
	692	  5	  1145	  667	  3.801878	  -0.229986	  0.283733  
	693	  5	  492	  668	  5.689520	  -0.712326	  0.503275  
	694	  5	  576	  669	  6.868272	  7.180426	  0.144774  
	695	  5	  577	  670	  5.799105	  -1.161320	  0.507185  
	706	  5	  588	  679	  5.726403	  1.613410	  0.549582  
	709	  5	  591	  682	  4.136930	  0.449513	  0.341134  
	710	  5	  592	  683	  4.587437	  -0.964159	  0.278872  
	712	  5	  594	  685	  3.909210	  0.150658	  0.203840  
	716	  5	  1733	  688	  5.859516	  2.040763	  0.187232  
	719	  5	  601	  690	  6.084724	  -3.717507	  0.341855  
	720	  5	  602	  691	  5.123933	  -0.607603	  0.697831  
	721	  5	  603	  692	  4.024779	  0.043371	  0.376119  
	723	  5	  605	  797	  3.686909	  0.173234	  0.298868  
	726	  5	  2071	  800	  4.800261	  -0.360728	  0.598554  
	727	  5	  702	  698	  8.749925	  -5.359613	  0.505751  
	730	  5	  612	  700	  5.100238	  -1.382312	  0.448756  
	733	  5	  615	  702	  9.070638	  -8.217901	  0.472361  
	737	  5	  619	  706	  5.472823	  1.619647	  0.439687  
	738	  5	  620	  936	  7.640303	  4.855915	  0.612360  
	741	  5	  623	  709	  5.110127	  -0.776150	  0.564980  
	746	  5	  628	  714	  7.746481	  -2.431640	  0.569565  
	747	  5	  629	  715	  5.277235	  -1.947813	  0.552618  
	748	  5	  630	  716	  4.778371	  -1.134195	  0.242618  
	752	  5	  634	  2090	  3.552352	  0.172332	  0.391319  
	754	  5	  515	  722	  4.201518	  1.060353	  0.113086  
	764	  5	  262	  732	  6.236876	  2.051528	  0.254681  
	780	  5	  640	  534	  11.507689	  -34.856506	  0.483248  
	782	  5	  641	  938	  4.682577	  0.375988	  0.499566  
	784	  5	  643	  750	  3.935765	  0.130321	  0.650888  
	787	  5	  682	  753	  3.928282	  0.264713	  0.378480  
	793	  5	  652	  759	  3.806179	  -0.385587	  0.052067  
	794	  5	  653	  760	  3.860847	  -0.113312	  0.375428  
	795	  5	  968	  761	  5.621817	  0.607603	  0.697831  
	799	  5	  658	  765	  10.785954	  -16.714130	  0.672517  
	800	  5	  566	  1526	  4.763459	  0.176308	  0.849209  
	801	  5	  660	  767	  5.127257	  1.972350	  0.113966  
	806	  5	  665	  771	  6.228986	  -1.977644	  0.529740  
	808	  5	  667	  611	  3.490309	  -0.229986	  0.283733  
	809	  5	  668	  773	  5.739380	  -0.712326	  0.503275  
	810	  5	  669	  884	  6.969447	  7.180426	  0.144774  
	811	  5	  670	  775	  5.749008	  -1.161320	  0.507185  
	815	  5	  674	  779	  7.478629	  2.323973	  0.616372  
	820	  5	  679	  783	  5.795105	  1.613410	  0.549582  
	824	  5	  683	  894	  4.531714	  -0.964159	  0.278872  
	826	  5	  685	  788	  4.040825	  0.150658	  0.203840  
	827	  5	  216	  1119	  4.615894	  -0.150658	  0.203840  
	828	  5	  514	  295	  6.155190	  1.303952	  0.789892  
	829	  5	  688	  791	  5.906634	  2.040763	  0.187232  
	832	  5	  691	  794	  5.140807	  -0.607603	  0.697831  
	833	  5	  692	  795	  3.972236	  0.043371	  0.376119  
	839	  5	  698	  801	  8.841952	  -5.359613	  0.505751  
	841	  5	  700	  803	  4.968958	  -1.382312	  0.448756  
	844	  5	  703	  805	  5.226387	  -0.555322	  0.292085  
	847	  5	  706	  808	  5.737088	  1.619647	  0.439687  
	850	  5	  709	  810	  5.119158	  -0.776150	  0.564980  
	855	  5	  714	  814	  7.823945	  -2.431640	  0.569565  
	856	  5	  715	  494	  5.240671	  -1.947813	  0.552618  
	857	  5	  716	  816	  4.742299	  -1.134195	  0.242618  
	858	  5	  717	  923	  4.754097	  0.822842	  0.806212  
	863	  5	  722	  822	  4.243886	  1.060353	  0.113086  
	867	  5	  726	  825	  3.086831	  0.211303	  0.215003  
	873	  5	  732	  831	  6.311321	  2.051528	  0.254681  
	875	  5	  734	  938	  4.583519	  -0.375988	  0.499566  
	876	  5	  2058	  939	  4.438271	  -2.422976	  0.205371  
	894	  5	  440	  849	  3.974505	  0.859219	  0.115991  
	907	  5	  1281	  1552	  4.929732	  -1.551030	  0.232397  
	908	  5	  750	  860	  4.097456	  0.130321	  0.650888  
	911	  5	  753	  979	  4.136735	  0.264713	  0.378480  
	915	  5	  650	  867	  3.524224	  1.080854	  0.031544  
	917	  5	  759	  869	  3.803461	  -0.385587	  0.052067  
	918	  5	  760	  870	  3.809740	  -0.113312	  0.375428  
	919	  5	  761	  871	  5.662423	  0.607603	  0.697831  
	921	  5	  1424	  873	  7.550193	  0.578633	  0.913590  
	923	  5	  765	  875	  10.631802	  -16.714130	  0.672517  
	924	  5	  1526	  876	  5.829965	  0.356881	  0.745649  
	925	  5	  767	  877	  5.237622	  1.972350	  0.113966  
	926	  5	  768	  1748	  6.511546	  -2.534507	  0.326534  
	929	  5	  771	  881	  6.232186	  -1.977644	  0.529740  
	931	  5	  773	  883	  5.773123	  -0.712326	  0.503275  
	933	  5	  775	  999	  5.636666	  -1.161320	  0.507185  
	937	  5	  779	  888	  7.545445	  2.323973	  0.616372  
	941	  5	  783	  892	  5.849570	  1.613410	  0.549582  
	945	  5	  788	  1008	  4.138704	  0.150658	  0.203840  
	947	  5	  295	  898	  4.687296	  -1.402794	  0.146376  
	948	  5	  791	  899	  5.955411	  2.040763	  0.187232  
	950	  5	  690	  901	  6.425308	  -5.120301	  0.288300  
	951	  5	  794	  987	  5.153765	  -0.607603	  0.697831  
	952	  5	  795	  1271	  3.902406	  0.043371	  0.376119  
	953	  5	  840	  904	  5.780842	  1.551424	  0.765239  
	957	  5	  800	  908	  4.836973	  -0.360728	  0.598554  
	958	  5	  801	  1863	  8.924047	  -5.359613	  0.505751  
	960	  5	  803	  911	  4.794117	  -1.382312	  0.448756  
	962	  5	  805	  913	  5.306764	  -0.555322	  0.292085  
	965	  5	  808	  916	  5.909459	  1.619647	  0.439687  
	966	  5	  936	  917	  4.628366	  1.184070	  0.313109  
	967	  5	  810	  918	  5.118237	  -0.776150	  0.564980  
	971	  5	  814	  921	  7.896535	  -2.431640	  0.569565  
	973	  5	  816	  922	  4.681254	  -1.134195	  0.242618  
	979	  5	  822	  928	  4.268182	  1.060353	  0.113086  
	982	  5	  825	  931	  3.360450	  0.211303	  0.215003  
	987	  5	  1270	  936	  3.391214	  -0.324719	  0.201332  
	988	  5	  831	  937	  6.377081	  2.051528	  0.254681  
	991	  5	  1065	  940	  5.932187	  -1.139361	  0.844740  
	997	  5	  840	  946	  5.548273	  1.430445	  0.760176  
	1006	  5	  849	  954	  4.119822	  0.859219	  0.115991  
	1007	  5	  850	  955	  3.461258	  0.184800	  0.287637  
	1014	  5	  2071	  108	  5.465195	  -0.359526	  0.511242  
	1034	  5	  860	  977	  4.199928	  0.130321	  0.650888  
	1041	  5	  867	  983	  3.660269	  1.080854	  0.031544  
	1043	  5	  869	  985	  3.787109	  -0.385587	  0.052067  
	1044	  5	  870	  1341	  3.707788	  -0.113312	  0.375428  
	1045	  5	  871	  987	  5.679698	  0.607603	  0.697831  
	1049	  5	  875	  991	  10.451497	  -16.714130	  0.672517  
	1050	  5	  876	  992	  5.741561	  0.356881	  0.745649  
	1051	  5	  877	  993	  5.329286	  1.972350	  0.113966  
	1052	  5	  1748	  994	  6.097019	  -0.958245	  0.629056  
	1053	  5	  2095	  995	  5.453132	  1.087368	  0.233232  
	1056	  5	  883	  997	  5.805420	  -0.712326	  0.503275  
	1057	  5	  884	  998	  7.056057	  7.180426	  0.144774  
	1061	  5	  888	  1114	  7.620957	  2.323973	  0.616372  
	1065	  5	  892	  1005	  5.894478	  1.613410	  0.549582  
	1071	  5	  898	  1010	  4.701706	  -1.402794	  0.146376  
	1072	  5	  899	  1011	  6.001602	  2.040763	  0.187232  
	1074	  5	  901	  1012	  6.309088	  -5.120301	  0.288300  
	1077	  5	  904	  1015	  5.996436	  1.551424	  0.765239  
	1082	  5	  1863	  1019	  9.005266	  -5.359613	  0.505751  
	1084	  5	  911	  1021	  4.541642	  -1.382312	  0.448756  
	1086	  5	  913	  1023	  5.355649	  -0.555322	  0.292085  
	1089	  5	  916	  999	  6.060477	  1.619647	  0.439687  
	1090	  5	  917	  1027	  4.809304	  1.184070	  0.313109  
	1091	  5	  918	  1028	  5.104939	  -0.776150	  0.564980  
	1094	  5	  921	  1031	  7.968598	  -2.431640	  0.569565  
	1095	  5	  922	  1032	  4.597874	  -1.134195	  0.242618  
	1096	  5	  923	  1033	  4.923496	  0.822842	  0.806212  
	1099	  5	  2090	  1168	  4.876389	  0.316154	  0.529779  
	1101	  5	  928	  1428	  4.287638	  1.060353	  0.113086  
	1104	  5	  931	  1039	  3.526981	  0.211303	  0.215003  
	1110	  5	  937	  894	  6.454232	  2.051528	  0.254681  
	1112	  5	  939	  1045	  4.284584	  -2.422976	  0.205371  
	1113	  5	  940	  1046	  5.763922	  -1.139361	  0.844740  
	1119	  5	  946	  717	  5.714094	  1.430445	  0.760176  
	1121	  5	  1184	  1158	  4.400978	  -0.043371	  0.376119  
	1122	  5	  1489	  1054	  5.502204	  1.173142	  0.175699  
	1127	  5	  954	  1058	  4.229654	  0.859219	  0.115991  
	1128	  5	  955	  2043	  3.543075	  0.184800	  0.287637  
	1131	  5	  958	  1062	  5.750522	  -0.500781	  0.748783  
	1133	  5	  108	  1168	  5.657392	  -0.359526	  0.511242  
	1139	  5	  966	  2128	  4.428407	  -0.301923	  0.935215  
	1144	  5	  528	  414	  6.169307	  7.180426	  0.144774  
	1146	  5	  936	  1189	  7.036197	  3.347127	  0.758098  
	1168	  5	  650	  1183	  4.134089	  -1.656334	  0.024103  
	1172	  5	  1301	  1091	  5.287578	  -1.303261	  0.385685  
	1175	  5	  979	  1094	  4.229772	  0.264713	  0.378480  
	1179	  5	  983	  1097	  3.698907	  1.080854	  0.031544  
	1181	  5	  985	  1099	  3.757038	  -0.385587	  0.052067  
	1182	  5	  1341	  1674	  3.479319	  -0.113312	  0.375428  
	1188	  5	  992	  1446	  5.667965	  0.356881	  0.745649  
	1189	  5	  993	  1106	  5.404368	  1.972350	  0.113966  
	1190	  5	  994	  1107	  6.170709	  -0.958245	  0.629056  
	1191	  5	  995	  1108	  5.422483	  1.087368	  0.233232  
	1193	  5	  997	  1110	  5.833173	  -0.712326	  0.503275  
	1194	  5	  998	  1183	  7.101441	  7.180426	  0.144774  
	1204	  5	  1008	  1119	  4.182003	  0.150658	  0.203840  
	1206	  5	  1010	  1121	  4.705797	  -1.402794	  0.146376  
	1207	  5	  1011	  1122	  6.040231	  2.040763	  0.187232  
	1211	  5	  1015	  1124	  6.138131	  1.551424	  0.765239  
	1214	  5	  908	  1616	  4.058136	  -0.195716	  0.601508  
	1215	  5	  1019	  1128	  9.069230	  -5.359613	  0.505751  
	1218	  5	  1022	  1355	  3.548053	  0.039561	  0.528109  
	1219	  5	  1023	  1132	  5.396542	  -0.555322	  0.292085  
	1222	  5	  999	  1134	  4.148538	  0.458327	  0.268659  
	1223	  5	  1027	  553	  4.913345	  1.184070	  0.313109  
	1224	  5	  1028	  1136	  5.077101	  -0.776150	  0.564980  
	1227	  5	  1031	  1138	  8.036426	  -2.431640	  0.569565  
	1228	  5	  1032	  1139	  4.481105	  -1.134195	  0.242618  
	1229	  5	  1033	  1140	  5.053357	  0.822842	  0.806212  
	1233	  5	  1428	  1144	  4.960082	  -0.515908	  0.203332  
	1234	  5	  1922	  1145	  3.925309	  -0.229986	  0.283733  
	1235	  5	  1039	  1146	  3.623178	  0.211303	  0.215003  
	1241	  5	  1045	  1152	  4.190568	  -2.422976	  0.205371  
	1242	  5	  1046	  611	  5.580520	  -1.139361	  0.844740  
	1250	  5	  1054	  1159	  5.478970	  1.173142	  0.175699  
	1254	  5	  1058	  1162	  4.309730	  0.859219	  0.115991  
	1258	  5	  1062	  1166	  5.715304	  -0.500781	  0.748783  
	1274	  5	  1079	  1178	  4.395114	  0.097728	  0.726836  
	1289	  5	  417	  873	  4.519267	  0.106428	  0.740110  
	1301	  5	  591	  1297	  6.957494	  1.409099	  0.556508  
	1305	  5	  1503	  1204	  5.315552	  -0.154351	  0.707835  
	1311	  5	  1091	  1210	  5.229108	  -1.303261	  0.385685  
	1316	  5	  1616	  1215	  3.952908	  -0.195716	  0.601508  
	1317	  5	  1097	  224	  3.723098	  1.080854	  0.031544  
	1319	  5	  1099	  1217	  3.709641	  -0.385587	  0.052067  
	1325	  5	  1446	  1220	  4.926460	  -0.601364	  0.559864  
	1326	  5	  1106	  1221	  5.467700	  1.972350	  0.113966  
	1327	  5	  1107	  1222	  6.226429	  -0.958245	  0.629056  
	1328	  5	  1108	  1223	  5.396860	  1.087368	  0.233232  
	1330	  5	  1110	  1224	  5.857167	  -0.712326	  0.503275  
	1334	  5	  1114	  1464	  7.688541	  2.323973	  0.616372  
	1336	  5	  1005	  1229	  8.508192	  -3.746204	  0.486873  
	1338	  5	  1893	  1230	  4.369802	  0.149306	  0.361735  
	1341	  5	  1121	  1233	  4.701017	  -1.402794	  0.146376  
	1342	  5	  1122	  1234	  6.072257	  2.040763	  0.187232  
	1346	  5	  1430	  1237	  4.196588	  0.096995	  0.402782  
	1348	  5	  1128	  1005	  9.137598	  -5.359613	  0.505751  
	1352	  5	  1132	  1242	  5.429238	  -0.555322	  0.292085  
	1354	  5	  1134	  1244	  4.330925	  0.458327	  0.268659  
	1356	  5	  1136	  1245	  5.034172	  -0.776150	  0.564980  
	1358	  5	  1138	  1247	  8.098354	  -2.431640	  0.569565  
	1359	  5	  1139	  1248	  4.324834	  -1.134195	  0.242618  
	1360	  5	  1140	  1249	  5.137463	  0.822842	  0.806212  
	1370	  5	  894	  1257	  5.667750	  1.087368	  0.233232  
	1371	  5	  1152	  1183	  4.083386	  -2.422976	  0.205371  
	1378	  5	  1159	  1264	  5.454582	  1.173142	  0.175699  
	1381	  5	  1162	  1266	  4.371287	  0.859219	  0.115991  
	1385	  5	  1166	  1510	  5.668500	  -0.500781	  0.748783  
	1386	  5	  1830	  1270	  3.910950	  -0.324719	  0.201332  
	1387	  5	  1168	  1271	  4.025270	  -0.043371	  0.376119  
	1397	  5	  1178	  1278	  5.283541	  0.140742	  0.745066  
	1402	  5	  1183	  1283	  5.937140	  3.101116	  0.161879  
	1407	  5	  1188	  1287	  3.663735	  0.725228	  0.100264  
	1409	  5	  873	  1288	  7.767399	  0.759186	  0.835573  
	1417	  5	  1198	  1393	  5.182405	  0.149446	  0.699147  
	1420	  5	  216	  1298	  7.992953	  1.296701	  0.778464  
	1429	  5	  734	  1146	  3.464403	  -0.211303	  0.215003  
	1434	  5	  2131	  1308	  6.893550	  -0.511761	  0.935730  
	1436	  5	  386	  1310	  4.066832	  -0.229986	  0.283733  
	1456	  5	  1210	  494	  5.183688	  -1.303261	  0.385685  
	1461	  5	  1215	  1827	  3.725086	  -0.195716	  0.601508  
	1463	  5	  1217	  1333	  3.639211	  -0.385587	  0.052067  
	1464	  5	  1674	  1334	  3.830749	  0.165013	  0.595050  
	1466	  5	  1220	  1336	  4.898349	  -0.601364	  0.559864  
	1467	  5	  1221	  1337	  5.521328	  1.972350	  0.113966  
	1468	  5	  1222	  1338	  6.286376	  -0.958245	  0.629056  
	1469	  5	  1223	  1339	  5.366037	  1.087368	  0.233232  
	1470	  5	  1224	  1340	  5.874872	  -0.712326	  0.503275  
	1473	  5	  1464	  1343	  6.919653	  1.547823	  0.642143  
	1475	  5	  1229	  1345	  4.792978	  -0.859219	  0.115991  
	1476	  5	  1230	  1346	  4.376286	  0.149306	  0.361735  
	1479	  5	  1233	  1349	  4.685303	  -1.402794	  0.146376  
	1480	  5	  1234	  1963	  6.106917	  2.040763	  0.187232  
	1483	  5	  1237	  1352	  4.217454	  0.096995	  0.402782  
	1490	  5	  1244	  1358	  4.416397	  0.458327	  0.268659  
	1491	  5	  1245	  1359	  4.972365	  -0.776150	  0.564980  
	1494	  5	  1248	  102	  4.091504	  -1.134195	  0.242618  
	1501	  5	  1255	  1187	  4.683874	  -0.378053	  0.881609  
	1503	  5	  1257	  1364	  5.740903	  1.087368	  0.233232  
	1510	  5	  1264	  1370	  5.422886	  1.173142	  0.175699  
	1512	  5	  1266	  1371	  4.415325	  0.859219	  0.115991  
	1515	  5	  1510	  1374	  5.786212	  -0.190416	  0.685171  
	1521	  5	  1275	  1870	  5.889628	  -1.074107	  0.626175  
	1523	  5	  1278	  1381	  5.195467	  0.140742	  0.745066  
	1526	  5	  1281	  1382	  6.729795	  2.763307	  0.450959  
	1528	  5	  1283	  1384	  6.022406	  3.101116	  0.161879  
	1532	  5	  1287	  1387	  3.718892	  0.725228	  0.100264  
	1533	  5	  1288	  1388	  7.673816	  0.759186	  0.835573  
	1543	  5	  1298	  1396	  8.002615	  1.296701	  0.778464  
	1546	  5	  1301	  1399	  5.677357	  1.303261	  0.385685  
	1555	  5	  1310	  1406	  4.110286	  -0.229986	  0.283733  
	1559	  5	  249	  1510	  7.332652	  0.850792	  0.707148  
	1561	  5	  1316	  1377	  4.355339	  0.940639	  0.375643  
	1563	  5	  797	  1489	  3.818271	  0.173234	  0.298868  
	1566	  5	  1321	  1416	  4.350802	  -0.143822	  0.695684  
	1585	  5	  1430	  941	  3.855503	  -0.096995	  0.402782  
	1587	  5	  1316	  2043	  3.005508	  0.243431	  0.071472  
	1591	  5	  966	  2071	  6.513784	  -1.133751	  0.547701  
	1596	  5	  1827	  1441	  7.379803	  -1.129458	  0.771429  
	1597	  5	  1333	  1442	  3.535989	  -0.385587	  0.052067  
	1598	  5	  1334	  1443	  3.982842	  0.165013	  0.595050  
	1600	  5	  1336	  728	  4.842021	  -0.601364	  0.559864  
	1601	  5	  1337	  1445	  5.565038	  1.972350	  0.113966  
	1602	  5	  1338	  1446	  6.342173	  -0.958245	  0.629056  
	1603	  5	  1339	  1447	  5.328644	  1.087368	  0.233232  
	1604	  5	  1340	  1448	  5.888086	  -0.712326	  0.503275  
	1606	  5	  1343	  1449	  7.008538	  1.547823	  0.642143  
	1609	  5	  1346	  1452	  4.373162	  0.149306	  0.361735  
	1612	  5	  1349	  1454	  4.659739	  -1.402794	  0.146376  
	1618	  5	  1355	  1460	  3.732625	  0.039561	  0.528109  
	1621	  5	  1358	  1463	  4.476193	  0.458327	  0.268659  
	1622	  5	  1359	  1464	  4.892631	  -0.776150	  0.564980  
	1627	  5	  1364	  1467	  5.789602	  1.087368	  0.233232  
	1633	  5	  1370	  1473	  5.384692	  1.173142	  0.175699  
	1634	  5	  1371	  1474	  4.448171	  0.859219	  0.115991  
	1637	  5	  1374	  1477	  5.689715	  -0.190416	  0.685171  
	1642	  5	  1870	  1481	  3.966133	  -0.489733	  0.044188  
	1644	  5	  1381	  1483	  6.307997	  0.323757	  0.655689  
	1645	  5	  1382	  1484	  6.718119	  2.763307	  0.450959  
	1647	  5	  1384	  1486	  6.098843	  3.101116	  0.161879  
	1650	  5	  1387	  1489	  3.766539	  0.725228	  0.100264  
	1653	  5	  1992	  1492	  4.526666	  0.148784	  0.813580  
	1656	  5	  1393	  1022	  5.306149	  0.149446	  0.699147  
	1658	  5	  1395	  249	  7.282417	  1.409099	  0.556508  
	1659	  5	  1396	  1497	  8.008780	  1.296701	  0.778464  
	1662	  5	  1399	  1500	  5.690269	  1.303261	  0.385685  
	1669	  5	  1406	  1506	  4.144704	  -0.229986	  0.283733  
	1670	  5	  2090	  1321	  4.458151	  -0.143822	  0.695684  
	1684	  5	  1421	  1517	  4.230723	  -0.043014	  0.786485  
	1687	  5	  1424	  1595	  4.691075	  -0.109886	  0.760723  
	1688	  5	  958	  1519	  5.984696	  0.500781	  0.748783  
	1691	  5	  1428	  1522	  5.360816	  1.576261	  0.142624  
	1696	  5	  1297	  1395	  6.817060	  1.409099	  0.556508  
	1705	  5	  1438	  1204	  5.472205	  0.154351	  0.707835  
	1720	  5	  1441	  611	  6.868366	  -1.129458	  0.771429  
	1721	  5	  1442	  1542	  3.394027	  -0.385587	  0.052067  
	1722	  5	  1443	  908	  4.012860	  0.165013	  0.595050  
	1724	  5	  1445	  1545	  5.601776	  1.972350	  0.113966  
	1726	  5	  1447	  1546	  5.286943	  1.087368	  0.233232  
	1727	  5	  1448	  1547	  5.896835	  -0.712326	  0.503275  
	1728	  5	  1449	  1548	  7.059247	  1.547823	  0.642143  
	1729	  5	  1416	  46	  4.315262	  -0.143822	  0.695684  
	1731	  5	  1452	  1550	  4.358049	  0.149306	  0.361735  
	1733	  5	  1454	  1551	  4.622482	  -1.402794	  0.146376  
	1734	  5	  1963	  1552	  5.153207	  1.551030	  0.232397  
	1739	  5	  1460	  1556	  3.756394	  0.039561	  0.528109  
	1742	  5	  1463	  1242	  4.519005	  0.458327	  0.268659  
	1746	  5	  1467	  1559	  5.827328	  1.087368	  0.233232  
	1747	  5	  1469	  1644	  4.125995	  0.043371	  0.376119  
	1751	  5	  1473	  1563	  5.343153	  1.173142	  0.175699  
	1752	  5	  1474	  1564	  4.470316	  0.859219	  0.115991  
	1755	  5	  1477	  1674	  5.426832	  -0.190416	  0.685171  
	1757	  5	  1377	  1849	  4.546453	  0.940639	  0.375643  
	1759	  5	  1481	  1570	  3.967657	  -0.489733	  0.044188  
	1762	  5	  1484	  1573	  6.702085	  2.763307	  0.450959  
	1764	  5	  1486	  1574	  6.164127	  3.101116	  0.161879  
	1768	  5	  1388	  1578	  9.210007	  1.583724	  0.771356  
	1770	  5	  1492	  1579	  4.559926	  0.148784	  0.813580  
	1775	  5	  1497	  1582	  8.012475	  1.296701	  0.778464  
	1778	  5	  1500	  1584	  9.230824	  2.886985	  0.597254  
	1784	  5	  1506	  1588	  4.168876	  -0.229986	  0.283733  
	1795	  5	  1517	  1594	  4.166544	  -0.043014	  0.786485  
	1797	  5	  1519	  1596	  5.999668	  0.500781	  0.748783  
	1800	  5	  1522	  1599	  5.312665	  1.576261	  0.142624  
	1817	  5	  1502	  420	  4.857722	  -0.252392	  0.838195  
	1834	  5	  1025	  1178	  4.288232	  0.043014	  0.786485  
	1838	  5	  1352	  1626	  4.337583	  0.096995	  0.402782  
	1843	  5	  1542	  102	  3.093908	  -0.385587	  0.052067  
	1846	  5	  1545	  1631	  5.632308	  1.972350	  0.113966  
	1847	  5	  1546	  1632	  5.238367	  1.087368	  0.233232  
	1848	  5	  1547	  1633	  5.901631	  -0.712326	  0.503275  
	1849	  5	  1548	  2007	  7.098646	  1.547823	  0.642143  
	1851	  5	  1550	  1663	  4.328186	  0.149306	  0.361735  
	1852	  5	  1551	  1637	  4.572290	  -1.402794	  0.146376  
	1857	  5	  1556	  1641	  5.465995	  0.183015	  0.586956  
	1860	  5	  1559	  1643	  5.859015	  1.087368	  0.233232  
	1864	  5	  1563	  1725	  5.277633	  1.173142	  0.175699  
	1865	  5	  1564	  1648	  4.481989	  0.859219	  0.115991  
	1870	  5	  1570	  1653	  3.963778	  -0.489733	  0.044188  
	1873	  5	  1573	  1656	  6.682889	  2.763307	  0.450959  
	1874	  5	  1574	  1657	  6.216355	  3.101116	  0.161879  
	1878	  5	  1578	  1660	  9.140210	  1.583724	  0.771356  
	1879	  5	  1579	  1807	  4.544143	  0.148784	  0.813580  
	1881	  5	  1847	  1663	  4.936614	  0.378053	  0.881609  
	1882	  5	  1582	  1664	  8.013400	  1.296701	  0.778464  
	1884	  5	  1584	  1665	  9.167507	  2.886985	  0.597254  
	1886	  5	  1502	  1666	  4.765340	  0.252392	  0.838195  
	1888	  5	  1588	  1667	  4.179674	  -0.229986	  0.283733  
	1894	  5	  1594	  1671	  4.082742	  -0.043014	  0.786485  
	1895	  5	  1595	  1672	  4.731822	  -0.109886	  0.760723  
	1896	  5	  1596	  1747	  6.000527	  0.500781	  0.748783  
	1898	  5	  1598	  1674	  4.692327	  -0.301923	  0.935215  
	1899	  5	  1599	  1675	  5.253734	  1.576261	  0.142624  
	1903	  5	  1528	  476	  3.721907	  -0.113312	  0.375428  
	1904	  5	  1503	  1679	  4.607652	  0.143454	  0.603185  
	1912	  5	  1613	  1255	  4.863401	  -0.378053	  0.881609  
	1925	  5	  1626	  1242	  4.323854	  0.096995	  0.402782  
	1927	  5	  1471	  1556	  4.608296	  0.143454	  0.603185  
	1929	  5	  643	  1694	  4.716921	  0.176308	  0.849209  
	1945	  5	  1674	  1308	  6.865037	  0.511761	  0.935730  
	1950	  5	  1631	  1712	  5.657324	  1.972350	  0.113966  
	1951	  5	  1632	  1713	  5.184753	  1.087368	  0.233232  
	1952	  5	  1633	  1870	  5.902147	  -0.712326	  0.503275  
	1955	  5	  1637	  1716	  4.502645	  -1.402794	  0.146376  
	1959	  5	  1641	  1719	  5.424111	  0.183015	  0.586956  
	1961	  5	  1643	  1721	  5.883148	  1.087368	  0.233232  
	1962	  5	  1644	  1797	  4.234912	  0.043371	  0.376119  
	1964	  5	  1646	  1744	  4.886485	  -0.106428	  0.740110  
	1966	  5	  1648	  1726	  4.488661	  0.859219	  0.115991  
	1970	  5	  1849	  416	  5.458082	  -0.947819	  0.844546  
	1971	  5	  1653	  1729	  3.952188	  -0.489733	  0.044188  
	1974	  5	  1656	  1732	  6.661306	  2.763307	  0.450959  
	1975	  5	  1657	  1733	  6.264461	  3.101116	  0.161879  
	1977	  5	  1660	  1735	  9.093921	  1.583724	  0.771356  
	1980	  5	  1663	  1738	  6.012144	  0.527359	  0.734422  
	1981	  5	  1664	  1809	  8.005629	  1.296701	  0.778464  
	1982	  5	  1665	  1740	  9.107793	  2.886985	  0.597254  
	1983	  5	  1666	  1829	  4.783558	  0.252392	  0.838195  
	1984	  5	  1667	  1742	  4.178293	  -0.229986	  0.283733  
	1987	  5	  1592	  1744	  4.734390	  -0.097728	  0.726836  
	1988	  5	  1671	  1745	  3.953437	  -0.043014	  0.786485  
	1989	  5	  1672	  1746	  4.739283	  -0.109886	  0.760723  
	1992	  5	  1675	  1748	  5.195802	  1.576261	  0.142624  
	2002	  5	  1614	  1184	  4.410449	  -0.043371	  0.376119  
	2010	  5	  2071	  1807	  4.950871	  -0.148784	  0.813580  
	2011	  5	  1694	  1821	  4.873626	  0.176308	  0.849209  
	2022	  5	  728	  1765	  5.553815	  -1.751619	  0.682831  
	2047	  5	  1510	  1198	  7.624732	  0.540427	  0.660824  
	2052	  5	  1198	  1438	  5.205935	  0.154351	  0.707835  
	2053	  5	  1712	  1789	  5.676938	  1.972350	  0.113966  
	2054	  5	  1713	  163	  5.127779	  1.087368	  0.233232  
	2055	  5	  2007	  1790	  7.791794	  3.520173	  0.346206  
	2057	  5	  1716	  1792	  4.403761	  -1.402794	  0.146376  
	2060	  5	  1719	  1794	  5.383513	  0.183015	  0.586956  
	2062	  5	  1721	  1796	  5.903668	  1.087368	  0.233232  
	2070	  5	  1729	  1802	  3.930563	  -0.489733	  0.044188  
	2073	  5	  1732	  1804	  6.637662	  2.763307	  0.450959  
	2076	  5	  1735	  1806	  9.038591	  1.583724	  0.771356  
	2078	  5	  1738	  1808	  5.958092	  0.527359	  0.734422  
	2080	  5	  1740	  1810	  9.043478	  2.886985	  0.597254  
	2082	  5	  1742	  1811	  4.162327	  -0.229986	  0.283733  
	2084	  5	  1744	  1503	  6.185087	  -0.204155	  0.733756  
	2085	  5	  1745	  1814	  3.707860	  -0.043014	  0.786485  
	2086	  5	  1746	  1815	  4.726797	  -0.109886	  0.760723  
	2087	  5	  1747	  1816	  5.981780	  0.500781	  0.748783  
	2099	  5	  1759	  728	  3.814962	  0.062021	  0.424126  
	2105	  5	  1767	  1826	  4.327346	  0.149306	  0.361735  
	2106	  5	  1674	  1827	  7.030432	  -0.933742	  0.807045  
	2110	  5	  1772	  1830	  3.943532	  -0.324719	  0.201332  
	2113	  5	  977	  1833	  4.352718	  0.130321	  0.650888  
	2124	  5	  1483	  1839	  6.835788	  0.323757	  0.655689  
	2141	  5	  1789	  1852	  5.691567	  1.972350	  0.113966  
	2142	  5	  1790	  1853	  7.805495	  3.520173	  0.346206  
	2144	  5	  1792	  690	  4.279107	  -1.402794	  0.146376  
	2146	  5	  1794	  1381	  5.307686	  0.183015	  0.586956  
	2148	  5	  1796	  1859	  5.918550	  1.087368	  0.233232  
	2149	  5	  1797	  1914	  4.308178	  0.043371	  0.376119  
	2151	  5	  1725	  2101	  5.180665	  1.173142	  0.175699  
	2154	  5	  1802	  1864	  3.896623	  -0.489733	  0.044188  
	2156	  5	  1804	  1866	  6.611996	  2.763307	  0.450959  
	2158	  5	  1806	  1868	  8.976541	  1.583724	  0.771356  
	2160	  5	  1808	  1869	  5.905911	  0.527359	  0.734422  
	2161	  5	  1809	  1870	  7.987858	  1.296701	  0.778464  
	2162	  5	  1810	  1871	  8.974813	  2.886985	  0.597254  
	2163	  5	  1811	  1872	  4.123013	  -0.229986	  0.283733  
	2167	  5	  1815	  1874	  4.698798	  -0.109886	  0.760723  
	2168	  5	  1816	  1875	  5.949412	  0.500781	  0.748783  
	2178	  5	  1826	  1882	  4.388039	  0.149306	  0.361735  
	2185	  5	  1833	  1885	  4.384514	  0.130321	  0.650888  
	2191	  5	  1839	  1875	  6.746380	  0.323757	  0.655689  
	2195	  5	  1759	  1891	  3.988487	  -0.062021	  0.424126  
	2199	  5	  1847	  1613	  5.376166	  -0.378053	  0.881609  
	2201	  5	  1849	  1895	  7.173025	  2.316688	  0.528502  
	2207	  5	  1421	  1938	  4.399849	  0.043014	  0.786485  
	2215	  5	  1852	  1908	  5.703159	  1.972350	  0.113966  
	2216	  5	  1853	  1909	  7.810046	  3.520173	  0.346206  
	2222	  5	  1859	  1913	  5.927708	  1.087368	  0.233232  
	2224	  5	  2101	  1915	  6.883879	  3.489830	  0.409904  
	2225	  5	  1726	  1345	  4.481050	  0.859219	  0.115991  
	2227	  5	  1864	  1916	  3.847980	  -0.489733	  0.044188  
	2229	  5	  1866	  1918	  6.581113	  2.763307	  0.450959  
	2231	  5	  1868	  1919	  8.909057	  1.583724	  0.771356  
	2232	  5	  1869	  1920	  5.845590	  0.527359	  0.734422  
	2234	  5	  1871	  1921	  8.901349	  2.886985	  0.597254  
	2235	  5	  1872	  1922	  4.072107	  -0.229986	  0.283733  
	2236	  5	  1814	  562	  5.484717	  0.468748	  0.949426  
	2237	  5	  1874	  1022	  4.633020	  -0.109886	  0.760723  
	2245	  5	  1882	  1971	  4.435573	  0.149306	  0.361735  
	2251	  5	  1875	  1929	  8.504454	  0.824538	  0.712229  
	2254	  5	  1891	  1931	  3.909043	  -0.062021	  0.424126  
	2256	  5	  1893	  1971	  4.401755	  -0.149306	  0.361735  
	2258	  5	  1895	  1935	  7.137186	  2.316688	  0.528502  
	2266	  5	  1207	  1526	  4.491096	  0.180573	  0.644534  
	2271	  5	  1907	  1079	  4.701347	  0.097728	  0.726836  
	2274	  5	  1094	  1989	  4.475601	  0.264713	  0.378480  
	2285	  5	  1908	  1957	  5.709736	  1.972350	  0.113966  
	2286	  5	  1909	  1958	  7.814396	  3.520173	  0.346206  
	2289	  5	  1913	  1961	  5.931157	  1.087368	  0.233232  
	2291	  5	  1915	  284	  6.786140	  3.489830	  0.409904  
	2292	  5	  1916	  1963	  3.770534	  -0.489733	  0.044188  
	2294	  5	  1918	  1965	  6.546229	  2.763307	  0.450959  
	2295	  5	  1919	  1500	  8.838060	  1.583724	  0.771356  
	2296	  5	  1920	  1966	  5.777976	  0.527359	  0.734422  
	2297	  5	  1921	  1967	  8.825354	  2.886985	  0.597254  
	2305	  5	  1929	  1975	  8.428967	  0.824538	  0.712229  
	2307	  5	  1931	  1976	  3.793350	  -0.062021	  0.424126  
	2311	  5	  1935	  1980	  7.093226	  2.316688	  0.528502  
	2314	  5	  1938	  1025	  4.398256	  0.043014	  0.786485  
	2347	  5	  1957	  2007	  5.713047	  1.972350	  0.113966  
	2348	  5	  1958	  2008	  7.818073	  3.520173	  0.346206  
	2351	  5	  1961	  2011	  5.927708	  1.087368	  0.233232  
	2352	  5	  1914	  1158	  4.336729	  0.043371	  0.376119  
	2355	  5	  1965	  2014	  6.509835	  2.763307	  0.450959  
	2356	  5	  1966	  2015	  5.706365	  0.527359	  0.734422  
	2357	  5	  1967	  2016	  8.744823	  2.886985	  0.597254  
	2365	  5	  1975	  2021	  8.350538	  0.824538	  0.712229  
	2366	  5	  1976	  34	  3.500938	  -0.062021	  0.424126  
	2370	  5	  1980	  2024	  7.042961	  2.316688	  0.528502  
	2377	  5	  1989	  2028	  4.466427	  0.264713	  0.378480  
	2380	  5	  1992	  2030	  4.908149	  -0.148784	  0.813580  
	2384	  5	  1503	  2033	  5.678181	  -0.236630	  0.605956  
	2387	  5	  1503	  1469	  3.967870	  0.043371	  0.376119  
	2389	  5	  1598	  2036	  4.977847	  0.301923	  0.935215  
	2395	  5	  1907	  1592	  4.415377	  -0.097728	  0.726836  
	2403	  5	  1679	  1471	  4.403220	  0.143454	  0.603185  
	2408	  5	  2008	  2054	  7.819919	  3.520173	  0.346206  
	2411	  5	  2011	  2057	  5.919158	  1.087368	  0.233232  
	2413	  5	  2014	  2058	  6.465729	  2.763307	  0.450959  
	2414	  5	  2015	  2059	  5.624293	  0.527359	  0.734422  
	2415	  5	  2016	  2060	  8.660777	  2.886985	  0.597254  
	2420	  5	  2021	  1388	  8.278548	  0.824538	  0.712229  
	2423	  5	  2024	  2067	  6.985480	  2.316688	  0.528502  
	2427	  5	  2028	  2071	  4.441836	  0.264713	  0.378480  
	2429	  5	  2030	  2072	  4.834594	  -0.148784	  0.813580  
	2435	  5	  2036	  2077	  5.060341	  0.301923	  0.935215  
	2446	  5	  1646	  2085	  4.835640	  0.106428	  0.740110  
	2457	  5	  2054	  2092	  7.820758	  3.520173	  0.346206  
	2460	  5	  2057	  2095	  5.909535	  1.087368	  0.233232  
	2462	  5	  2059	  966	  7.558279	  -3.420138	  0.476310  
	2464	  5	  2060	  1229	  8.582324	  2.886985	  0.597254  
	2471	  5	  2067	  2101	  6.921484	  2.316688	  0.528502  
	2474	  5	  2072	  643	  4.681102	  -0.148784	  0.813580  
	2479	  5	  2077	  2105	  5.099521	  0.301923	  0.935215  
	2484	  5	  2043	  2109	  4.035669	  0.428230	  0.164756  
	2487	  5	  2085	  2111	  4.867921	  0.106428	  0.740110  
	2493	  5	  1207	  2113	  5.061468	  -0.180573	  0.644534  
	2496	  5	  873	  1423	  3.407675	  -0.074125	  0.363624  
	2497	  5	  2092	  2117	  7.820576	  3.520173	  0.346206  
	2510	  5	  2105	  2128	  5.116441	  0.301923	  0.935215  
	2513	  5	  2109	  1849	  4.014924	  0.428230	  0.164756  
	2515	  5	  2111	  2132	  4.878084	  0.106428	  0.740110  
	2517	  5	  2113	  2134	  5.050148	  -0.180573	  0.644534  
	2521	  5	  2117	  2135	  7.819435	  3.520173	  0.346206  
	2532	  5	  2132	  1422	  4.864178	  0.106428	  0.740110  
	2534	  5	  2134	  2143	  5.025587	  -0.180573	  0.644534  
	2535	  5	  2135	  2144	  7.817145	  3.520173	  0.346206  
	2543	  5	  2143	  2151	  4.981614	  -0.180573	  0.644534  
	2544	  5	  2144	  2152	  7.813498	  3.520173	  0.346206  
	2551	  5	  2152	  2159	  7.808821	  3.520173	  0.346206  
	2558	  5	  2159	  2164	  7.801641	  3.520173	  0.346206  
	2563	  5	  2164	  2168	  7.794881	  3.520173	  0.346206  
	2567	  5	  2168	  2172	  7.785854	  3.520173	  0.346206  
	2571	  5	  2172	  2176	  7.774021	  3.520173	  0.346206  
	2575	  5	  2176	  2180	  7.762772	  3.520173	  0.346206  
	2579	  5	  2180	  2184	  7.748816	  3.520173	  0.346206  
	2582	  5	  2184	  2187	  7.730816	  3.520173	  0.346206  
	2585	  5	  2187	  2189	  7.713645	  3.520173	  0.346206  
	2587	  5	  2189	  2191	  7.693785	  3.520173	  0.346206  
	2588	  5	  2191	  2192	  7.672785	  3.520173	  0.346206  
	2589	  5	  2192	  2193	  7.649576	  3.520173	  0.346206  
	2590	  5	  2193	  2194	  7.623701	  3.520173	  0.346206  
	2591	  5	  2194	  2195	  7.595314	  3.520173	  0.346206  
	2592	  5	  2195	  2196	  7.560927	  3.520173	  0.346206  
	2593	  5	  2196	  2197	  7.526689	  3.520173	  0.346206  
	2594	  5	  2197	  2198	  7.487283	  3.520173	  0.346206  
	2595	  5	  2198	  2199	  7.445909	  3.520173	  0.346206  
	2596	  5	  2199	  2200	  7.400160	  3.520173	  0.346206  
	2597	  5	  2200	  2201	  7.351440	  3.520173	  0.346206  
	2598	  5	  2201	  2202	  7.297745	  3.520173	  0.346206  
 699       total number of nodes
  name    x       y       z
	1	  25.000000	  77.900002	  500.000000  
	2	  55.000000	  95.199997	  500.000000  
	3	  71.782532	  112.746841	  475.071228  
	5	  83.918015	  112.934029	  399.327454  
	7	  88.104454	  123.896919	  301.292450  
	10	  83.210815	  119.466408	  150.539566  
	13	  161.395050	  156.334381	  484.501129  
	14	  275.000000	  222.100006	  500.000000  
	15	  245.000000	  204.800003	  500.000000  
	16	  219.514893	  185.374985	  477.544037  
	21	  219.298065	  183.874649	  251.303116  
	26	  83.180168	  109.093079	  390.108429  
	30	  72.306168	  101.062729	  390.172577  
	34	  82.021339	  116.756081	  121.030830  
	40	  56.101994	  90.921494	  390.228363  
	46	  70.255234	  127.301125	  114.819382  
	48	  227.939224	  190.734909	  308.255280  
	51	  88.709129	  107.501137	  375.349854  
	54	  44.728554	  85.431290	  390.770447  
	58	  60.209148	  129.591751	  429.536713  
	59	  114.047363	  117.665237	  202.477341  
	64	  73.753502	  95.777519	  335.846222  
	65	  100.598961	  105.993500	  375.490479  
	68	  32.653950	  81.372665	  391.850281  
	78	  63.026043	  86.872200	  330.667084  
	79	  117.048958	  104.868607	  374.181488  
	88	  94.084457	  117.374847	  206.283783  
	91	  277.213593	  78.464058	  393.724457  
	99	  271.453583	  183.742203	  291.800568  
	102	  131.635452	  105.208046	  371.544067  
	108	  230.983536	  187.052368	  123.974846  
	110	  89.988319	  106.638115	  213.993225  
	112	  87.771805	  129.202896	  146.276443  
	113	  209.816925	  175.144485	  459.085663  
	119	  262.818268	  77.853165	  395.630341  
	126	  103.169312	  77.397446	  143.068405  
	130	  150.214188	  109.649185	  377.675476  
	140	  94.862488	  141.882599	  142.437866  
	141	  196.658417	  164.311295	  464.486572  
	143	  217.638733	  172.360428	  285.970703  
	146	  85.857056	  129.867233	  428.037659  
	150	  269.096893	  168.754990	  289.013123  
	152	  247.552094	  79.423210	  397.016876  
	158	  32.765232	  191.018921	  137.045258  
	161	  39.337662	  135.273117	  236.430389  
	162	  163.670090	  283.208954	  318.249237  
	163	  164.297989	  115.551735	  380.115631  
	174	  184.863251	  153.742905	  468.214386  
	176	  206.503525	  164.458115	  292.090149  
	179	  93.815384	  143.771805	  430.566772  
	183	  267.902435	  155.851746	  284.644379  
	185	  233.474350	  187.928070	  346.833588  
	187	  230.581558	  189.637741	  183.909424  
	194	  87.397324	  107.352814	  174.908585  
	198	  25.419390	  75.497375	  241.576096  
	206	  47.905205	  134.208206	  230.374603  
	207	  149.778305	  268.650269	  310.886078  
	212	  119.544037	  47.847858	  391.718994  
	216	  28.938999	  113.849892	  193.324997  
	218	  172.955765	  143.012527	  470.205872  
	223	  98.553848	  158.295624	  433.344635  
	224	  163.508835	  263.485443	  341.363007  
	231	  241.474655	  187.025284	  188.754700  
	233	  48.604652	  139.178970	  415.552460  
	234	  117.429993	  154.557526	  292.685547  
	237	  111.327843	  117.402863	  461.950653  
	238	  98.359764	  118.334007	  355.283020  
	239	  90.257454	  96.540413	  172.602859  
	240	  211.509430	  198.875000	  308.178650  
	249	  52.034950	  183.836273	  122.203926  
	252	  214.680191	  97.185753	  399.728668  
	261	  59.098129	  128.828735	  224.317001  
	262	  141.936264	  258.382019	  306.600800  
	266	  156.697845	  95.460701	  357.495758  
	273	  161.849838	  131.942078	  470.555084  
	276	  90.903755	  155.242203	  334.540558  
	278	  100.834625	  173.625427	  436.038757  
	279	  173.636520	  254.590561	  335.835022  
	284	  261.809723	  181.023895	  343.382202  
	286	  256.249237	  183.012634	  193.573883  
	289	  129.759842	  160.153366	  291.876129  
	290	  132.153946	  66.975266	  215.967545  
	293	  106.711143	  126.453300	  364.431396  
	295	  209.362595	  212.569702	  309.801117  
	305	  41.297699	  66.378540	  322.122803  
	309	  66.532997	  81.842987	  66.680023  
	311	  271.671051	  84.234329	  234.494110  
	317	  114.703217	  46.692066	  186.977600  
	319	  70.961693	  119.926590	  219.318527  
	321	  210.173645	  110.325111	  401.233765  
	324	  169.434906	  88.591377	  359.117218  
	334	  89.034286	  157.760239	  348.555359  
	336	  100.942970	  189.293381	  437.486420  
	342	  20.534590	  172.834793	  347.222015  
	344	  269.304749	  180.914505	  198.005966  
	345	  158.415024	  11.404814	  316.203278  
	351	  116.266785	  133.887405	  375.040527  
	352	  86.483635	  62.314999	  163.465286  
	359	  52.165657	  76.433800	  359.559631  
	363	  202.355881	  182.875748	  240.788895  
	370	  49.283253	  187.779694	  265.378723  
	371	  215.928818	  191.793045	  292.944550  
	373	  130.377258	  54.325256	  392.514618  
	379	  89.877571	  112.259262	  191.746460  
	380	  213.564896	  131.073029	  417.162811  
	381	  263.601410	  93.814392	  230.444412  
	386	  232.940994	  197.606567	  173.952011  
	392	  181.772430	  81.126610	  359.112518  
	394	  89.287178	  37.300327	  210.118439  
	399	  132.087219	  112.468643	  467.658142  
	402	  85.052414	  159.447891	  363.350189  
	403	  189.818130	  259.502136	  77.953606  
	404	  99.171860	  204.526871	  436.756653  
	405	  195.147522	  228.353638	  318.874420  
	414	  48.683929	  169.522354	  392.887726  
	416	  145.701492	  51.423038	  220.592575  
	417	  253.491257	  76.734039	  111.088341  
	419	  126.755226	  140.057617	  385.291595  
	420	  78.308937	  49.265663	  162.438843  
	427	  42.055576	  72.955193	  363.977905  
	431	  190.716293	  184.189301	  245.151962  
	438	  207.350281	  198.026596	  288.251678  
	440	  145.481323	  60.686741	  395.957733  
	441	  273.418640	  165.636963	  339.038055  
	448	  116.691849	  78.834602	  215.214020  
	461	  84.539391	  104.067970	  342.152283  
	462	  214.433823	  143.546204	  424.173004  
	463	  256.937622	  106.587860	  227.343033  
	473	  193.135742	  72.626999	  357.560516  
	475	  85.936432	  45.317963	  219.137894  
	476	  35.578381	  205.837296	  153.298111  
	482	  80.289162	  159.141266	  378.125763  
	483	  188.236664	  250.771301	  84.138458  
	490	  271.376526	  133.610794	  347.186127  
	492	  169.871170	  57.923203	  323.437012  
	493	  53.931347	  181.595169	  385.463379  
	494	  169.665253	  186.934311	  287.020630  
	496	  254.420059	  77.991371	  96.594467  
	498	  137.981323	  146.523010	  394.189545  
	505	  156.920502	  293.604218	  366.759369  
	509	  177.827682	  184.323685	  252.361816  
	514	  202.332413	  241.512741	  275.721252  
	515	  147.463745	  10.366610	  261.016174  
	518	  158.480042	  54.855114	  397.587463  
	520	  223.146027	  211.236755	  1.219030  
	521	  78.559540	  99.655464	  333.902191  
	524	  267.186615	  119.936951	  265.898041  
	527	  216.755936	  245.663361	  394.899719  
	528	  45.620438	  153.016052	  403.966644  
	529	  91.528687	  135.561630	  212.707169  
	534	  211.500275	  200.964386	  389.493927  
	540	  65.090576	  82.514732	  238.651062  
	545	  214.199829	  158.215103	  429.961426  
	546	  251.647659	  121.041641	  225.797577  
	548	  69.816734	  92.473221	  90.060120  
	553	  85.393570	  224.214432	  240.847839  
	558	  83.638390	  51.951202	  232.471878  
	560	  135.459305	  240.837860	  289.159363  
	562	  108.718597	  255.052612	  116.330132  
	565	  76.418236	  156.784149	  392.510071  
	566	  184.111359	  239.823669	  100.766098  
	572	  65.381027	  156.841629	  348.942261  
	573	  272.934662	  122.692184	  347.388580  
	576	  61.485260	  194.109634	  378.609375  
	577	  172.979736	  206.843857	  287.986450  
	588	  143.631042	  288.279266	  369.887970  
	591	  89.010971	  171.210938	  175.258392  
	592	  166.400696	  184.357315	  262.045624  
	594	  194.707764	  100.127831	  209.090302  
	599	  196.075165	  205.238144	  278.510529  
	601	  170.148499	  47.111877	  400.657806  
	602	  38.484035	  166.412521	  329.096588  
	603	  234.446442	  208.525925	  14.034432  
	605	  203.496445	  103.968124	  229.625397  
	611	  90.710938	  148.897049	  192.192322  
	612	  42.871983	  132.369492	  254.324020  
	615	  204.063766	  216.719177	  392.117004  
	619	  76.645073	  89.237160	  336.793823  
	620	  88.157516	  146.435791	  269.667664  
	623	  214.287720	  197.560318	  304.714447  
	628	  217.350235	  86.195450	  396.508636  
	629	  196.555832	  192.875229	  302.874542  
	630	  188.199493	  152.253693	  308.085419  
	634	  39.647480	  184.344482	  115.872345  
	640	  213.108948	  171.126373	  433.443359  
	641	  243.500824	  141.354187	  226.510757  
	643	  62.469456	  82.147499	  87.988945  
	650	  217.305191	  47.935665	  351.006622  
	652	  83.156250	  56.480267	  247.792374  
	653	  58.507648	  203.327621	  151.765778  
	658	  74.089386	  152.692612	  406.124207  
	660	  99.027306	  259.929993	  438.809662  
	665	  78.735939	  149.607559	  348.273285  
	667	  88.283821	  169.049744	  188.756729  
	668	  176.982132	  76.630630	  313.090057  
	669	  67.723488	  207.398972	  372.322174  
	670	  177.345856	  222.293335	  288.855377  
	674	  159.762329	  164.032166	  411.586487  
	679	  132.166641	  281.914459	  374.288635  
	682	  102.759377	  189.479172	  174.268112  
	683	  157.540741	  185.045776	  273.335693  
	685	  208.058533	  93.723991	  206.402939  
	688	  150.690796	  30.308292	  275.768982  
	690	  180.337463	  36.846073	  405.150879  
	691	  52.918804	  168.770584	  324.869019  
	692	  244.205521	  206.398697	  38.331886  
	698	  182.300995	  234.419678	  399.918213  
	700	  55.015991	  134.618820	  263.929565  
	702	  198.764496	  229.085892	  395.734161  
	703	  227.609299	  150.310867	  194.690384  
	706	  73.440544	  80.222443	  322.169739  
	709	  211.233887	  202.973251	  318.445618  
	714	  209.205246	  76.846848	  389.907257  
	715	  184.902542	  189.615402	  296.928925  
	716	  182.299759	  148.116882	  315.438690  
	717	  39.447407	  68.994415	  304.198029  
	722	  269.235138	  230.505829	  245.754044  
	726	  27.112413	  189.295792	  274.921600  
	728	  159.208237	  134.681259	  186.278580  
	732	  140.519974	  244.855713	  306.954681  
	734	  220.332703	  178.324081	  236.304565  
	742	  276.500427	  123.689995	  256.495575  
	750	  65.410690	  68.370026	  96.388634  
	753	  120.115837	  191.722504	  163.221451  
	759	  84.399399	  59.297184	  264.013062  
	760	  73.086105	  198.353546	  150.530685  
	761	  118.507324	  213.144943	  297.233490  
	765	  73.303986	  146.663101	  419.260803  
	767	  104.565315	  271.633057	  444.202393  
	768	  183.059509	  212.773758	  254.804779  
	771	  89.997063	  139.787079	  347.291412  
	773	  183.956329	  87.848198	  310.172272  
	775	  180.971100	  237.150421	  288.298706  
	779	  167.172775	  173.050629	  417.252625  
	783	  122.506149	  273.997620	  379.986877  
	788	  228.055450	  89.663910	  203.668732  
	791	  147.254669	  42.329624	  271.848846  
	794	  65.712883	  173.333160	  321.064850  
	795	  247.661163	  204.916473	  53.960449  
	797	  224.763550	  97.373787	  258.069366  
	800	  197.038254	  167.195114	  144.710419  
	801	  169.941635	  237.070724	  401.911438  
	803	  66.114090	  138.977982	  274.759247  
	805	  240.835754	  128.043396	  204.129547  
	808	  68.116508	  71.160698	  309.407745  
	810	  206.641373	  207.395447	  332.987091  
	814	  200.467209	  69.573051	  381.774353  
	816	  174.833115	  142.287445	  328.256927  
	822	  262.073364	  229.308899	  236.827759  
	825	  276.727814	  191.781631	  269.199982  
	831	  140.743134	  228.785919	  305.984802  
	840	  58.124954	  82.683273	  303.843079  
	849	  141.515457	  73.607864	  400.663086  
	850	  93.108177	  214.360321	  184.236099  
	860	  68.544846	  56.098660	  105.250412  
	867	  129.585556	  275.298187	  348.890411  
	869	  86.709038	  60.415634	  280.418884  
	870	  83.325546	  192.727325	  148.682648  
	871	  110.048820	  202.406860	  302.895569  
	873	  250.264114	  75.275230	  128.330185  
	875	  73.990524	  138.041290	  431.852905  
	876	  176.319458	  206.616547	  141.577332  
	877	  239.255463	  61.051815	  447.615540  
	881	  96.376282	  129.961090	  346.620087  
	883	  193.627502	  98.940628	  309.485352  
	884	  76.821869	  235.805679	  359.544922  
	888	  172.938812	  183.286560	  420.984894  
	892	  115.563446	  264.990540	  386.133484  
	894	  148.423492	  186.992203	  291.238312  
	898	  219.601547	  215.932220	  324.164795  
	899	  144.638168	  57.534477	  268.763367  
	901	  78.732452	  251.219742	  420.664825  
	904	  55.442844	  79.655212	  283.158661  
	908	  172.463318	  163.198486	  143.989517  
	911	  77.656792	  143.032822	  284.495056  
	913	  248.427948	  115.473145	  208.335571  
	916	  62.877079	  61.068726	  299.096710  
	917	  84.611855	  199.328125	  250.744675  
	918	  200.768341	  210.441147	  347.901367  
	921	  191.202606	  63.659172	  371.544647  
	922	  168.206070	  135.304459	  340.242554  
	923	  33.612110	  74.516357	  314.158997  
	928	  252.355377	  229.579727	  228.764709  
	931	  263.111267	  192.643753	  262.026489  
	936	  73.239258	  178.694519	  256.394531  
	937	  142.284821	  214.255264	  302.732056  
	938	  237.537827	  152.816574	  228.375214  
	939	  204.393890	  76.154243	  370.610016  
	940	  76.062424	  132.965179	  184.943253  
	941	  163.126511	  60.605484	  211.075912  
	946	  48.185398	  74.761696	  303.116974  
	954	  136.327332	  86.703484	  407.267456  
	955	  87.343803	  224.030731	  190.025742  
	958	  41.673874	  209.937576	  60.701809  
	966	  213.316238	  177.550308	  190.957809  
	968	  128.648163	  230.052841	  290.911316  
	977	  73.415703	  44.310543	  117.491058  
	979	  143.358688	  194.408554	  145.149536  
	983	  142.624176	  273.244659	  347.251099  
	985	  90.222488	  62.469139	  295.952148  
	987	  100.647034	  194.115128	  307.765961  
	991	  75.789726	  129.170334	  440.438538  
	992	  175.286926	  197.560562	  153.319687  
	993	  243.418396	  75.819458	  448.731781  
	994	  172.836044	  209.794266	  220.209534  
	995	  120.693535	  223.229340	  342.121399  
	997	  205.661041	  109.142990	  310.164429  
	998	  78.959366	  249.293060	  353.898376  
	999	  185.430481	  269.130249	  286.416779  
	1005	  110.537422	  253.619980	  393.007233  
	1008	  252.692993	  91.011101	  200.274506  
	1010	  226.578064	  217.407272	  335.691742  
	1011	  143.483902	  73.677307	  266.963806  
	1012	  88.768044	  245.884125	  428.122742  
	1015	  53.565746	  75.497093	  269.582672  
	1019	  138.064484	  242.031540	  401.635712  
	1021	  90.207878	  147.545441	  292.491699  
	1022	  75.421669	  198.989960	  26.262207  
	1023	  255.396896	  101.939812	  211.249420  
	1025	  251.661438	  150.624130	  43.423573  
	1027	  86.828888	  209.386978	  247.356918  
	1028	  194.478806	  211.784317	  363.152802  
	1031	  182.151154	  58.770626	  359.258453  
	1032	  160.508270	  127.865372	  350.767578  
	1033	  28.037363	  83.362854	  326.587311  
	1039	  249.389725	  191.006119	  254.231934  
	1045	  207.075089	  63.149059	  364.133301  
	1046	  83.953644	  141.218857	  189.932205  
	1054	  230.875412	  76.615257	  291.722595  
	1058	  130.831772	  100.207512	  413.041351  
	1062	  45.247623	  196.350021	  66.369873  
	1065	  67.868324	  124.504707	  177.654114  
	1079	  236.521561	  146.872864	  11.722955  
	1081	  29.393675	  132.873596	  246.714508  
	1091	  171.620148	  165.297729	  274.849274  
	1094	  159.846268	  193.380920	  137.133881  
	1097	  154.736252	  268.734009	  344.514038  
	1099	  94.929771	  65.722008	  311.028687  
	1106	  246.589569	  90.950081	  448.265869  
	1107	  169.863388	  206.210739	  209.893158  
	1108	  125.866692	  210.466614	  348.006561  
	1110	  219.122726	  117.672539	  311.335754  
	1114	  180.412170	  201.912750	  423.805389  
	1119	  262.026917	  94.458076	  198.791153  
	1121	  233.721130	  217.808548	  349.697601  
	1122	  144.016495	  89.062897	  264.929901  
	1124	  52.233952	  69.535553	  257.183380  
	1128	  125.451462	  246.182724	  398.770569  
	1132	  260.031952	  88.584862	  213.564667  
	1134	  173.773239	  278.213501	  265.194672  
	1136	  189.798492	  213.552826	  378.794678  
	1138	  174.495987	  53.992908	  345.715668  
	1139	  151.671448	  120.063530	  359.638885  
	1140	  22.989096	  94.099495	  336.803711  
	1144	  225.799332	  245.833572	  200.705063  
	1145	  90.966377	  182.761322	  184.532516  
	1146	  236.282990	  186.764297	  246.022568  
	1152	  208.680328	  51.501682	  357.183136  
	1158	  140.467224	  223.597565	  -0.281272  
	1159	  223.490067	  69.023888	  300.550537  
	1162	  126.710884	  114.342140	  419.326599  
	1166	  51.486938	  184.910461	  75.175423  
	1168	  251.888321	  194.510422	  101.391624  
	1178	  231.415939	  140.484573	  34.892776  
	1182	  237.404129	  241.479340	  193.884125  
	1183	  208.915588	  36.034286	  349.280090  
	1184	  183.118332	  221.788315	  -0.191460  
	1187	  98.633209	  75.922508	  167.315704  
	1188	  125.790405	  277.469269	  290.701935  
	1189	  63.255714	  183.704773	  259.941162  
	1198	  61.595715	  168.371735	  35.227531  
	1204	  61.920368	  156.352264	  12.990064  
	1207	  171.105530	  255.158707	  102.572311  
	1210	  169.991959	  177.946930	  280.962036  
	1215	  139.282776	  159.970764	  144.825424  
	1217	  100.643219	  70.265396	  325.212982  
	1220	  171.139954	  164.906418	  174.874084  
	1221	  248.089661	  107.056038	  447.676331  
	1222	  168.732086	  201.010712	  197.263336  
	1223	  129.996414	  195.724701	  353.087830  
	1224	  233.860352	  124.719498	  312.318329  
	1229	  92.147194	  248.459488	  392.045044  
	1230	  148.028305	  40.490860	  118.313774  
	1233	  242.033798	  218.444473	  362.974976  
	1234	  145.474945	  104.350639	  261.650635  
	1237	  214.283066	  53.000343	  202.727371  
	1242	  262.214935	  75.460075	  216.090668  
	1244	  166.547012	  281.569305	  253.759399  
	1245	  186.942596	  215.165833	  394.404053  
	1247	  168.738754	  48.532570	  332.157990  
	1248	  142.427521	  112.696075	  366.233307  
	1249	  278.741730	  104.269173	  342.624634  
	1255	  121.102180	  72.914848	  171.524261  
	1257	  150.994751	  167.713165	  292.070007  
	1264	  215.125336	  59.767494	  308.670258  
	1266	  124.059479	  128.542297	  426.222443  
	1270	  50.479485	  177.917297	  225.552017  
	1271	  250.552368	  200.383530	  83.169075  
	1275	  26.096016	  187.789871	  298.523132  
	1278	  210.013657	  126.908264	  51.639904  
	1281	  172.503922	  141.309082	  233.600632  
	1283	  200.463104	  32.475555	  338.018951  
	1287	  250.704315	  60.578884	  285.989838  
	1288	  244.522644	  81.788429	  137.774231  
	1297	  81.463799	  175.894821	  164.230927  
	1298	  31.039413	  124.298073	  200.098770  
	1301	  179.327316	  133.855347	  267.506866  
	1308	  99.559296	  193.382050	  121.889442  
	1310	  221.167542	  202.659134	  169.036423  
	1316	  79.766739	  233.780136	  234.998505  
	1321	  31.620338	  167.179749	  106.662895  
	1333	  107.308914	  76.096504	  338.292053  
	1334	  151.974854	  166.058640	  145.716248  
	1336	  168.802963	  155.306168	  177.345886  
	1337	  247.894241	  123.025551	  447.925873  
	1338	  169.805313	  194.563782	  183.761353  
	1339	  133.322205	  180.654175	  356.514008  
	1340	  248.783966	  131.583328	  311.605988  
	1341	  99.052734	  180.029465	  143.643784  
	1343	  192.086761	  236.050674	  436.051270  
	1345	  89.861023	  228.132248	  417.475250  
	1346	  154.118164	  41.888222	  127.567177  
	1349	  251.066620	  220.339462	  374.581238  
	1352	  232.538345	  55.819263	  204.732422  
	1355	  107.434082	  178.815369	  -0.122831  
	1358	  157.052368	  284.299133	  241.493103  
	1359	  185.486206	  215.509216	  409.824463  
	1364	  154.905624	  151.049149	  289.825439  
	1370	  204.989426	  50.452854	  317.209412  
	1371	  121.696533	  142.712799	  434.020172  
	1374	  71.064774	  170.750595	  96.970589  
	1377	  67.377052	  240.930481	  236.103790  
	1381	  195.384628	  117.962502	  61.003174  
	1382	  182.508041	  143.020981	  242.079178  
	1384	  190.553284	  27.629829	  327.405945  
	1387	  245.508911	  71.509224	  281.886597  
	1388	  236.565231	  87.024063	  146.431015  
	1393	  70.821358	  190.433533	  29.149542  
	1395	  74.719650	  178.635178	  154.134354  
	1396	  33.244865	  134.542099	  207.250900  
	1399	  184.863129	  120.241676	  267.762726  
	1406	  206.521988	  206.503815	  164.716904  
	1416	  40.474148	  155.825180	  106.667061  
	1421	  31.910257	  178.637741	  63.753899  
	1422	  255.605377	  82.848503	  60.248558  
	1423	  36.629784	  110.745056	  178.608810  
	1424	  113.586250	  276.235107	  116.689011  
	1428	  230.369278	  232.131561	  217.204163  
	1430	  203.966187	  53.313847	  203.207291  
	1438	  60.709953	  161.409668	  23.017086  
	1441	  109.039307	  156.787109	  164.748108  
	1442	  114.654289	  83.381859	  350.137634  
	1443	  162.346390	  164.885330	  145.695435  
	1445	  246.195862	  138.558884	  449.263092  
	1446	  172.418869	  188.092194	  171.680023  
	1447	  137.648499	  166.126068	  360.779297  
	1448	  262.518616	  139.793076	  309.891022  
	1449	  198.270752	  246.601440	  442.985321  
	1452	  159.945068	  47.980316	  139.969131  
	1454	  260.638916	  223.473770	  384.094910  
	1456	  147.491669	  259.101166	  290.808350  
	1460	  116.227654	  168.476929	  -0.248297  
	1463	  147.489990	  289.133789	  230.666595  
	1464	  184.527847	  214.047226	  423.393219  
	1467	  158.801590	  138.176926	  286.209473  
	1469	  96.686592	  155.538239	  -0.213519  
	1471	  113.755356	  150.669922	  -0.217930  
	1473	  194.172562	  40.748718	  323.704803  
	1474	  117.566216	  156.637207	  440.780396  
	1477	  78.886826	  168.831787	  104.879532  
	1481	  54.223297	  164.603104	  293.966858  
	1483	  194.916748	  102.143890	  76.329590  
	1484	  192.870056	  142.916565	  253.964157  
	1486	  179.668243	  22.708221	  316.556000  
	1489	  239.639725	  84.248558	  279.405701  
	1492	  256.738953	  114.863968	  115.342201  
	1497	  35.344154	  143.676407	  216.224823  
	1500	  192.931259	  106.218582	  269.039612  
	1502	  199.420944	  250.431717	  166.789810  
	1503	  67.041740	  149.522537	  -0.001432  
	1506	  191.073181	  209.015457	  162.452133  
	1510	  58.604057	  176.484512	  84.559906  
	1517	  49.666866	  192.913315	  74.360397  
	1519	  41.481430	  227.714676	  59.258244  
	1522	  220.405289	  226.761230	  222.438324  
	1526	  176.878845	  233.872726	  116.285179  
	1528	  272.660583	  201.614899	  154.806824  
	1542	  121.083405	  90.898376	  358.998535  
	1545	  243.071747	  154.071365	  451.823669  
	1546	  143.102081	  151.900543	  366.287964  
	1547	  274.649872	  148.679871	  306.362030  
	1548	  205.977844	  254.723557	  450.158386  
	1550	  163.865036	  57.641811	  152.394669  
	1551	  270.704773	  227.822678	  391.514069  
	1552	  159.257706	  136.719742	  243.113098  
	1556	  124.125267	  153.810059	  0.061708  
	1559	  164.774338	  124.210770	  282.649200  
	1563	  184.123596	  30.504808	  327.147003  
	1564	  111.944084	  169.476166	  445.529114  
	1570	  67.354584	  161.754135	  295.183441  
	1573	  201.552872	  141.273132	  267.610687  
	1574	  170.208893	  19.553104	  304.929199  
	1578	  227.535950	  100.599182	  183.090637  
	1579	  247.212753	  123.871964	  126.570541  
	1582	  37.180592	  151.096024	  226.994461  
	1584	  194.569763	  93.745667	  286.020447  
	1588	  175.764618	  210.446121	  162.497253  
	1592	  266.085388	  154.356186	  -0.066409  
	1594	  59.657738	  200.341354	  80.978630  
	1595	  99.050575	  263.054596	  89.531143  
	1596	  174.320419	  17.107010	  62.437832  
	1598	  122.325485	  171.556534	  143.323517  
	1599	  206.941650	  221.826538	  228.244095  
	1613	  134.391068	  71.640816	  171.941360  
	1614	  201.253983	  217.234604	  -0.459538  
	1616	  162.270035	  161.124817	  142.372162  
	1626	  241.962402	  59.798054	  207.218079  
	1631	  238.640427	  169.372955	  455.631439  
	1632	  149.774506	  138.342361	  372.791687  
	1633	  24.699631	  156.644165	  300.757813  
	1637	  151.704437	  8.771066	  397.150757  
	1641	  146.497894	  145.074753	  16.879875  
	1643	  171.201233	  111.427330	  280.961273  
	1644	  107.647827	  171.288742	  -0.250173  
	1646	  278.950714	  122.821182	  -0.320559  
	1648	  105.773529	  181.580994	  447.039520  
	1653	  81.985947	  158.373917	  293.117798  
	1656	  207.904343	  138.987549	  282.060974  
	1657	  162.742889	  18.893488	  293.814453  
	1660	  224.827225	  103.801666	  195.821121  
	1663	  165.740936	  71.660866	  166.357086  
	1664	  38.578396	  156.880524	  240.136292  
	1665	  197.245544	  83.128212	  298.299286  
	1666	  201.264908	  232.887390	  175.833328  
	1667	  160.043854	  211.010406	  164.845367  
	1671	  71.557907	  207.652725	  89.746712  
	1672	  91.161736	  254.175842	  73.855103  
	1674	  110.312912	  166.890610	  138.576675  
	1675	  192.192886	  218.099731	  233.402771  
	1679	  78.215668	  147.480789	  -0.113005  
	1694	  62.786739	  68.715820	  80.729721  
	1712	  232.835724	  183.802795	  459.898712  
	1713	  157.498016	  125.647438	  377.771576  
	1716	  163.244080	  17.032949	  401.082428  
	1719	  159.390778	  138.968918	  29.462030  
	1721	  178.456635	  98.511871	  281.169678  
	1725	  37.510433	  234.882736	  326.970062  
	1726	  101.222008	  191.451096	  444.594482  
	1729	  96.673248	  154.904343	  287.974152  
	1732	  211.862167	  136.632996	  296.532135  
	1733	  154.522079	  21.422611	  279.938507  
	1735	  219.748474	  106.245773	  210.294098  
	1738	  182.189545	  87.690575	  175.020905  
	1740	  199.799377	  71.931969	  309.991486  
	1742	  147.171066	  211.690842	  167.265320  
	1744	  34.159199	  144.721115	  -0.074083  
	1745	  81.582642	  211.697617	  98.193153  
	1746	  84.442940	  243.433853	  58.459301  
	1747	  184.515717	  44.929340	  75.385757  
	1748	  181.642548	  214.424423	  236.527832  
	1759	  142.781128	  130.751740	  159.508194  
	1765	  151.425018	  123.798370	  192.192856  
	1767	  107.537941	  74.744637	  123.027191  
	1772	  29.319799	  179.014923	  207.631027  
	1789	  227.367615	  198.256058	  462.481781  
	1790	  98.642654	  75.573944	  457.486481  
	1792	  173.387161	  27.189604	  403.443848  
	1794	  171.395554	  132.406250	  40.753235  
	1796	  186.620132	  85.018623	  283.630341  
	1797	  115.175484	  200.335617	  -0.274963  
	1802	  110.531487	  151.300140	  280.553772  
	1804	  213.734116	  134.012543	  311.183197  
	1806	  212.607086	  107.499146	  225.258942  
	1807	  225.082932	  152.262466	  148.846344  
	1808	  190.938889	  99.315735	  181.570496  
	1809	  39.517952	  164.853271	  271.732208  
	1810	  200.995163	  61.384689	  322.346375  
	1811	  127.834946	  210.377426	  170.945679  
	1814	  94.939636	  213.482178	  111.763145  
	1815	  80.186897	  232.544113	  46.556751  
	1816	  189.400528	  58.039513	  82.908310  
	1821	  191.623764	  273.966949	  75.497284  
	1826	  110.699776	  70.625717	  113.373085  
	1827	  114.968712	  162.299271	  147.384979  
	1829	  209.519516	  219.031876	  185.113007  
	1830	  38.985416	  178.337860	  214.360977  
	1833	  210.844696	  257.429718	  138.160782  
	1839	  195.222961	  91.490089	  85.238678  
	1847	  145.496735	  71.098877	  170.769485  
	1849	  178.199570	  20.961178	  235.801178  
	1852	  222.600067	  213.489044	  463.628448  
	1853	  105.763046	  90.228287	  457.072449  
	1859	  194.927963	  72.098297	  288.306763  
	1863	  151.697128	  239.589828	  402.857086  
	1864	  122.922592	  146.477356	  272.148529  
	1866	  213.690323	  130.659149	  326.358459  
	1868	  204.849731	  107.109390	  239.637054  
	1869	  198.099396	  112.356689	  189.095337  
	1870	  37.685661	  167.713348	  288.685211  
	1871	  200.641464	  51.098152	  334.947327  
	1872	  113.251740	  206.394409	  174.128311  
	1874	  77.878418	  222.051315	  38.251595  
	1875	  196.975632	  78.873222	  96.124306  
	1882	  116.606209	  62.335350	  104.376289  
	1885	  214.699326	  253.363358	  150.674683  
	1891	  129.681503	  126.897644	  144.759003  
	1893	  134.713531	  45.126457	  104.855354  
	1895	  44.873444	  239.123108	  246.227814  
	1907	  243.730560	  150.656921	  1.846838  
	1908	  219.242279	  229.443665	  463.590149  
	1909	  113.950768	  104.695686	  457.080505  
	1913	  203.294861	  60.214848	  294.908875  
	1914	  126.858574	  217.014557	  -0.297590  
	1915	  268.579254	  193.693024	  337.168274  
	1916	  133.946747	  139.874649	  264.019196  
	1918	  211.909348	  126.280785	  341.419128  
	1919	  198.381699	  107.360695	  254.462692  
	1920	  203.347366	  125.767990	  196.045181  
	1921	  201.570892	  42.178829	  347.850616  
	1922	  103.197281	  199.956863	  177.453949  
	1929	  203.718903	  80.683861	  112.389786  
	1931	  118.380646	  123.412216	  136.022446  
	1935	  42.215538	  231.294113	  259.881927  
	1938	  270.663269	  162.665833	  52.414783  
	1957	  216.737656	  244.659378	  461.398499  
	1958	  121.438133	  119.317886	  458.588470  
	1961	  211.944641	  49.590351	  303.058014  
	1963	  146.914627	  128.779297	  254.844467  
	1965	  208.684525	  120.512993	  356.361420  
	1966	  207.419525	  139.900391	  201.962708  
	1967	  203.956543	  35.004040	  360.658203  
	1971	  125.022728	  52.781254	  101.169411  
	1975	  212.850723	  84.208549	  130.067734  
	1976	  104.612228	  120.138077	  129.113159  
	1980	  39.235172	  225.064865	  274.342224  
	1989	  187.705872	  187.265045	  135.582321  
	1992	  21.940067	  99.798187	  93.555534  
	2007	  213.421570	  259.763000	  456.129242  
	2008	  127.949211	  134.182861	  461.381317  
	2011	  91.299194	  265.216949	  312.412537  
	2014	  204.549652	  113.581306	  370.268433  
	2015	  210.668808	  154.476685	  206.518250  
	2016	  78.438934	  254.400406	  373.218750  
	2021	  221.320602	  87.211594	  141.868881  
	2024	  35.444347	  220.360184	  289.478790  
	2028	  198.225403	  182.024643	  139.067551  
	2030	  30.598589	  95.554886	  89.509094  
	2033	  62.652390	  158.706299	  17.201231  
	2036	  139.356705	  177.066269	  153.609024  
	2043	  74.119003	  238.737030	  208.151047  
	2054	  133.777908	  149.279984	  462.601532  
	2057	  100.633186	  255.887817	  321.374786  
	2058	  199.675491	  108.026779	  383.065186  
	2059	  213.752441	  169.993271	  209.756485  
	2060	  85.346504	  250.319977	  384.923859  
	2067	  30.523041	  217.007294	  305.064056  
	2071	  208.790436	  172.979218	  146.571548  
	2072	  44.165302	  90.137367	  87.960464  
	2077	  150.701065	  179.092529	  162.090927  
	2085	  270.701447	  109.789627	  0.013326  
	2090	  22.110598	  181.724579	  107.502487  
	2092	  138.104279	  163.932007	  462.579895  
	2095	  105.824493	  249.027512	  326.550507  
	2101	  25.383718	  215.270844	  319.598328  
	2105	  163.726517	  179.322449	  171.548508  
	2109	  60.120674	  244.870621	  218.974670  
	2111	  262.179932	  95.741829	  18.203089  
	2113	  170.800415	  269.308136	  86.422211  
	2117	  140.967163	  178.502319	  461.538025  
	2128	  173.915298	  179.010605	  176.980179  
	2131	  96.931770	  203.562943	  116.554764  
	2132	  257.133698	  86.430481	  44.274357  
	2134	  173.556915	  277.063141	  76.116783  
	2135	  142.393921	  194.135651	  459.641846  
	2143	  50.521088	  61.518173	  65.402679  
	2144	  142.099884	  210.422928	  457.672272  
	2151	  58.673195	  70.879768	  61.246799  
	2152	  141.392654	  226.447952	  457.332214  
	2159	  140.625473	  242.612579	  458.636169  
	2164	  140.640366	  259.029388	  460.398773  
	2168	  141.150894	  275.055176	  460.574249  
	2172	  141.977707	  291.061371	  459.160950  
	2176	  274.345886	  82.180687	  457.535248  
	2180	  277.649475	  98.177994	  457.313080  
	2184	  279.357483	  114.394211	  456.917480  
	2187	  21.198975	  130.324585	  454.918030  
	2189	  23.394861	  146.166519	  453.452728  
	2191	  24.045626	  161.597992	  452.836151  
	2192	  23.078094	  176.517014	  452.766205  
	2193	  20.343657	  192.176300	  453.128052  
	2194	  275.988190	  207.815720	  454.490509  
	2195	  273.189117	  223.697632	  456.042236  
	2196	  141.004883	  15.012177	  456.083038  
	2197	  140.259476	  31.464140	  455.544617  
	2198	  139.977448	  47.666111	  456.586700  
	2199	  139.125488	  63.337334	  459.094604  
	2200	  138.964493	  78.774139	  463.031891  
	2201	  140.356277	  94.139053	  466.537689  
	2202	  142.570251	  109.655113	  468.634064  
   2  total number of boundary nodes
node bctyp press/flow   HD    PO2
	1	  0	  100.000000	  0.400000	  100.000000
	14	  0	  20.000000	  0.400000	  18.000000

