315559 200 10.000020 Current network file generated by angioadapt
  300.000000  300.000000  500.000000	box dimensions in microns
  12    12    20 	number of tissue points in x,y,z directions
  0.000000			outer bound distance (100. in test case)
  75.000000				max. segment length.  (5. in test case)
   40				nodsegm, max. number of segments per node
  845				total number of segments 
  name type from  to  diam       flow
	1	  4	  1	  2	  7.000000	  65.052055	  0.400000  
	2	  3	  2	  3	  10.373892	  65.052055	  0.400000  
	3	  5	  3	  1867	  10.671478	  61.010864	  0.425712  
	4	  5	  1867	  5	  10.317836	  43.629192	  0.436103  
	8	  5	  1086	  88	  9.747549	  5.267349	  0.733602  
	9	  5	  88	  191	  6.917816	  1.508444	  0.612552  
	12	  5	  3	  13	  3.477070	  4.041188	  0.011820  
	13	  5	  13	  192	  4.293128	  4.041188	  0.011820  
	14	  4	  14	  15	  16.000000	  -65.052055	  0.400000  
	15	  3	  15	  192	  12.757207	  -65.052055	  0.400000  
	17	  5	  17	  302	  12.259788	  -53.720394	  0.428018  
	18	  5	  369	  1536	  11.119657	  -34.375206	  0.395532  
	19	  5	  140	  1063	  9.358880	  -14.545261	  0.406141  
	21	  5	  21	  1141	  6.509085	  -1.840828	  0.397326  
	24	  5	  24	  2129	  5.636990	  -0.553780	  0.362795  
	25	  5	  5	  185	  10.523644	  40.407742	  0.465884  
	27	  5	  12	  1827	  4.455358	  0.163434	  0.399225  
	29	  5	  5	  30	  3.203256	  3.221452	  0.062548  
	34	  5	  809	  1353	  5.694204	  0.429003	  0.479480  
	35	  5	  48	  764	  7.037003	  -4.281107	  0.421940  
	36	  5	  956	  21	  6.350768	  -1.840828	  0.397326  
	39	  5	  30	  40	  3.555168	  3.221452	  0.062548  
	40	  5	  1033	  431	  3.791194	  -0.136960	  0.232205  
	44	  5	  88	  45	  6.931435	  1.461653	  0.658096  
	49	  5	  6	  7	  9.879921	  19.888485	  0.494789  
	50	  5	  185	  6	  10.282358	  29.243696	  0.494757  
	53	  5	  40	  54	  3.781036	  3.221452	  0.062548  
	57	  5	  1867	  58	  5.121954	  6.714347	  0.401881  
	59	  5	  249	  1166	  5.556267	  0.460908	  0.665636  
	61	  5	  48	  76	  6.180108	  -1.352958	  0.487366  
	63	  5	  6	  64	  5.121545	  2.524548	  0.298843  
	67	  5	  54	  514	  3.962431	  3.221452	  0.062548  
	71	  5	  58	  909	  5.527831	  6.714347	  0.401881  
	73	  5	  1166	  74	  5.679789	  0.460908	  0.665636  
	76	  5	  956	  77	  5.397432	  -0.503441	  0.934903  
	77	  5	  64	  78	  5.482998	  2.524548	  0.298843  
	83	  5	  6	  84	  6.914271	  6.830663	  0.567072  
	86	  5	  45	  87	  7.296415	  1.461653	  0.658096  
	97	  5	  76	  98	  6.279204	  -1.352958	  0.487366  
	98	  5	  77	  99	  5.390545	  -0.503441	  0.934903  
	99	  5	  78	  100	  5.676012	  2.524548	  0.298843  
	100	  5	  185	  101	  6.695752	  9.684117	  0.441383  
	105	  5	  84	  303	  7.201708	  6.830663	  0.567072  
	108	  5	  87	  134	  7.464390	  1.324693	  0.702129  
	109	  5	  88	  890	  4.981283	  0.641454	  0.735367  
	113	  5	  24	  139	  4.130342	  -0.102661	  0.407211  
	114	  5	  142	  1898	  4.674186	  -0.288212	  0.209768  
	115	  5	  115	  7	  4.264826	  -1.939843	  0.087650  
	117	  5	  950	  767	  3.628445	  -0.123951	  0.205750  
	121	  5	  1249	  121	  3.986221	  -0.311483	  0.176136  
	124	  5	  98	  869	  5.192794	  -0.810950	  0.245284  
	126	  5	  100	  126	  5.833643	  2.524548	  0.298843  
	127	  5	  101	  127	  7.047697	  9.684117	  0.441383  
	132	  5	  303	  132	  4.489963	  1.477588	  0.393078  
	138	  5	  17	  138	  5.899921	  -2.333020	  0.265985  
	146	  5	  134	  587	  4.586847	  0.534121	  0.678207  
	148	  5	  148	  48	  7.535911	  -7.179432	  0.347203  
	151	  5	  767	  151	  8.159193	  -2.145980	  0.758902  
	155	  5	  121	  1678	  3.758311	  -0.311483	  0.176136  
	159	  5	  99	  159	  5.329094	  -0.503441	  0.934903  
	160	  5	  126	  160	  5.959145	  2.524548	  0.298843  
	161	  5	  127	  161	  5.175391	  7.102741	  0.527214  
	165	  5	  7	  165	  3.530756	  1.545367	  0.017451  
	166	  5	  132	  210	  4.285680	  1.000519	  0.458265  
	172	  5	  138	  172	  5.885328	  -2.333020	  0.265985  
	174	  5	  140	  174	  9.540405	  -13.129557	  0.384159  
	175	  5	  246	  175	  6.084846	  -1.407262	  0.359313  
	176	  5	  142	  1040	  5.087835	  -0.265568	  0.528871  
	177	  5	  7	  177	  7.490312	  5.396004	  0.380792  
	182	  5	  148	  182	  9.015877	  -6.745058	  0.473641  
	184	  5	  48	  184	  4.267573	  -1.545367	  0.017451  
	188	  5	  1086	  188	  6.728822	  2.145980	  0.758902  
	189	  5	  115	  233	  4.054320	  1.939843	  0.087650  
	191	  5	  191	  10	  6.637283	  0.909208	  0.611818  
	192	  5	  192	  17	  12.756982	  -61.010864	  0.425712  
	193	  5	  1033	  1366	  4.971658	  -0.784985	  0.431993  
	195	  5	  514	  154	  5.387377	  3.457228	  0.093327  
	200	  5	  1678	  200	  4.680565	  0.784985	  0.431993  
	204	  5	  159	  204	  5.187141	  -0.503441	  0.934903  
	205	  5	  160	  205	  6.056854	  2.524548	  0.298843  
	206	  5	  161	  206	  8.115904	  8.246297	  0.544734  
	209	  5	  165	  209	  3.848951	  1.545367	  0.017451  
	212	  5	  134	  686	  5.493867	  0.532100	  0.778979  
	216	  5	  172	  216	  5.861477	  -2.333020	  0.265985  
	217	  5	  139	  1436	  4.259468	  -0.102661	  0.407211  
	218	  5	  174	  754	  9.765768	  -13.129557	  0.384159  
	219	  5	  175	  329	  6.129467	  -1.407262	  0.359313  
	226	  5	  182	  595	  9.128247	  -6.745058	  0.473641  
	228	  5	  184	  228	  4.296270	  -1.545367	  0.017451  
	229	  5	  185	  229	  3.353153	  1.479927	  0.055670  
	234	  5	  88	  437	  4.992648	  0.946362	  0.917226  
	235	  5	  191	  279	  4.770354	  0.599235	  0.613666  
	242	  5	  132	  242	  3.442806	  0.477069	  0.256367  
	250	  5	  302	  369	  11.324079	  -35.975216	  0.401092  
	256	  5	  200	  255	  4.824695	  0.784985	  0.431993  
	259	  5	  869	  1268	  5.312602	  -0.810950	  0.245284  
	260	  5	  204	  259	  5.043502	  -0.503441	  0.934903  
	261	  5	  205	  459	  6.157284	  2.524548	  0.298843  
	262	  5	  206	  261	  8.102860	  8.246297	  0.544734  
	265	  5	  209	  264	  3.923001	  1.545367	  0.017451  
	272	  5	  216	  271	  5.821510	  -2.333020	  0.265985  
	277	  5	  177	  687	  5.878776	  2.311847	  0.376324  
	282	  5	  595	  281	  6.187929	  -0.528305	  0.819714  
	284	  5	  228	  283	  4.313038	  -1.545367	  0.017451  
	285	  5	  229	  284	  3.718035	  1.479927	  0.055670  
	289	  5	  233	  342	  4.320305	  1.939843	  0.087650  
	290	  5	  437	  343	  5.281118	  0.946362	  0.917226  
	291	  5	  279	  1232	  3.048154	  0.100022	  0.268568  
	297	  5	  242	  295	  3.719563	  0.477069	  0.256367  
	299	  5	  717	  350	  4.254053	  0.192149	  0.375564  
	301	  5	  246	  1167	  5.996943	  1.407262	  0.359313  
	303	  5	  1676	  301	  4.320454	  -0.098798	  0.494185  
	307	  5	  127	  304	  5.322911	  2.581376	  0.205214  
	309	  5	  154	  306	  5.468925	  3.457228	  0.093327  
	310	  5	  252	  307	  5.112319	  -0.788527	  0.451742  
	313	  5	  255	  310	  4.901954	  0.784985	  0.431993  
	317	  5	  259	  314	  4.843337	  -0.503441	  0.934903  
	319	  5	  261	  316	  8.089377	  8.246297	  0.544734  
	322	  5	  264	  319	  3.987720	  1.545367	  0.017451  
	323	  5	  210	  1031	  3.645859	  0.424397	  0.417351  
	326	  5	  811	  323	  7.713500	  -3.060667	  0.326657  
	327	  5	  890	  324	  4.870151	  -0.416243	  0.137746  
	329	  5	  271	  326	  5.769211	  -2.333020	  0.265985  
	334	  5	  687	  331	  5.821545	  1.796032	  0.442612  
	335	  5	  188	  332	  7.992486	  2.145980	  0.758902  
	337	  5	  279	  396	  4.716207	  0.499213	  0.682810  
	339	  5	  281	  336	  6.285093	  -0.528305	  0.819714  
	341	  5	  283	  338	  4.318558	  -1.545367	  0.017451  
	342	  5	  284	  339	  3.955275	  1.479927	  0.055670  
	350	  5	  1033	  2094	  4.377964	  -0.253220	  0.254253  
	353	  5	  295	  348	  3.901229	  0.477069	  0.256367  
	354	  5	  767	  349	  3.858720	  0.192149	  0.375564  
	357	  5	  1167	  442	  8.910360	  -5.474338	  0.445903  
	361	  5	  303	  418	  8.132010	  5.353075	  0.615099  
	366	  5	  17	  360	  6.895601	  -4.957449	  0.475890  
	374	  5	  430	  140	  10.567180	  -29.154745	  0.378452  
	376	  5	  306	  379	  5.445009	  3.457228	  0.093327  
	377	  5	  307	  371	  3.028948	  0.153504	  0.068825  
	380	  5	  310	  374	  4.951264	  0.784985	  0.431993  
	384	  5	  314	  88	  4.496207	  -0.503441	  0.934903  
	385	  5	  459	  378	  6.080192	  -0.536119	  0.457633  
	386	  5	  316	  379	  8.072079	  8.246297	  0.544734  
	389	  5	  319	  382	  4.036605	  1.545367	  0.017451  
	391	  5	  321	  384	  3.711394	  -0.080418	  0.685138  
	393	  5	  323	  386	  7.680607	  -3.060667	  0.326657  
	394	  5	  324	  387	  4.901147	  -0.416243	  0.137746  
	395	  5	  325	  388	  4.068914	  -0.151498	  0.374194  
	396	  5	  326	  389	  5.703552	  -2.333020	  0.265985  
	398	  5	  754	  391	  7.820733	  -5.643366	  0.234586  
	399	  5	  329	  392	  5.664700	  -1.253758	  0.394879  
	401	  5	  331	  394	  6.032755	  1.796032	  0.442612  
	402	  5	  332	  151	  8.339487	  2.145980	  0.758902  
	406	  5	  336	  398	  6.341832	  -0.528305	  0.819714  
	408	  5	  338	  400	  4.314697	  -1.545367	  0.017451  
	409	  5	  339	  401	  4.128614	  1.479927	  0.055670  
	413	  5	  343	  859	  5.443168	  0.946362	  0.917226  
	418	  5	  348	  410	  4.040470	  0.477069	  0.256367  
	419	  5	  349	  411	  4.090423	  0.192149	  0.375564  
	420	  5	  350	  782	  5.480303	  -1.517304	  0.263363  
	421	  5	  7	  413	  5.737523	  3.057823	  0.605261  
	422	  5	  442	  414	  4.763229	  0.632692	  0.069649  
	430	  5	  360	  647	  6.736449	  -4.957449	  0.475890  
	435	  5	  1488	  427	  5.498076	  0.575385	  0.500065  
	447	  5	  342	  509	  3.984669	  1.939843	  0.087650  
	448	  5	  304	  439	  5.584877	  2.581376	  0.205214  
	449	  5	  252	  440	  5.159150	  0.788527	  0.451742  
	453	  5	  379	  444	  8.568551	  11.703526	  0.411388  
	454	  5	  371	  445	  3.170725	  0.153504	  0.068825  
	456	  5	  1336	  447	  4.002581	  -0.081324	  0.467192  
	458	  5	  374	  1366	  4.988065	  0.784985	  0.431993  
	461	  5	  1268	  451	  7.209055	  -1.942750	  0.474943  
	462	  5	  378	  452	  5.991306	  -0.536119	  0.457633  
	466	  5	  382	  473	  4.087371	  1.545367	  0.017451  
	468	  5	  384	  457	  4.452647	  -0.159674	  0.654721  
	470	  5	  386	  459	  7.655663	  -3.060667	  0.326657  
	471	  5	  387	  460	  4.902989	  -0.416243	  0.137746  
	472	  5	  388	  461	  4.023982	  -0.151498	  0.374194  
	473	  5	  389	  462	  5.621397	  -2.333020	  0.265985  
	476	  5	  392	  465	  5.662198	  -1.253758	  0.394879  
	478	  5	  394	  467	  6.132098	  1.796032	  0.442612  
	480	  5	  396	  527	  4.867115	  0.499213	  0.682810  
	482	  5	  398	  471	  6.392515	  -0.528305	  0.819714  
	483	  5	  337	  780	  4.593141	  0.349998	  0.434803  
	484	  5	  400	  473	  4.300093	  -1.545367	  0.017451  
	485	  5	  401	  474	  4.264663	  1.479927	  0.055670  
	486	  5	  1222	  1433	  3.389954	  -0.247931	  0.081424  
	489	  5	  859	  478	  4.037667	  -0.123951	  0.205750  
	492	  5	  2094	  554	  4.884772	  -0.437068	  0.177038  
	494	  5	  410	  483	  4.142676	  0.477069	  0.256367  
	495	  5	  411	  484	  4.133920	  0.192149	  0.375564  
	497	  5	  413	  559	  6.226001	  3.057823	  0.605261  
	502	  5	  418	  491	  7.924167	  4.936832	  0.655347  
	511	  5	  427	  499	  5.481908	  0.575385	  0.500065  
	514	  5	  430	  773	  7.558873	  -3.366516	  0.619599  
	515	  5	  431	  503	  3.729612	  -0.136960	  0.232205  
	516	  5	  10	  972	  3.481513	  0.151663	  0.323196  
	523	  5	  439	  1920	  5.750431	  2.581376	  0.205214  
	524	  5	  440	  511	  5.179554	  0.788527	  0.451742  
	525	  5	  210	  512	  4.108123	  0.576123	  0.488404  
	526	  5	  442	  513	  6.262980	  -1.043693	  0.532441  
	538	  5	  445	  329	  3.244168	  0.153504	  0.068825  
	543	  5	  451	  527	  7.279754	  -1.942750	  0.474943  
	544	  5	  452	  528	  5.933362	  -0.536119	  0.457633  
	549	  5	  457	  134	  4.922455	  -0.258472	  0.593358  
	552	  5	  460	  535	  4.896977	  -0.416243	  0.137746  
	553	  5	  461	  536	  3.947422	  -0.151498	  0.374194  
	554	  5	  462	  537	  5.520733	  -2.333020	  0.265985  
	556	  5	  391	  964	  7.995696	  -5.643366	  0.234586  
	557	  5	  465	  811	  6.478392	  -1.681569	  0.330427  
	558	  5	  1620	  541	  7.811307	  -2.582853	  0.566452  
	559	  5	  467	  542	  6.220681	  1.796032	  0.442612  
	561	  5	  527	  1423	  5.692584	  -1.040659	  0.277829  
	563	  5	  471	  545	  6.431997	  -0.528305	  0.819714  
	564	  5	  780	  546	  4.539013	  0.349998	  0.434803  
	566	  5	  474	  548	  4.370980	  1.479927	  0.055670  
	569	  5	  477	  551	  4.466243	  0.192149	  0.375564  
	570	  5	  478	  785	  3.964015	  -0.123951	  0.205750  
	571	  5	  1232	  2082	  4.925817	  0.315335	  0.600393  
	574	  5	  483	  556	  4.200321	  0.477069	  0.256367  
	576	  5	  782	  558	  5.572590	  -1.517304	  0.263363  
	582	  5	  491	  564	  8.087308	  4.936832	  0.655347  
	587	  5	  871	  569	  5.065774	  -1.936838	  0.311999  
	590	  5	  499	  572	  5.456492	  0.575385	  0.500065  
	594	  5	  503	  576	  3.684287	  -0.136960	  0.232205  
	597	  5	  1171	  1289	  4.340228	  0.081324	  0.467192  
	600	  5	  509	  581	  4.066048	  1.939843	  0.087650  
	601	  5	  1920	  582	  4.903454	  1.853946	  0.257255  
	602	  5	  511	  583	  5.194176	  0.788527	  0.451742  
	603	  5	  512	  584	  4.305880	  0.576123	  0.488404  
	613	  5	  249	  447	  3.843623	  0.081324	  0.467192  
	623	  5	  301	  1435	  4.295850	  -0.098798	  0.494185  
	631	  5	  764	  956	  7.142735	  -4.281107	  0.421940  
	632	  5	  444	  302	  9.943728	  17.745180	  0.482606  
	637	  5	  527	  611	  5.291496	  -0.402878	  0.726528  
	638	  5	  528	  700	  5.818936	  -0.536119	  0.457633  
	645	  5	  535	  617	  4.881042	  -0.416243	  0.137746  
	646	  5	  536	  618	  3.821203	  -0.151498	  0.374194  
	647	  5	  537	  619	  5.394090	  -2.333020	  0.265985  
	652	  5	  542	  710	  6.343386	  1.796032	  0.442612  
	653	  5	  1423	  1878	  5.212785	  -0.673994	  0.280942  
	655	  5	  545	  627	  6.460163	  -0.528305	  0.819714  
	656	  5	  546	  414	  6.039952	  1.189648	  0.427019  
	658	  5	  548	  629	  4.455990	  1.479927	  0.055670  
	659	  5	  1433	  630	  7.379923	  1.161174	  0.471282  
	661	  5	  551	  717	  4.423741	  0.192149	  0.375564  
	664	  5	  554	  635	  4.826969	  -0.437068	  0.177038  
	665	  5	  1359	  337	  4.851158	  0.349998	  0.434803  
	666	  5	  556	  794	  4.236502	  0.477069	  0.256367  
	668	  5	  558	  638	  5.639020	  -1.517304	  0.263363  
	669	  5	  559	  1396	  6.497701	  3.057823	  0.605261  
	670	  5	  560	  640	  4.454958	  -0.427811	  0.141542  
	674	  5	  564	  643	  8.229081	  4.936832	  0.655347  
	679	  5	  569	  732	  5.006131	  -1.936838	  0.311999  
	682	  5	  572	  651	  5.420022	  0.575385	  0.500065  
	684	  5	  574	  737	  5.394263	  -0.349998	  0.434803  
	685	  5	  773	  654	  7.420934	  -2.250910	  0.723146  
	686	  5	  576	  655	  3.607254	  -0.136960	  0.232205  
	692	  5	  582	  661	  5.091681	  1.853946	  0.257255  
	693	  5	  583	  662	  5.199086	  0.788527	  0.451742  
	694	  5	  584	  656	  4.418439	  0.576123	  0.488404  
	704	  5	  595	  672	  8.152220	  -6.216753	  0.444231  
	719	  5	  307	  811	  5.630574	  -0.942031	  0.389346  
	727	  5	  369	  693	  6.044140	  -1.600008	  0.520548  
	734	  5	  611	  699	  5.290971	  -0.402878	  0.726528  
	738	  5	  878	  703	  5.299931	  -0.482312	  0.500320  
	739	  5	  617	  704	  4.852427	  -0.416243	  0.137746  
	740	  5	  618	  1437	  3.635376	  -0.151498	  0.374194  
	741	  5	  619	  706	  5.238357	  -2.333020	  0.265985  
	743	  5	  964	  708	  7.592719	  -2.914997	  0.273625  
	745	  5	  541	  802	  8.910054	  -3.887939	  0.540832  
	749	  5	  627	  713	  6.477902	  -0.528305	  0.819714  
	751	  5	  629	  715	  4.527291	  1.479927	  0.055670  
	756	  5	  634	  719	  3.612627	  -0.332465	  0.060916  
	757	  5	  635	  811	  4.718097	  -0.437068	  0.177038  
	759	  5	  484	  477	  4.147277	  0.192149	  0.375564  
	760	  5	  638	  723	  5.683081	  -1.517304	  0.263363  
	762	  5	  640	  725	  4.465690	  -0.427811	  0.141542  
	765	  5	  643	  727	  8.342249	  4.936832	  0.655347  
	769	  5	  647	  731	  5.288333	  -4.381327	  0.474244  
	773	  5	  651	  735	  5.375991	  0.575385	  0.500065  
	776	  5	  654	  738	  7.495985	  -2.250910	  0.723146  
	777	  5	  655	  739	  3.489014	  -0.136960	  0.232205  
	783	  5	  661	  745	  5.203699	  1.853946	  0.257255  
	784	  5	  662	  746	  5.191916	  0.788527	  0.451742  
	794	  5	  672	  1242	  8.443794	  -6.216753	  0.444231  
	808	  5	  686	  1077	  5.767071	  0.532100	  0.778979  
	809	  5	  687	  766	  3.706884	  0.515816	  0.145513  
	811	  5	  754	  768	  4.413863	  -0.727430	  0.072580  
	815	  5	  693	  772	  6.096644	  -1.600008	  0.520548  
	837	  5	  699	  792	  5.273666	  -0.402878	  0.726528  
	838	  5	  700	  793	  5.655343	  -0.536119	  0.457633  
	842	  5	  704	  797	  4.812217	  -0.416243	  0.137746  
	843	  5	  1437	  1076	  5.444973	  -0.596308	  0.593103  
	844	  5	  706	  799	  5.041692	  -2.333020	  0.265985  
	846	  5	  708	  801	  7.751769	  -2.914997	  0.273625  
	848	  5	  710	  803	  9.151726	  6.041655	  0.620567  
	849	  5	  1878	  804	  3.543158	  -0.247931	  0.081424  
	851	  5	  713	  806	  6.484608	  -0.528305	  0.819714  
	853	  5	  715	  808	  4.587146	  1.479927	  0.055670  
	854	  5	  2125	  809	  5.919169	  -0.379061	  0.608287  
	857	  5	  719	  1033	  3.630821	  -0.332465	  0.060916  
	861	  5	  723	  813	  5.723364	  -1.517304	  0.263363  
	862	  5	  1396	  814	  6.033108	  2.437052	  0.669172  
	863	  5	  725	  815	  4.470144	  -0.427811	  0.141542  
	869	  5	  732	  1383	  4.865485	  -1.936838	  0.311999  
	872	  5	  735	  546	  5.328773	  0.575385	  0.500065  
	875	  5	  738	  913	  7.548396	  -2.250910	  0.723146  
	876	  5	  739	  825	  3.319757	  -0.136960	  0.232205  
	880	  5	  1077	  829	  5.581705	  0.532100	  0.778979  
	882	  5	  745	  830	  5.292737	  1.853946	  0.257255  
	883	  5	  746	  581	  5.163058	  0.788527	  0.451742  
	887	  5	  587	  833	  5.872781	  0.845604	  0.493266  
	891	  5	  754	  837	  7.179101	  -4.321709	  0.471199  
	903	  5	  766	  848	  3.975143	  0.515816	  0.145513  
	904	  5	  767	  935	  6.641515	  1.696521	  0.867877  
	905	  5	  768	  850	  4.462272	  -0.727430	  0.072580  
	907	  5	  647	  978	  4.585795	  -0.576123	  0.488404  
	909	  5	  772	  854	  6.146723	  -1.600008	  0.520548  
	910	  5	  773	  855	  5.140294	  -1.115605	  0.410677  
	922	  5	  785	  864	  4.026949	  -0.123951	  0.205750  
	929	  5	  1676	  870	  5.222350	  0.570968	  0.281259  
	947	  5	  792	  886	  5.236314	  -0.402878	  0.726528  
	948	  5	  793	  887	  5.509134	  -0.536119	  0.457633  
	949	  5	  794	  888	  4.389387	  0.477069	  0.256367  
	951	  5	  703	  890	  5.310741	  -0.482312	  0.500320  
	952	  5	  797	  891	  4.756989	  -0.416243	  0.137746  
	954	  5	  799	  731	  4.797437	  -2.333020	  0.265985  
	956	  5	  801	  894	  7.836939	  -2.914997	  0.273625  
	957	  5	  802	  895	  8.889400	  -4.709982	  0.498656  
	958	  5	  803	  896	  9.205540	  6.041655	  0.620567  
	959	  5	  804	  1681	  3.536664	  -0.247931	  0.081424  
	960	  5	  805	  898	  6.780809	  1.172496	  0.684740  
	961	  5	  806	  1310	  6.473876	  -0.528305	  0.819714  
	962	  5	  414	  560	  4.068600	  -0.427811	  0.141542  
	963	  5	  808	  900	  4.636354	  1.479927	  0.055670  
	968	  5	  813	  903	  5.759254	  -1.517304	  0.263363  
	969	  5	  814	  754	  6.178812	  2.437052	  0.669172  
	970	  5	  815	  905	  4.467394	  -0.427811	  0.141542  
	971	  5	  727	  710	  8.341971	  4.245624	  0.695848  
	974	  5	  730	  1323	  4.772834	  0.390997	  0.728518  
	975	  5	  731	  909	  6.065693	  -6.714347	  0.401881  
	978	  5	  737	  1718	  5.297389	  -0.349998	  0.434803  
	980	  5	  825	  87	  3.040563	  -0.136960	  0.232205  
	984	  5	  829	  1850	  5.640924	  0.532100	  0.778979  
	985	  5	  830	  918	  5.364485	  1.853946	  0.257255  
	988	  5	  833	  921	  5.888471	  0.845604	  0.493266  
	992	  5	  837	  924	  7.246596	  -4.321709	  0.471199  
	1003	  5	  848	  934	  4.148104	  0.515816	  0.145513  
	1005	  5	  850	  936	  4.514661	  -0.727430	  0.072580  
	1009	  5	  854	  940	  6.194741	  -1.600008	  0.520548  
	1010	  5	  855	  1031	  5.117724	  -1.115605	  0.410677  
	1014	  5	  859	  945	  8.187346	  1.070313	  0.834832  
	1019	  5	  864	  950	  3.933628	  -0.123951	  0.205750  
	1025	  5	  870	  1759	  6.255981	  -1.034059	  0.238402  
	1026	  5	  871	  956	  4.806238	  1.936838	  0.311999  
	1027	  5	  593	  957	  3.814661	  0.151663	  0.323196  
	1033	  5	  878	  962	  5.325179	  0.482312	  0.500320  
	1035	  5	  581	  964	  5.308924	  2.728369	  0.192876  
	1038	  5	  249	  967	  4.267260	  0.215313	  0.754540  
	1045	  5	  634	  974	  7.701231	  -3.281961	  0.337693  
	1046	  5	  634	  442	  8.791752	  5.063336	  0.381050  
	1051	  5	  656	  978	  4.888758	  0.576123	  0.488404  
	1053	  5	  1063	  148	  9.271729	  -13.924490	  0.408450  
	1058	  5	  886	  74	  5.178875	  -0.402878	  0.726528  
	1059	  5	  887	  985	  5.331808	  -0.536119	  0.457633  
	1060	  5	  888	  913	  4.398463	  0.477069	  0.256367  
	1063	  5	  891	  988	  4.680680	  -0.416243	  0.137746  
	1064	  5	  1076	  977	  3.821722	  0.235527	  0.374252  
	1066	  5	  894	  991	  7.919596	  -2.914997	  0.273625  
	1068	  5	  896	  1191	  7.115098	  5.183156	  0.671779  
	1070	  5	  898	  995	  6.836428	  1.172496	  0.684740  
	1071	  5	  1310	  996	  5.769137	  0.542008	  0.849567  
	1072	  5	  900	  997	  4.676148	  1.479927	  0.055670  
	1075	  5	  903	  1000	  5.791900	  -1.517304	  0.263363  
	1077	  5	  905	  1002	  4.454869	  -0.427811	  0.141542  
	1081	  5	  1383	  1005	  5.840594	  -2.443016	  0.256232  
	1082	  5	  1890	  1722	  4.114839	  0.102661	  0.407211  
	1084	  5	  913	  1007	  7.412654	  -1.773841	  0.848685  
	1088	  5	  1850	  1011	  8.092940	  1.143556	  0.653548  
	1089	  5	  918	  1012	  5.422421	  1.853946	  0.257255  
	1090	  5	  1671	  1443	  6.165889	  1.064768	  0.731501  
	1094	  5	  1795	  1016	  3.040299	  0.102160	  0.187931  
	1095	  5	  924	  350	  7.309813	  -4.321709	  0.471199  
	1105	  5	  934	  1025	  4.270619	  0.515816	  0.145513  
	1106	  5	  935	  1026	  4.347096	  0.235777	  0.513859  
	1107	  5	  936	  1027	  4.566897	  -0.727430	  0.072580  
	1111	  5	  940	  1030	  6.236024	  -1.600008	  0.520548  
	1116	  5	  945	  1035	  8.216938	  1.070313	  0.834832  
	1128	  5	  957	  1045	  3.879882	  0.151663	  0.323196  
	1133	  5	  962	  1141	  5.266798	  0.482312	  0.500320  
	1135	  5	  1222	  1681	  3.530029	  0.247931	  0.081424  
	1137	  5	  967	  1054	  4.445992	  0.215313	  0.754540  
	1142	  5	  972	  593	  3.700079	  0.151663	  0.323196  
	1144	  5	  974	  1445	  7.794815	  -3.281961	  0.337693  
	1150	  5	  809	  1149	  4.404110	  0.182712	  0.450362  
	1154	  5	  1488	  890	  6.095127	  -0.575385	  0.500065  
	1168	  5	  541	  1076	  5.658587	  0.831835	  0.531137  
	1178	  5	  1086	  7	  9.877131	  -7.949449	  0.721820  
	1179	  5	  985	  1086	  4.930014	  -0.536119	  0.457633  
	1182	  5	  988	  1089	  4.577051	  -0.416243	  0.137746  
	1185	  5	  991	  1091	  7.995118	  -2.914997	  0.273625  
	1186	  5	  895	  1520	  9.075841	  -6.116717	  0.465938  
	1190	  5	  996	  1096	  5.757484	  0.542008	  0.849567  
	1191	  5	  997	  1097	  4.706756	  1.479927	  0.055670  
	1194	  5	  1000	  1100	  5.818780	  -1.517304	  0.263363  
	1196	  5	  1002	  1101	  4.430055	  -0.427811	  0.141542  
	1199	  5	  1005	  1103	  5.742105	  -2.443016	  0.256232  
	1201	  5	  1007	  1105	  7.426199	  -1.773841	  0.848685  
	1205	  5	  1011	  1109	  8.051790	  1.143556	  0.653548  
	1206	  5	  1012	  1110	  5.467864	  1.853946	  0.257255  
	1210	  5	  1016	  1835	  3.246477	  0.102160	  0.187931  
	1212	  5	  1405	  802	  4.498726	  -0.822044	  0.299183  
	1216	  5	  930	  1120	  3.936623	  -0.506178	  0.042845  
	1219	  5	  1025	  1123	  4.354507	  0.515816	  0.145513  
	1220	  5	  1026	  1124	  4.486404	  0.235777	  0.513859  
	1221	  5	  1027	  1125	  4.613153	  -0.727430	  0.072580  
	1223	  5	  1030	  1126	  6.272581	  -1.600008	  0.520548  
	1228	  5	  1035	  1130	  8.243270	  1.070313	  0.834832  
	1238	  5	  1045	  1138	  3.914013	  0.151663	  0.323196  
	1246	  5	  1054	  1142	  4.557438	  0.215313	  0.754540  
	1247	  5	  1031	  1143	  4.265201	  -0.691209	  0.406578  
	1249	  5	  1445	  870	  7.202407	  -2.342793	  0.293590  
	1251	  5	  1059	  1146	  4.873436	  0.265568	  0.528871  
	1255	  5	  1063	  1150	  4.459036	  -0.620772	  0.354357  
	1258	  5	  1268	  1153	  5.732527	  -1.170092	  0.408285  
	1264	  5	  805	  1878	  4.037249	  0.323903	  0.462999  
	1269	  5	  587	  1162	  3.964414	  -0.311483	  0.176136  
	1284	  5	  630	  1260	  7.515676	  1.161174	  0.471282  
	1302	  5	  1089	  1187	  4.439524	  -0.416243	  0.137746  
	1304	  5	  1091	  1189	  8.062679	  -2.914997	  0.273625  
	1308	  5	  995	  1193	  3.271224	  0.107728	  0.222561  
	1309	  5	  1096	  1194	  5.741513	  0.542008	  0.849567  
	1310	  5	  1097	  1195	  4.730348	  1.479927	  0.055670  
	1311	  5	  1783	  977	  3.877847	  -0.235527	  0.374252  
	1313	  5	  1100	  1198	  5.838538	  -1.517304	  0.263363  
	1314	  5	  1101	  1199	  4.390014	  -0.427811	  0.141542  
	1316	  5	  1103	  1201	  5.593305	  -2.443016	  0.256232  
	1318	  5	  1105	  935	  7.428051	  -1.773841	  0.848685  
	1322	  5	  1109	  1207	  8.013651	  1.143556	  0.653548  
	1323	  5	  1110	  1208	  5.499552	  1.853946	  0.257255  
	1324	  5	  1443	  1209	  5.631964	  -0.845604	  0.493266  
	1328	  5	  1242	  414	  6.933713	  -2.250150	  0.272259  
	1332	  5	  1120	  1215	  3.839314	  -0.506178	  0.042845  
	1335	  5	  1123	  1217	  4.410465	  0.515816	  0.145513  
	1336	  5	  1124	  1218	  4.577606	  0.235777	  0.513859  
	1337	  5	  1125	  1219	  4.652569	  -0.727430	  0.072580  
	1338	  5	  1126	  1220	  6.305495	  -1.600008	  0.520548  
	1342	  5	  1130	  1223	  8.261106	  1.070313	  0.834832  
	1350	  5	  1138	  1576	  3.927558	  0.151663	  0.323196  
	1351	  5	  1635	  325	  5.917901	  0.758836	  0.580448  
	1354	  5	  1142	  1232	  4.619907	  0.215313	  0.754540  
	1355	  5	  1143	  727	  3.846404	  -0.691209	  0.406578  
	1362	  5	  1150	  1238	  4.340331	  -0.620772	  0.354357  
	1365	  5	  1153	  1506	  5.739634	  -1.170092	  0.408285  
	1374	  5	  1162	  1249	  3.911989	  -0.311483	  0.176136  
	1379	  5	  1167	  1242	  9.464807	  6.881599	  0.428195  
	1381	  5	  2082	  1576	  4.717011	  -0.666334	  0.367513  
	1383	  5	  1171	  1257	  4.301394	  -0.081324	  0.467192  
	1387	  5	  1827	  1261	  4.565458	  0.163434	  0.399225  
	1398	  5	  325	  1266	  6.000721	  0.910334	  0.546124  
	1411	  5	  1353	  12	  4.321315	  0.163434	  0.399225  
	1414	  5	  1187	  418	  4.075232	  -0.416243	  0.137746  
	1416	  5	  1189	  1242	  8.131431	  -2.914997	  0.273625  
	1417	  5	  1520	  1282	  4.679083	  1.011126	  0.373756  
	1418	  5	  1191	  1283	  5.774819	  -0.858499	  0.311378  
	1420	  5	  1193	  1284	  3.449550	  0.107728	  0.222561  
	1421	  5	  1194	  98	  5.718029	  0.542008	  0.849567  
	1422	  5	  1195	  1285	  4.748105	  1.479927	  0.055670  
	1426	  5	  1199	  465	  4.324667	  -0.427811	  0.141542  
	1427	  5	  1200	  1289	  4.398040	  -0.081324	  0.467192  
	1428	  5	  1201	  1290	  9.140119	  -10.667326	  0.398214  
	1434	  5	  1207	  1296	  7.970800	  1.143556	  0.653548  
	1435	  5	  1208	  1297	  5.521433	  1.853946	  0.257255  
	1436	  5	  1209	  1298	  5.660361	  -0.845604	  0.493266  
	1442	  5	  1215	  1383	  3.616420	  -0.506178	  0.042845  
	1444	  5	  1217	  1305	  4.445504	  0.515816	  0.145513  
	1445	  5	  1218	  1306	  4.648208	  0.235777	  0.513859  
	1446	  5	  1219	  1307	  4.684750	  -0.727430	  0.072580  
	1447	  5	  1220	  1308	  6.334676	  -1.600008	  0.520548  
	1450	  5	  1223	  1310	  8.271224	  1.070313	  0.834832  
	1455	  5	  1228	  1315	  3.427423	  -0.058030	  0.242894  
	1458	  5	  1141	  1033	  5.572582	  -1.358516	  0.360760  
	1466	  5	  1238	  1322	  4.180515	  -0.620772	  0.354357  
	1482	  5	  1576	  1334	  4.525206	  -0.822044	  0.299183  
	1484	  5	  1257	  1336	  4.268683	  -0.081324	  0.467192  
	1487	  5	  1260	  1339	  3.773221	  0.170398	  0.168300  
	1488	  5	  1261	  1340	  4.566801	  0.163434	  0.399225  
	1493	  5	  1266	  1345	  5.980026	  0.910334	  0.546124  
	1495	  5	  1268	  1347	  9.366796	  4.212264	  0.569171  
	1503	  5	  249	  10	  6.241248	  -0.757545	  0.669601  
	1508	  5	  470	  1356	  4.211967	  -0.133929	  0.361574  
	1525	  5	  1282	  1369	  4.870023	  1.011126	  0.373756  
	1526	  5	  1283	  1370	  5.845382	  -0.858499	  0.311378  
	1527	  5	  1284	  1371	  3.485507	  0.107728	  0.222561  
	1528	  5	  1285	  1372	  4.759298	  1.479927	  0.055670  
	1533	  5	  1290	  1375	  9.060755	  -10.667326	  0.398214  
	1534	  5	  1291	  457	  4.155101	  -0.098798	  0.494185  
	1538	  5	  1296	  1379	  7.923048	  1.143556	  0.653548  
	1539	  5	  1297	  1380	  5.536724	  1.853946	  0.257255  
	1540	  5	  1298	  921	  5.667181	  -0.845604	  0.493266  
	1547	  5	  1305	  1385	  4.463853	  0.515816	  0.145513  
	1548	  5	  1306	  1386	  4.696622	  0.235777	  0.513859  
	1549	  5	  1307	  1387	  4.710561	  -0.727430	  0.072580  
	1550	  5	  1308	  1388	  6.361112	  -1.600008	  0.520548  
	1554	  5	  1312	  1291	  3.768824	  -0.098798	  0.494185  
	1557	  5	  1315	  1392	  3.366530	  -0.058030	  0.242894  
	1561	  5	  1320	  1395	  4.127463	  -0.102661	  0.407211  
	1563	  5	  1322	  1396	  3.965075	  -0.620772	  0.354357  
	1567	  5	  1243	  1765	  3.997017	  -0.121106	  0.112518  
	1575	  5	  1334	  1405	  4.460637	  -0.822044	  0.299183  
	1579	  5	  541	  1944	  4.389815	  0.313097	  0.492552  
	1580	  5	  1339	  1410	  3.919736	  0.170398	  0.168300  
	1581	  5	  1340	  1411	  4.558178	  0.163434	  0.399225  
	1584	  5	  1149	  1487	  4.334354	  0.182712	  0.450362  
	1586	  5	  1345	  1579	  5.909936	  0.910334	  0.546124  
	1587	  5	  1371	  1323	  6.021244	  -0.524066	  0.661037  
	1588	  5	  1347	  1417	  9.344171	  4.212264	  0.569171  
	1594	  5	  1353	  1493	  5.028859	  0.265568	  0.528871  
	1596	  5	  1356	  1813	  4.027380	  -0.133929	  0.361574  
	1599	  5	  1359	  1425	  4.620531	  -0.349998	  0.434803  
	1614	  5	  1722	  1436	  4.243716	  0.102661	  0.407211  
	1634	  5	  1369	  1452	  4.952012	  1.011126	  0.373756  
	1635	  5	  1370	  1453	  5.917776	  -0.858499	  0.311378  
	1637	  5	  1372	  1455	  4.764335	  1.479927	  0.055670  
	1640	  5	  1375	  1532	  8.949181	  -10.667326	  0.398214  
	1642	  5	  935	  1459	  5.117362	  -0.313097	  0.492552  
	1644	  5	  1379	  1461	  7.870660	  1.143556	  0.653548  
	1645	  5	  1380	  1462	  5.542292	  1.853946	  0.257255  
	1649	  5	  1385	  1465	  4.467875	  0.515816	  0.145513  
	1650	  5	  1386	  1466	  4.724824	  0.235777	  0.513859  
	1651	  5	  1387	  1467	  4.728631	  -0.727430	  0.072580  
	1652	  5	  1388	  1468	  6.383554	  -1.600008	  0.520548  
	1656	  5	  1392	  74	  3.150303	  -0.058030	  0.242894  
	1672	  5	  1410	  1484	  4.325581	  0.232214	  0.205668  
	1673	  5	  1411	  1729	  4.537899	  0.163434	  0.399225  
	1679	  5	  1417	  1605	  9.314599	  4.212264	  0.569171  
	1684	  5	  1813	  1978	  5.791187	  0.397476	  0.613790  
	1685	  5	  1423	  1620	  3.904628	  -0.366666	  0.272107  
	1687	  5	  1425	  574	  4.601393	  -0.349998	  0.434803  
	1694	  5	  1433	  1503	  8.483882	  -2.392668	  0.430983  
	1695	  5	  1435	  1504	  4.282042	  -0.098798	  0.494185  
	1698	  5	  1437	  730	  4.753778	  0.444810	  0.667662  
	1699	  5	  1783	  1506	  6.574756	  1.170092	  0.408285  
	1704	  5	  1443	  1268	  7.820806	  1.910372	  0.626049  
	1706	  5	  1445	  1576	  3.908888	  -0.307374	  0.162902  
	1732	  5	  1452	  1198	  5.017580	  1.011126	  0.373756  
	1733	  5	  1453	  1528	  5.987983	  -0.858499	  0.311378  
	1735	  5	  1455	  1529	  4.762964	  1.479927	  0.055670  
	1737	  5	  1198	  1531	  4.119343	  -0.506178	  0.042845  
	1739	  5	  1459	  1533	  5.094255	  -0.313097	  0.492552  
	1741	  5	  1461	  1535	  7.811303	  1.143556	  0.653548  
	1742	  5	  1462	  1536	  5.539823	  1.853946	  0.257255  
	1745	  5	  1465	  1539	  4.458635	  0.515816	  0.145513  
	1746	  5	  1466	  1540	  4.739216	  0.235777	  0.513859  
	1747	  5	  1467	  1541	  4.740108	  -0.727430	  0.072580  
	1748	  5	  1468	  1542	  6.403070	  -1.600008	  0.520548  
	1764	  5	  1484	  1553	  4.340393	  0.232214	  0.205668  
	1765	  5	  1729	  327	  5.267731	  0.284540	  0.277197  
	1767	  5	  1487	  1554	  4.385781	  -0.133929	  0.361574  
	1769	  5	  1579	  1555	  3.985862	  -0.133359	  0.439039  
	1770	  5	  1605	  350	  7.384678	  2.612255	  0.598953  
	1773	  5	  1493	  1558	  5.095452	  0.265568	  0.528871  
	1780	  5	  1898	  1563	  3.216575	  -0.055998	  0.226768  
	1783	  5	  1503	  1564	  8.434775	  -2.392668	  0.430983  
	1784	  5	  1504	  1565	  4.299779	  -0.098798	  0.494185  
	1798	  5	  995	  1575	  6.261528	  1.064768	  0.731501  
	1800	  5	  1520	  1577	  9.095880	  -8.224310	  0.440389  
	1817	  5	  1371	  1584	  5.929426	  0.631794	  0.586272  
	1819	  5	  1813	  1795	  6.449394	  -0.531405	  0.550225  
	1827	  5	  1528	  1592	  6.051730	  -0.858499	  0.311378  
	1828	  5	  1529	  1593	  4.757477	  1.479927	  0.055670  
	1830	  5	  1531	  1595	  4.152190	  -0.506178	  0.042845  
	1831	  5	  1532	  1596	  8.829248	  -10.667326	  0.398214  
	1832	  5	  1533	  1597	  5.062459	  -0.313097	  0.492552  
	1833	  5	  1535	  1598	  7.747328	  1.143556	  0.653548  
	1834	  5	  1536	  430	  10.980687	  -32.521259	  0.403415  
	1838	  5	  1539	  1033	  4.431034	  0.515816	  0.145513  
	1839	  5	  1540	  1603	  4.744526	  0.235777	  0.513859  
	1840	  5	  1541	  1604	  4.742908	  -0.727430	  0.072580  
	1841	  5	  1542	  1605	  6.422793	  -1.600008	  0.520548  
	1843	  5	  1800	  1607	  4.039837	  -0.121106	  0.112518  
	1844	  5	  1395	  1608	  5.257449	  0.294814	  0.685726  
	1845	  5	  1765	  1658	  6.542971	  -0.879942	  0.516048  
	1852	  5	  1553	  1862	  4.329356	  0.232214	  0.205668  
	1853	  5	  1554	  1615	  4.427322	  -0.133929	  0.361574  
	1854	  5	  1555	  1616	  3.969008	  -0.133359	  0.439039  
	1857	  5	  1558	  1059	  5.129398	  0.265568	  0.528871  
	1860	  5	  1496	  541	  3.906368	  -0.160154	  0.272390  
	1863	  5	  1564	  1622	  8.369789	  -2.392668	  0.430983  
	1864	  5	  1565	  1623	  4.301045	  -0.098798	  0.494185  
	1873	  5	  1575	  1630	  6.295739	  1.064768	  0.731501  
	1875	  5	  1577	  1631	  9.045424	  -8.224310	  0.440389  
	1877	  5	  1579	  513	  6.194910	  1.043693	  0.532441  
	1881	  5	  1765	  1635	  5.405935	  0.758836	  0.580448  
	1882	  5	  1584	  1445	  5.827186	  0.631794	  0.586272  
	1883	  5	  1795	  1433	  6.478251	  -0.633564	  0.491806  
	1889	  5	  1520	  1639	  5.146335	  1.096467	  0.359310  
	1894	  5	  1487	  1680	  6.954071	  0.611456	  0.544396  
	1897	  5	  1592	  1644	  6.106751	  -0.858499	  0.311378  
	1898	  5	  1593	  1645	  4.747408	  1.479927	  0.055670  
	1900	  5	  1595	  1647	  4.146453	  -0.506178	  0.042845  
	1901	  5	  1596	  1648	  8.749335	  -10.667326	  0.398214  
	1902	  5	  1597	  1649	  5.014354	  -0.313097	  0.492552  
	1903	  5	  1598	  1650	  7.676045	  1.143556	  0.653548  
	1907	  5	  1603	  1653	  4.738803	  0.235777	  0.513859  
	1908	  5	  1604	  1654	  4.737885	  -0.727430	  0.072580  
	1912	  5	  1608	  1969	  5.318522	  0.294814	  0.685726  
	1919	  5	  1615	  1662	  4.447869	  -0.133929	  0.361574  
	1920	  5	  1616	  1663	  3.925592	  -0.133359	  0.439039  
	1925	  5	  1622	  1667	  8.301481	  -2.392668	  0.430983  
	1926	  5	  1623	  1668	  4.281419	  -0.098798	  0.494185  
	1931	  5	  1630	  1671	  6.308479	  1.064768	  0.731501  
	1932	  5	  1631	  1708	  8.958489	  -8.224310	  0.440389  
	1934	  5	  1496	  1658	  4.104917	  0.160154	  0.272390  
	1940	  5	  1639	  1678	  5.293744	  1.096467	  0.359310  
	1953	  5	  1433	  1688	  4.385951	  0.349998	  0.434803  
	1960	  5	  1645	  1692	  4.732152	  1.479927	  0.055670  
	1962	  5	  1647	  1693	  4.133300	  -0.506178	  0.042845  
	1963	  5	  1648	  1694	  8.657429	  -10.667326	  0.398214  
	1964	  5	  1649	  1933	  4.923564	  -0.313097	  0.492552  
	1965	  5	  1650	  1696	  7.599437	  1.143556	  0.653548  
	1967	  5	  1653	  1698	  4.724009	  0.235777	  0.513859  
	1968	  5	  1654	  1699	  4.725841	  -0.727430	  0.072580  
	1970	  5	  1607	  1700	  4.026108	  -0.121106	  0.112518  
	1971	  5	  1969	  1742	  5.338012	  0.294814	  0.685726  
	1975	  5	  1662	  1702	  4.456009	  -0.133929	  0.361574  
	1976	  5	  1663	  1703	  3.847452	  -0.133359	  0.439039  
	1980	  5	  1667	  1705	  8.227762	  -2.392668	  0.430983  
	1981	  5	  1668	  1312	  4.244454	  -0.098798	  0.494185  
	1989	  5	  1676	  1864	  4.190830	  -0.472170	  0.236706  
	1993	  5	  1680	  1714	  6.907245	  0.611456	  0.544396  
	1995	  5	  895	  1715	  4.600770	  0.934564	  0.416862  
	2001	  5	  1688	  1718	  4.536935	  0.349998	  0.434803  
	2007	  5	  1040	  1724	  4.890199	  -0.265568	  0.528871  
	2019	  5	  1692	  1734	  4.710786	  1.479927	  0.055670  
	2020	  5	  1693	  1735	  4.111611	  -0.506178	  0.042845  
	2021	  5	  1694	  1736	  8.546670	  -10.667326	  0.398214  
	2023	  5	  1696	  1738	  7.511724	  1.143556	  0.653548  
	2025	  5	  1698	  514	  4.687573	  0.235777	  0.513859  
	2026	  5	  1699	  1741	  4.703958	  -0.727430	  0.072580  
	2027	  5	  1700	  1243	  3.994889	  -0.121106	  0.112518  
	2029	  5	  1702	  1743	  4.458029	  -0.133929	  0.361574  
	2030	  5	  1703	  1744	  3.747343	  -0.133359	  0.439039  
	2032	  5	  1705	  1745	  8.146187	  -2.392668	  0.430983  
	2034	  5	  1708	  1746	  8.857964	  -8.224310	  0.440389  
	2035	  5	  1563	  2125	  3.298262	  -0.055998	  0.226768  
	2040	  5	  1714	  1752	  6.862426	  0.611456	  0.544396  
	2041	  5	  1715	  1753	  4.786795	  0.934564	  0.416862  
	2064	  5	  1734	  1804	  4.670495	  1.479927	  0.055670  
	2065	  5	  1735	  1769	  4.084886	  -0.506178	  0.042845  
	2066	  5	  1736	  1770	  8.417405	  -10.667326	  0.398214  
	2068	  5	  1738	  1772	  7.415879	  1.143556	  0.653548  
	2071	  5	  1741	  1774	  4.672863	  -0.727430	  0.072580  
	2072	  5	  1742	  1487	  5.322557	  0.294814	  0.685726  
	2073	  5	  1743	  1775	  4.450554	  -0.133929	  0.361574  
	2074	  5	  1744	  767	  3.489935	  -0.133359	  0.439039  
	2075	  5	  1745	  1776	  8.056158	  -2.392668	  0.430983  
	2076	  5	  1746	  1777	  8.784492	  -8.224310	  0.440389  
	2079	  5	  1864	  1780	  4.137700	  -0.472170	  0.236706  
	2081	  5	  1752	  1782	  6.814086	  0.611456	  0.544396  
	2082	  5	  1753	  1783	  4.881067	  0.934564	  0.416862  
	2085	  5	  2025	  1323	  4.514638	  0.133069	  0.462757  
	2088	  5	  1759	  1787	  5.092093	  -0.284540	  0.277197  
	2109	  5	  1644	  1803	  5.004897	  -0.477123	  0.361978  
	2111	  5	  1769	  930	  4.039529	  -0.506178	  0.042845  
	2112	  5	  1770	  1806	  8.264243	  -10.667326	  0.398214  
	2114	  5	  1772	  1808	  7.307563	  1.143556	  0.653548  
	2116	  5	  1774	  1810	  4.632582	  -0.727430	  0.072580  
	2117	  5	  1775	  1811	  4.433238	  -0.133929	  0.361574  
	2118	  5	  1776	  1812	  7.960506	  -2.392668	  0.430983  
	2119	  5	  1777	  1201	  8.717745	  -8.224310	  0.440389  
	2122	  5	  1780	  1814	  4.022535	  -0.472170	  0.236706  
	2124	  5	  1782	  1816	  6.761240	  0.611456	  0.544396  
	2129	  5	  1787	  327	  5.242226	  -0.284540	  0.277197  
	2144	  5	  1802	  1200	  4.241608	  -0.081324	  0.467192  
	2152	  5	  1146	  1724	  5.191419	  0.265568	  0.528871  
	2154	  5	  1803	  1839	  4.953495	  -0.477123	  0.361978  
	2155	  5	  1804	  1840	  4.619019	  1.479927	  0.055670  
	2157	  5	  1806	  1841	  8.073280	  -10.667326	  0.398214  
	2159	  5	  1808	  1843	  7.189761	  1.143556	  0.653548  
	2161	  5	  1810	  1845	  4.577839	  -0.727430	  0.072580  
	2162	  5	  1811	  1846	  4.401094	  -0.133929	  0.361574  
	2163	  5	  1812	  1847	  8.124117	  -3.084157	  0.384142  
	2165	  5	  1814	  1848	  3.907052	  -0.472170	  0.236706  
	2167	  5	  1816	  1850	  6.716031	  0.611456	  0.544396  
	2182	  5	  1800	  1857	  4.058462	  0.121106	  0.112518  
	2186	  5	  1835	  1860	  3.368281	  0.102160	  0.187931  
	2192	  5	  1839	  1865	  4.901205	  -0.477123	  0.361978  
	2193	  5	  1840	  1866	  4.579672	  1.479927	  0.055670  
	2194	  5	  1841	  1867	  7.831918	  -10.667326	  0.398214  
	2196	  5	  1843	  161	  7.050439	  1.143556	  0.653548  
	2197	  5	  1845	  1869	  4.512062	  -0.727430	  0.072580  
	2198	  5	  1846	  1870	  4.353282	  -0.133929	  0.361574  
	2199	  5	  1847	  1871	  8.017275	  -3.084157	  0.384142  
	2200	  5	  1848	  895	  3.717737	  -0.472170	  0.236706  
	2208	  5	  1857	  1876	  4.040620	  0.121106	  0.112518  
	2211	  5	  1860	  1878	  3.383096	  0.102160	  0.187931  
	2214	  5	  1658	  1620	  7.908142	  -2.216187	  0.615151  
	2220	  5	  1865	  1885	  4.829146	  -0.477123	  0.361978  
	2221	  5	  1866	  140	  4.510422	  1.479927	  0.055670  
	2224	  5	  1869	  1887	  4.429569	  -0.727430	  0.072580  
	2225	  5	  1870	  1888	  4.290103	  -0.133929	  0.361574  
	2226	  5	  1871	  1889	  7.904374	  -3.084157	  0.384142  
	2231	  5	  1876	  1894	  4.016857	  0.121106	  0.112518  
	2236	  5	  1862	  1898	  4.540614	  0.232214	  0.205668  
	2240	  5	  1658	  805	  7.168882	  1.496399	  0.636743  
	2241	  5	  1885	  1900	  4.738655	  -0.477123	  0.361978  
	2243	  5	  1887	  1902	  4.319752	  -0.727430	  0.072580  
	2244	  5	  1888	  470	  4.199458	  -0.133929	  0.361574  
	2245	  5	  1889	  1903	  7.773949	  -3.084157	  0.384142  
	2246	  5	  1890	  1320	  4.283166	  -0.102661	  0.407211  
	2250	  5	  1894	  1907	  3.983801	  0.121106	  0.112518  
	2255	  5	  1900	  1992	  4.617484	  -0.477123	  0.361978  
	2257	  5	  1902	  1912	  4.172681	  -0.727430	  0.072580  
	2258	  5	  1903	  1913	  7.626065	  -3.084157	  0.384142  
	2261	  5	  1907	  1729	  3.938823	  0.121106	  0.112518  
	2265	  5	  1992	  1919	  4.875097	  0.381375	  0.248075  
	2267	  5	  1912	  1920	  3.926466	  -0.727430	  0.072580  
	2268	  5	  1913	  1921	  7.475613	  -3.084157	  0.384142  
	2276	  5	  1919	  1928	  5.073683	  0.381375	  0.248075  
	2286	  5	  1928	  1934	  5.160263	  0.381375	  0.248075  
	2287	  5	  1921	  177	  7.290735	  -3.084157	  0.384142  
	2291	  5	  1933	  1944	  5.067609	  -0.313097	  0.492552  
	2293	  5	  1934	  1940	  5.229904	  0.381375	  0.248075  
	2299	  5	  1940	  1945	  5.284327	  0.381375	  0.248075  
	2305	  5	  1945	  1949	  5.326201	  0.381375	  0.248075  
	2309	  5	  1949	  1953	  5.358644	  0.381375	  0.248075  
	2313	  5	  1953	  1956	  5.378639	  0.381375	  0.248075  
	2316	  5	  1956	  1958	  5.393123	  0.381375	  0.248075  
	2319	  5	  1958	  1961	  5.399617	  0.381375	  0.248075  
	2323	  5	  1961	  1964	  5.399520	  0.381375	  0.248075  
	2326	  5	  1964	  1967	  5.392719	  0.381375	  0.248075  
	2330	  5	  1967	  1971	  5.380617	  0.381375	  0.248075  
	2335	  5	  1971	  1975	  5.362197	  0.381375	  0.248075  
	2337	  5	  1395	  1976	  6.181592	  -0.397476	  0.613790  
	2339	  5	  1975	  1977	  5.335152	  0.381375	  0.248075  
	2340	  5	  1976	  1978	  6.115273	  -0.397476	  0.613790  
	2341	  5	  1977	  1979	  5.301015	  0.381375	  0.248075  
	2343	  5	  1979	  1981	  5.259508	  0.381375	  0.248075  
	2345	  5	  1981	  1982	  5.210837	  0.381375	  0.248075  
	2346	  5	  1982	  1983	  5.159839	  0.381375	  0.248075  
	2347	  5	  1983	  1644	  5.101795	  0.381375	  0.248075  
	2354	  5	  1191	  1989	  8.445142	  6.041655	  0.620567  
	2355	  5	  896	  1990	  5.814147	  0.858499	  0.311378  
	2356	  5	  1989	  1991	  8.425308	  6.041655	  0.620567  
	2357	  5	  1990	  1992	  5.946806	  0.858499	  0.311378  
	2358	  5	  1991	  1993	  8.397468	  6.041655	  0.620567  
	2360	  5	  1993	  444	  8.373695	  6.041655	  0.620567  
	2363	  5	  1260	  809	  7.288939	  0.990776	  0.523391  
	2382	  5	  2019	  2107	  4.407176	  -0.079256	  0.623858  
	2384	  5	  2041	  2016	  5.551639	  -0.261247	  0.760959  
	2386	  5	  2016	  2018	  5.533767	  -0.261247	  0.760959  
	2389	  5	  2018	  2021	  5.498305	  -0.261247	  0.760959  
	2390	  5	  2019	  2022	  4.901977	  0.133069	  0.462757  
	2392	  5	  2021	  2125	  5.448956	  -0.261247	  0.760959  
	2393	  5	  2022	  2025	  4.862835	  0.133069	  0.462757  
	2408	  5	  2042	  2038	  5.377595	  -0.691489	  0.222061  
	2410	  5	  2038	  2040	  5.424677	  -0.691489	  0.222061  
	2414	  5	  2040	  2044	  5.456862	  -0.691489	  0.222061  
	2415	  5	  2041	  2080	  5.298493	  0.261247	  0.760959  
	2416	  5	  2042	  2046	  5.658699	  0.691489	  0.222061  
	2418	  5	  2044	  2048	  5.485059	  -0.691489	  0.222061  
	2419	  5	  2080	  2049	  7.116173	  0.467241	  0.784660  
	2420	  5	  2046	  2050	  5.592577	  0.691489	  0.222061  
	2422	  5	  2048	  2052	  5.510323	  -0.691489	  0.222061  
	2423	  5	  2049	  2053	  7.068496	  0.467241	  0.784660  
	2424	  5	  1759	  1228	  3.454075	  -0.058030	  0.242894  
	2425	  5	  2050	  1759	  5.511007	  0.691489	  0.222061  
	2428	  5	  2052	  2057	  5.531032	  -0.691489	  0.222061  
	2429	  5	  2053	  2058	  7.006379	  0.467241	  0.784660  
	2432	  5	  2057	  2061	  5.545923	  -0.691489	  0.222061  
	2433	  5	  2058	  2062	  6.922260	  0.467241	  0.784660  
	2436	  5	  2061	  2065	  5.553647	  -0.691489	  0.222061  
	2437	  5	  2062	  2066	  6.826220	  0.467241	  0.784660  
	2439	  5	  2065	  2068	  5.557185	  -0.691489	  0.222061  
	2440	  5	  2066	  2069	  6.721146	  0.467241	  0.784660  
	2442	  5	  2068	  2071	  5.553184	  -0.691489	  0.222061  
	2443	  5	  2069	  2072	  6.606802	  0.467241	  0.784660  
	2445	  5	  2071	  2074	  5.543208	  -0.691489	  0.222061  
	2446	  5	  2072	  2075	  6.486861	  0.467241	  0.784660  
	2447	  5	  870	  24	  5.976318	  -0.656442	  0.369742  
	2449	  5	  2074	  2077	  5.525295	  -0.691489	  0.222061  
	2450	  5	  2075	  2078	  6.358866	  0.467241	  0.784660  
	2451	  5	  870	  2079	  4.119123	  -0.081324	  0.467192  
	2453	  5	  2077	  2081	  5.501449	  -0.691489	  0.222061  
	2454	  5	  2078	  2082	  6.231828	  0.467241	  0.784660  
	2455	  5	  2079	  2083	  4.186769	  -0.081324	  0.467192  
	2456	  5	  2080	  2084	  5.252172	  -0.205995	  0.814718  
	2457	  5	  2081	  2085	  5.467631	  -0.691489	  0.222061  
	2458	  5	  2082	  634	  6.897468	  1.448910	  0.552717  
	2460	  5	  2083	  1802	  4.247506	  -0.081324	  0.467192  
	2461	  5	  2084	  2088	  5.242174	  -0.205995	  0.814718  
	2462	  5	  2085	  2089	  5.423606	  -0.691489	  0.222061  
	2464	  5	  2088	  2090	  5.212421	  -0.205995	  0.814718  
	2465	  5	  2094	  321	  3.941088	  -0.080418	  0.685138  
	2466	  5	  2089	  2092	  5.367157	  -0.691489	  0.222061  
	2467	  5	  2090	  2093	  5.161558	  -0.205995	  0.814718  
	2469	  5	  2092	  2095	  5.291894	  -0.691489	  0.222061  
	2470	  5	  2093	  2096	  5.083157	  -0.205995	  0.814718  
	2471	  5	  2094	  2097	  4.478851	  0.264265	  0.257668  
	2472	  5	  2095	  2098	  5.193774	  -0.691489	  0.222061  
	2473	  5	  2096	  2099	  4.971088	  -0.205995	  0.814718  
	2474	  5	  2097	  2100	  4.485294	  0.264265	  0.257668  
	2475	  5	  2098	  2101	  5.065428	  -0.691489	  0.222061  
	2476	  5	  2099	  2102	  4.799961	  -0.205995	  0.814718  
	2477	  5	  2100	  2103	  4.477795	  0.264265	  0.257668  
	2478	  5	  2101	  1812	  4.913198	  -0.691489	  0.222061  
	2479	  5	  2102	  88	  4.391193	  -0.205995	  0.814718  
	2480	  5	  2103	  2104	  4.459385	  0.264265	  0.257668  
	2481	  5	  2104	  2105	  4.426511	  0.264265	  0.257668  
	2482	  5	  2105	  546	  4.377267	  0.264265	  0.257668  
	2485	  5	  2107	  2108	  4.418962	  -0.079256	  0.623858  
	2486	  5	  2108	  2109	  4.422164	  -0.079256	  0.623858  
	2487	  5	  2109	  2110	  4.402262	  -0.079256	  0.623858  
	2488	  5	  2110	  2111	  4.351535	  -0.079256	  0.623858  
	2489	  5	  2110	  2112	  8.000000	  0.000000	  0.000000  
	2490	  5	  2111	  2113	  4.260580	  -0.079256	  0.623858  
	2491	  5	  2112	  2114	  8.000000	  0.000000	  0.000000  
	2492	  5	  2113	  384	  4.101018	  -0.079256	  0.623858  
	2493	  5	  2114	  2115	  8.000000	  0.000000	  0.000000  
	2494	  5	  2115	  2116	  8.000000	  0.000000	  0.000000  
	2495	  5	  2116	  2117	  8.000000	  0.000000	  0.000000  
	2496	  5	  2117	  2118	  8.000000	  0.000000	  0.000000  
	2497	  5	  2118	  2119	  8.000000	  0.000000	  0.000000  
	2498	  5	  2119	  2120	  8.000000	  0.000000	  0.000000  
	2499	  5	  2120	  2121	  8.000000	  0.000000	  0.000000  
	2500	  5	  2121	  2122	  8.000000	  0.000000	  0.000000  
	2501	  5	  2122	  2123	  8.000000	  0.000000	  0.000000  
	2502	  5	  2123	  2124	  8.000000	  0.000000	  0.000000  
	2504	  5	  2124	  2126	  8.000000	  0.000000	  0.000000  
	2505	  5	  2125	  2127	  5.114945	  0.061816	  0.308677  
	2506	  5	  2126	  2128	  8.000000	  0.000000	  0.000000  
	2507	  5	  2127	  1410	  5.210722	  0.061816	  0.308677  
	2508	  5	  2129	  142	  5.679835	  -0.553780	  0.362795  
	2510	  5	  2128	  2131	  8.000000	  0.000000	  0.000000  
	2511	  1	  2129	  2132	  8.000000	  0.000000	  0.000000  
	2513	  5	  2131	  2134	  8.000000	  0.000000	  0.000000  
	2514	  1	  2132	  2135	  8.000000	  0.000000	  0.000000  
	2515	  1	  2107	  2136	  8.000000	  0.000000	  0.000000  
	2516	  5	  2134	  2137	  8.000000	  0.000000	  0.000000  
	2517	  1	  2135	  2138	  8.000000	  0.000000	  0.000000  
	2518	  1	  2136	  2139	  8.000000	  0.000000	  0.000000  
	2519	  5	  2137	  2058	  8.000000	  0.000000	  0.000000  
	2520	  0	  2138	  2140	  8.000000	  0.000000	  0.000000  
	2521	  0	  2139	  2141	  8.000000	  0.000000	  0.000000  
 754       total number of nodes
  name    x       y       z
	1	  25.000000	  77.900002	  500.000000  
	2	  55.000000	  95.199997	  500.000000  
	3	  68.767204	  105.929756	  476.193756  
	5	  81.962006	  109.826721	  399.173615  
	6	  90.899788	  105.668854	  347.641205  
	7	  90.947220	  117.779800	  303.404480  
	10	  91.371971	  125.485573	  149.494965  
	12	  56.051727	  116.997162	  9.558234  
	13	  160.889328	  156.543503	  482.742310  
	14	  275.000000	  222.100006	  500.000000  
	15	  245.000000	  204.800003	  500.000000  
	17	  211.648666	  184.268723	  454.865692  
	21	  239.953873	  190.049316	  240.428070  
	24	  207.681976	  174.773026	  79.751404  
	30	  67.612305	  100.765785	  397.064026  
	40	  56.459484	  94.820587	  396.285278  
	45	  97.166351	  102.405647	  209.336639  
	48	  237.706299	  184.996109	  307.829681  
	54	  44.921150	  90.438438	  396.316620  
	58	  61.041164	  96.447792	  431.472290  
	64	  73.337074	  94.948441	  335.066864  
	74	  60.932159	  148.801880	  131.400055  
	76	  262.205566	  180.160629	  298.699280  
	77	  264.021545	  176.410934	  257.068176  
	78	  63.190800	  87.162743	  329.537048  
	84	  98.081093	  98.421730	  349.635376  
	87	  107.507294	  86.549660	  204.544586  
	88	  86.858582	  115.286194	  213.473541  
	98	  274.436188	  175.886917	  292.428192  
	99	  272.818115	  170.095886	  251.243744  
	100	  52.137135	  76.856972	  324.806396  
	101	  132.885941	  102.292725	  380.443146  
	115	  91.342278	  100.863586	  278.759827  
	121	  168.476807	  109.247887	  205.140350  
	126	  41.831745	  66.415405	  318.259460  
	127	  151.268311	  99.553658	  385.051880  
	132	  99.796379	  72.478226	  369.566528  
	134	  122.259712	  73.570549	  195.845642  
	138	  195.301697	  165.075684	  463.859955  
	139	  210.766022	  170.000031	  70.788345  
	140	  227.685440	  199.529800	  347.224762  
	142	  196.052124	  204.180801	  50.064930  
	148	  222.511444	  194.287415	  322.334900  
	151	  168.561096	  265.306274	  247.997101  
	154	  265.009796	  98.883461	  411.565552  
	159	  37.854694	  151.584320	  232.851456  
	160	  162.770081	  282.354858	  309.696899  
	161	  166.652191	  110.336517	  379.970734  
	165	  134.480072	  100.665733	  341.134308  
	172	  184.205597	  154.355942	  468.366974  
	174	  238.716049	  207.914703	  342.877167  
	175	  227.350800	  152.871155	  217.814224  
	177	  103.955009	  131.824509	  308.263031  
	182	  209.774399	  199.382736	  315.965240  
	184	  231.550400	  169.717651	  317.896545  
	185	  93.017662	  110.911537	  372.313385  
	188	  79.077110	  99.636490	  267.360107  
	191	  91.942108	  125.043343	  188.885849  
	192	  216.846252	  187.563309	  468.810089  
	200	  197.540955	  138.415756	  192.991364  
	204	  50.360325	  142.194122	  225.795624  
	205	  155.987869	  275.490509	  299.934875  
	206	  176.584091	  112.423637	  388.444611  
	209	  144.808365	  97.407555	  347.413361  
	210	  97.514931	  52.235546	  384.488068  
	216	  171.885193	  144.368134	  471.734314  
	228	  228.051147	  155.987122	  325.139618  
	229	  84.709915	  119.396690	  368.400787  
	233	  111.513382	  83.377502	  273.762268  
	242	  89.113457	  73.628433	  370.872192  
	246	  209.934128	  161.179321	  216.440811  
	249	  83.378441	  130.759430	  130.258728  
	252	  256.167999	  65.539299	  239.714264  
	255	  201.132156	  152.344376	  184.086639  
	259	  62.382553	  132.696075	  220.823502  
	261	  188.204666	  115.947304	  397.607605  
	264	  157.947647	  94.199486	  352.326752  
	271	  158.633591	  135.202316	  473.733582  
	279	  100.703644	  145.245544	  185.032211  
	281	  190.094971	  230.506393	  309.075317  
	283	  224.823395	  141.479752	  330.819672  
	284	  74.593811	  128.131226	  364.493469  
	295	  74.752426	  73.357635	  372.285217  
	301	  187.647980	  144.439346	  111.612350  
	302	  210.560898	  176.178726	  433.888428  
	303	  113.033051	  84.835083	  355.996826  
	304	  158.237259	  92.130486	  390.377106  
	306	  224.992462	  117.782974	  416.789856  
	307	  268.260620	  73.356270	  235.220230  
	310	  204.605942	  162.608017	  179.211914  
	314	  73.215454	  124.249863	  217.257431  
	316	  199.778030	  120.022827	  407.652954  
	319	  171.985291	  92.402672	  354.522491  
	321	  91.798347	  48.687473	  180.154037  
	323	  152.081207	  279.983917	  257.423798  
	324	  23.580984	  107.447899	  226.407410  
	325	  114.488983	  201.566452	  124.743607  
	326	  144.852051	  126.616325	  474.080963  
	327	  243.539749	  140.269684	  47.823132  
	329	  263.423065	  123.508644	  226.836975  
	331	  83.461708	  177.357285	  354.637573  
	332	  174.144272	  275.678833	  250.695343  
	336	  185.300613	  243.059143	  307.676392  
	337	  154.545547	  157.554382	  128.001266  
	338	  220.322647	  126.615326	  335.533081  
	339	  63.156746	  136.313858	  361.437866  
	342	  141.465439	  57.526665	  272.134491  
	343	  95.373917	  137.305237	  234.994934  
	348	  62.072178	  72.113449	  372.222198  
	349	  219.846252	  251.773575	  244.238373  
	350	  54.044544	  230.893402	  292.221130  
	360	  209.734085	  194.137558	  453.377960  
	369	  201.719070	  190.443924	  411.105469  
	371	  263.101318	  91.868492	  229.038986  
	374	  208.448105	  175.718445	  176.962326  
	378	  117.901894	  235.178741	  289.037140  
	379	  212.099091	  125.703995	  417.367279  
	382	  184.459686	  93.427078	  353.806641  
	384	  99.349129	  57.142033	  176.925827  
	386	  150.533920	  272.959076	  268.792999  
	387	  274.912872	  101.916344	  236.278137  
	388	  120.687126	  215.431305	  126.840439  
	389	  131.489716	  118.044785	  472.662811  
	391	  156.640732	  36.130348	  311.157196  
	392	  274.776459	  118.225449	  230.848618  
	394	  78.508362	  185.745682	  364.462128  
	396	  89.560005	  176.126938	  186.966400  
	398	  178.926605	  256.799103	  304.535980  
	400	  214.493973	  112.860168	  341.713379  
	401	  50.509480	  144.147568	  359.661957  
	410	  43.478058	  68.959343	  369.658051  
	411	  105.446243	  26.903452	  245.892990  
	413	  65.477303	  148.584198	  313.290222  
	414	  165.138962	  165.642120	  216.445984  
	418	  147.245148	  73.467079	  354.646088  
	427	  75.351944	  158.798996	  174.335800  
	430	  207.972702	  208.532806	  378.154999  
	431	  215.065964	  235.192062	  211.062332  
	437	  94.308296	  129.427475	  227.063080  
	439	  166.925568	  82.869789	  395.438110  
	440	  246.929871	  59.178123	  245.008942  
	442	  172.953094	  171.294128	  204.579758  
	444	  213.930481	  135.059357	  427.321991  
	445	  261.883484	  106.424927	  226.850281  
	447	  80.892624	  138.137054	  106.976913  
	451	  79.158783	  193.874847	  205.925674  
	452	  108.882431	  223.294296	  289.259705  
	457	  109.451469	  70.017815	  178.289688  
	459	  147.375641	  266.860748	  281.732513  
	460	  264.630249	  98.808136	  248.045380  
	461	  127.493317	  226.645966	  130.026596  
	462	  118.816475	  108.758018	  469.788361  
	465	  27.131912	  108.502670	  235.749756  
	467	  73.922684	  196.602921	  374.129242  
	470	  201.445740	  70.972733	  101.437859  
	471	  171.441803	  270.176147	  300.021881  
	473	  205.944153	  102.728081	  347.330872  
	474	  36.992981	  152.427612	  359.537506  
	477	  149.358490	  30.035515	  264.304688  
	478	  123.709290	  176.863190	  237.417496  
	483	  159.546616	  289.431824	  365.606323  
	484	  125.711395	  28.055809	  251.825531  
	491	  155.982941	  63.888737	  359.187378  
	499	  88.198044	  163.934387	  173.508453  
	503	  217.407166	  248.835922	  213.647003  
	509	  152.598785	  54.872295	  276.585205  
	511	  235.718933	  53.160465	  251.776489  
	512	  84.514389	  52.067154	  395.499664  
	513	  161.120728	  180.322128	  195.435410  
	514	  32.684040	  89.004066	  395.957611  
	527	  83.932976	  187.505234	  186.316711  
	528	  101.964615	  211.331268	  287.584747  
	535	  252.841599	  97.789261	  260.536163  
	536	  135.824005	  237.985519	  134.210312  
	537	  106.975403	  98.529358	  465.694763  
	541	  123.896744	  274.118652	  143.689682  
	542	  70.232903	  209.097061	  382.673279  
	545	  165.737152	  283.632172	  295.343872  
	546	  148.161667	  167.234833	  182.021530  
	548	  24.815063	  161.518478	  360.370209  
	551	  160.416595	  21.995726	  270.348175  
	554	  182.747345	  270.877014	  201.472488  
	556	  149.987106	  283.247925	  360.674744  
	558	  203.915863	  48.021267	  291.148621  
	559	  48.093132	  169.859711	  317.315186  
	560	  137.417023	  146.834549	  233.578598  
	564	  164.458649	  51.723843	  365.231812  
	569	  262.197784	  215.165222	  276.161560  
	572	  103.153549	  167.087006	  175.401901  
	574	  137.982880	  125.192169	  89.567703  
	576	  92.199074	  38.713139	  214.943146  
	581	  166.486725	  51.604984	  284.682373  
	582	  197.855881	  74.486313	  405.089386  
	583	  222.026962	  47.817829	  260.707733  
	584	  73.384598	  52.643246	  404.336395  
	587	  131.844772	  72.988785	  202.368774  
	593	  124.859703	  116.029274	  156.860092  
	595	  199.455063	  204.062332	  308.368988  
	611	  80.581001	  182.610245	  177.080078  
	617	  241.977570	  98.445099	  272.770325  
	618	  143.056915	  249.020264	  137.633484  
	619	  96.118111	  87.242111	  460.701080  
	627	  31.790066	  72.953110	  291.031494  
	629	  273.675568	  171.727295	  361.676300  
	630	  119.108902	  64.272697	  86.133667  
	634	  181.735931	  167.004944	  183.448273  
	635	  173.373917	  279.866974	  211.668854  
	638	  209.219421	  61.628189	  289.855957  
	640	  127.979057	  141.947266	  237.954208  
	643	  170.217102	  40.628304	  371.694977  
	647	  198.704834	  258.583405	  440.599823  
	651	  118.909462	  167.944733	  178.543777  
	654	  175.546829	  232.999481	  361.967407  
	655	  97.216499	  52.455818	  214.333267  
	656	  66.650955	  51.027683	  413.336853  
	661	  213.070389	  73.382324	  408.102386  
	662	  208.708954	  45.159916	  268.632141  
	672	  194.217896	  199.221893	  298.239105  
	686	  155.451050	  40.712811	  187.622574  
	687	  97.702309	  160.536743	  328.154175  
	693	  189.418228	  191.519608	  407.536865  
	699	  74.338913	  176.444824	  163.904144  
	700	  90.514854	  182.914688	  280.594696  
	703	  33.414165	  162.526398	  190.796066  
	704	  230.803833	  100.452141	  284.384277  
	706	  86.126472	  76.209328	  455.786774  
	708	  161.028397	  92.804977	  289.242981  
	710	  63.456783	  243.528442	  400.440247  
	713	  29.764889	  88.068710	  287.024841  
	715	  263.431854	  183.582916	  363.576355  
	717	  44.929047	  235.848679	  282.824310  
	719	  193.889664	  180.339035	  190.065475  
	723	  212.862091	  76.246567	  287.690125  
	725	  116.011673	  137.527359	  241.923660  
	727	  174.218811	  30.868832	  379.395630  
	730	  165.520889	  242.527542	  124.390442  
	731	  66.531845	  61.163570	  444.120392  
	732	  135.335999	  16.524298	  284.963104  
	735	  134.501419	  167.158966	  181.148315  
	737	  132.488113	  107.945618	  89.407837  
	738	  166.589005	  238.389389	  355.028076  
	739	  101.384239	  65.047760	  212.120224  
	745	  228.207001	  70.584221	  410.984833  
	746	  196.121048	  45.243713	  274.501801  
	754	  154.598801	  7.902229	  320.916473  
	764	  241.743744	  186.967636	  295.903168  
	766	  105.752716	  167.777496	  319.171234  
	767	  164.541702	  255.407211	  246.276352  
	768	  164.811249	  13.989296	  322.143372  
	772	  175.448746	  194.971161	  402.451324  
	773	  204.062973	  217.794632	  375.765137  
	780	  153.028625	  162.328583	  156.978714  
	782	  192.287903	  25.576492	  291.756348  
	785	  143.712036	  205.123169	  233.171890  
	792	  67.544388	  168.459381	  151.579834  
	793	  86.771118	  167.802765	  276.528381  
	794	  144.596161	  275.027405	  354.815094  
	797	  218.939163	  101.295273	  295.109222  
	799	  75.595634	  67.039513	  450.086945  
	801	  161.629868	  106.642242	  283.304016  
	802	  236.595245	  82.763748	  167.682236  
	803	  67.247032	  250.974350	  412.638214  
	804	  64.421829	  235.491394	  125.667946  
	805	  98.464745	  236.708633	  133.408386  
	806	  30.137297	  102.650146	  283.321228  
	808	  254.086563	  196.695190	  366.422272  
	809	  94.805046	  84.469185	  59.955162  
	811	  151.696259	  296.482605	  236.809769  
	813	  214.427368	  91.461349	  284.806030  
	814	  25.887379	  208.572784	  319.608582  
	815	  101.676132	  133.859970	  244.972855  
	825	  104.549026	  76.206932	  208.795624  
	829	  179.317123	  18.474474	  191.387451  
	830	  242.957062	  66.132095	  413.337036  
	833	  145.921432	  43.393127	  210.122116  
	837	  34.781788	  231.840881	  313.270966  
	848	  114.479126	  173.852264	  309.090546  
	850	  175.076920	  17.703571	  322.152527  
	854	  162.128922	  199.229752	  395.414276  
	855	  218.765213	  227.689102	  379.603088  
	859	  92.473511	  145.688873	  244.225555  
	864	  149.649750	  215.257767	  233.573608  
	869	  41.638828	  192.952988	  268.629791  
	870	  202.387039	  162.225113	  109.660439  
	871	  256.542053	  198.464890	  270.283691  
	878	  275.138947	  177.653641	  193.102524  
	886	  63.058674	  159.580902	  141.149841  
	887	  85.045532	  152.808838	  272.935577  
	888	  144.078064	  266.383575	  348.787689  
	890	  51.824089	  142.173019	  192.058441  
	891	  206.653061	  100.539360	  305.644958  
	894	  163.736191	  120.280342	  274.519196  
	895	  233.238541	  87.331070	  176.461716  
	896	  198.808990	  36.830746	  425.368042  
	898	  102.327850	  227.754684	  140.927734  
	900	  244.467453	  209.932281	  367.926453  
	903	  213.776489	  106.592171	  281.357025  
	905	  86.095078	  130.766617	  246.362732  
	909	  57.695164	  78.363487	  437.064087  
	913	  149.655090	  249.624603	  335.117432  
	918	  127.889709	  284.930664	  414.839203  
	921	  154.502182	  26.748911	  211.918686  
	924	  45.760990	  230.765091	  302.430359  
	930	  68.675385	  60.059544	  292.880737  
	934	  124.090363	  178.802841	  297.743011  
	935	  142.808502	  255.453064	  260.569611  
	936	  59.650196	  244.777588	  321.349976  
	940	  149.836487	  203.138077	  386.468567  
	945	  83.086258	  145.154755	  250.513351  
	950	  155.319870	  227.426910	  236.199066  
	956	  251.285278	  188.152100	  266.504883  
	957	  141.000183	  117.771545	  159.318558  
	962	  265.202362	  183.156677	  195.778656  
	964	  163.206848	  54.535538	  296.098053  
	967	  95.756378	  129.340820	  135.924210  
	972	  111.257011	  117.794487	  154.065872  
	974	  185.951828	  166.881714	  167.634811  
	977	  137.339523	  273.059235	  162.641937  
	978	  195.251038	  271.261017	  422.095856  
	985	  84.655464	  139.727493	  270.962799  
	988	  194.123428	  98.037689	  316.230774  
	991	  167.313950	  132.946304	  264.486328  
	995	  105.882187	  219.336975	  150.294296  
	996	  25.993326	  142.470200	  284.264404  
	997	  233.918930	  222.277206	  368.350952  
	1000	  211.220535	  121.008026	  276.963684  
	1002	  70.737831	  127.199921	  245.892715  
	1005	  138.481812	  64.995247	  297.540558  
	1007	  145.009262	  248.673630	  318.359772  
	1011	  73.096687	  224.937378	  213.813354  
	1012	  142.273666	  277.290924	  415.093048  
	1016	  180.389328	  39.296566	  118.514633  
	1025	  133.139603	  183.600403	  285.175232  
	1026	  137.475891	  267.535889	  269.309906  
	1027	  75.024551	  244.023743	  320.406982  
	1030	  138.599838	  206.090942	  375.855316  
	1031	  241.678284	  243.649170	  382.409393  
	1033	  215.592865	  201.566910	  194.118759  
	1035	  68.815887	  142.394791	  257.251678  
	1040	  178.975586	  228.794266	  46.014252  
	1045	  153.928589	  121.870422	  160.868408  
	1054	  107.584679	  131.096786	  144.387100  
	1059	  174.547638	  259.339539	  41.134670  
	1063	  228.131332	  194.824554	  332.903290  
	1076	  136.986511	  271.935913	  149.383163  
	1077	  164.293365	  32.373672	  187.709427  
	1086	  84.951492	  111.984108	  269.183167  
	1089	  182.021622	  93.971947	  325.995758  
	1091	  170.999283	  144.584610	  254.056961  
	1096	  21.521809	  152.825577	  288.324127  
	1097	  222.769806	  234.008301	  367.319672  
	1100	  207.785904	  134.543900	  270.438477  
	1101	  56.340099	  122.643929	  243.984756  
	1103	  146.134277	  77.523262	  297.979370  
	1105	  142.816666	  249.108749	  302.411072  
	1109	  81.853615	  219.051788	  225.103363  
	1110	  155.978958	  268.566711	  413.794647  
	1120	  87.026436	  63.892994	  297.143433  
	1123	  143.218231	  189.068375	  273.679840  
	1124	  134.881836	  277.667542	  277.881226  
	1125	  90.473518	  240.920609	  320.177612  
	1126	  128.470871	  207.859192	  363.864624  
	1130	  54.926991	  137.589981	  263.426422  
	1138	  167.114914	  128.704025	  162.397339  
	1141	  230.752731	  194.413452	  208.818787  
	1142	  119.709785	  135.697510	  155.108307  
	1143	  158.509995	  24.136477	  381.159912  
	1146	  174.185455	  248.522079	  41.826576  
	1149	  84.178558	  144.733475	  94.586159  
	1150	  247.288727	  189.733505	  328.388519  
	1153	  82.348106	  216.495224	  231.166824  
	1162	  144.494980	  90.436302	  205.595154  
	1166	  69.611122	  139.937012	  128.902847  
	1167	  178.308105	  168.712479	  217.627380  
	1171	  99.866989	  179.853668	  71.661476  
	1187	  170.875870	  88.488564	  335.017578  
	1189	  173.037750	  154.947159	  243.305481  
	1191	  218.745224	  87.174850	  444.471283  
	1193	  143.245789	  202.189072	  146.611176  
	1194	  277.416901	  165.742630	  291.482880  
	1195	  211.387222	  245.127106	  364.734192  
	1198	  205.150772	  144.038254	  263.087402  
	1199	  43.242611	  117.147537	  240.973618  
	1200	  130.049805	  194.195099	  80.535683  
	1201	  153.527863	  92.562241	  297.346222  
	1207	  91.127571	  210.889664	  235.737808  
	1208	  167.848328	  259.235352	  411.363373  
	1209	  41.207729	  231.602112	  214.663910  
	1215	  99.272034	  63.239311	  298.330200  
	1217	  153.921722	  193.090942	  262.648590  
	1218	  134.110870	  288.400299	  287.609039  
	1219	  105.996719	  236.222504	  321.269012  
	1220	  119.653709	  208.511292	  350.894775  
	1222	  169.788025	  27.417883	  107.293510  
	1223	  42.602821	  132.068512	  270.693909  
	1228	  259.058868	  151.211456	  110.269020  
	1232	  129.432022	  140.042023	  164.436905  
	1238	  262.152466	  188.063095	  324.708893  
	1242	  173.827820	  166.984528	  228.750381  
	1243	  67.449226	  228.542404	  21.161249  
	1249	  153.697586	  99.184769	  206.032684  
	1257	  91.116211	  171.608658	  72.143784  
	1260	  99.611137	  70.827271	  71.349892  
	1261	  26.724266	  133.316177	  -0.386455  
	1266	  119.189690	  194.845200	  136.900848  
	1268	  70.390488	  206.721878	  234.036224  
	1282	  209.319992	  126.815308	  229.557587  
	1283	  225.221069	  90.809708	  453.015594  
	1284	  154.824509	  198.157745	  144.342911  
	1285	  199.496490	  255.268661	  360.918701  
	1289	  119.493225	  191.353806	  76.784370  
	1290	  150.426605	  107.481087	  310.936615  
	1291	  114.886581	  77.435326	  155.833298  
	1296	  100.310707	  201.063263	  245.150787  
	1297	  178.172470	  249.028748	  408.054626  
	1298	  160.975861	  17.434856	  212.850983  
	1305	  164.419922	  195.645264	  251.169022  
	1306	  264.913605	  73.952698	  298.791779  
	1307	  121.432281	  230.508942	  321.784943  
	1308	  112.063339	  208.364334	  336.862549  
	1310	  35.301884	  128.466995	  276.520813  
	1312	  128.780167	  88.626701	  135.438049  
	1315	  274.160248	  151.017578	  116.392723  
	1320	  192.397446	  78.654015	  0.154509  
	1322	  278.052612	  188.534561	  321.018066  
	1323	  168.248627	  216.716492	  117.427589  
	1334	  197.057938	  122.070213	  159.350998  
	1336	  85.775543	  163.248444	  76.533188  
	1339	  83.106567	  58.727051	  46.712429  
	1340	  276.233154	  136.127853	  -0.023927  
	1345	  124.771217	  191.828949	  146.971909  
	1347	  68.579697	  207.999222	  248.712189  
	1353	  71.835945	  93.182884	  49.485329  
	1356	  189.030548	  66.645615	  99.123932  
	1359	  151.386612	  151.325012	  109.437164  
	1366	  211.504379	  186.887939	  180.020615  
	1369	  208.588272	  135.487274	  239.003708  
	1370	  233.214752	  98.294228	  460.959259  
	1371	  169.075623	  194.535355	  139.781189  
	1372	  186.385529	  264.289307	  357.109070  
	1375	  147.588135	  117.204865	  321.980438  
	1379	  109.998032	  190.337402	  253.116394  
	1380	  187.479462	  237.306488	  403.819611  
	1383	  131.670242	  55.994141	  296.387878  
	1385	  174.462570	  197.242111	  238.489532  
	1386	  266.483246	  82.447655	  310.762054  
	1387	  137.373413	  226.436798	  322.331757  
	1388	  103.805252	  208.870911	  322.937073  
	1392	  28.825518	  150.823242	  121.269669  
	1395	  191.483612	  49.018036	  54.747383  
	1396	  29.035124	  190.070984	  319.002869  
	1405	  207.566727	  111.887207	  158.993530  
	1410	  75.225319	  52.565651	  31.519922  
	1411	  263.768127	  140.246979	  3.691497  
	1417	  68.205765	  210.338150	  262.282135  
	1423	  86.911301	  227.628036	  148.837921  
	1425	  146.485550	  142.680786	  98.168755  
	1433	  147.950607	  63.976536	  107.829163  
	1435	  177.994858	  136.721848	  110.021736  
	1436	  211.957642	  139.564285	  9.854144  
	1437	  147.987991	  258.081665	  139.648041  
	1443	  68.688301	  209.758331	  221.889191  
	1445	  187.350937	  165.656647	  155.598801  
	1452	  207.091232	  141.109360	  249.761597  
	1453	  243.067947	  108.645203	  466.962219  
	1455	  173.791061	  273.970398	  354.772430  
	1459	  125.528961	  246.489929	  236.769699  
	1461	  120.585579	  180.739319	  261.596008  
	1462	  195.503082	  224.112579	  398.923340  
	1465	  184.848129	  197.676331	  225.800156  
	1466	  268.025482	  88.329048	  322.837738  
	1467	  153.436600	  224.126892	  323.157837  
	1468	  94.239449	  209.564209	  310.035675  
	1484	  193.579361	  271.163696	  11.646591  
	1487	  74.852234	  176.295380	  113.566933  
	1488	  65.058220	  152.418640	  178.786072  
	1493	  56.880245	  73.602501	  45.583530  
	1496	  123.857391	  270.941498	  128.713974  
	1503	  148.587936	  67.209755	  117.528862  
	1504	  169.354950	  128.181351	  111.200920  
	1506	  107.224083	  240.906860	  217.606583  
	1520	  208.030121	  104.607620	  213.880203  
	1528	  254.208572	  119.264191	  470.059937  
	1529	  161.874969	  284.153534	  353.902191  
	1531	  176.406189	  211.080475	  274.386688  
	1532	  138.882874	  134.153824	  345.402161  
	1533	  118.730667	  244.381210	  224.122742  
	1535	  130.768784	  172.057205	  271.440948  
	1536	  203.028198	  207.372177	  393.408722  
	1539	  196.043915	  197.965363	  215.463303  
	1540	  269.532349	  91.958954	  335.514557  
	1541	  168.991440	  223.209152	  325.191010  
	1542	  83.399803	  211.227478	  297.848419  
	1553	  186.984451	  259.529022	  -0.140233  
	1554	  63.386757	  157.223221	  106.345200  
	1555	  155.104446	  197.454727	  193.093719  
	1558	  51.418877	  61.995594	  43.575218  
	1563	  207.403214	  241.005112	  -0.193998  
	1564	  150.135147	  73.985176	  133.388290  
	1565	  157.382660	  115.526855	  117.504272  
	1575	  99.347496	  211.371765	  170.380554  
	1576	  180.049515	  138.090530	  164.760803  
	1577	  201.586411	  98.944069	  225.139603  
	1579	  153.019363	  188.094009	  187.746170  
	1584	  179.987961	  180.709915	  147.227875  
	1592	  266.368896	  128.654190	  470.403412  
	1593	  149.978958	  295.087921	  354.585327  
	1595	  172.318756	  225.867264	  277.197998  
	1596	  133.451477	  139.735031	  355.679688  
	1597	  112.714066	  244.821945	  210.121552  
	1598	  139.517349	  162.468536	  281.581787  
	1603	  271.543427	  93.427742	  349.706787  
	1604	  184.216019	  223.418747	  328.666321  
	1605	  69.222961	  215.751343	  282.420380  
	1607	  38.101040	  220.570770	  -0.225861  
	1608	  75.198341	  239.013840	  74.877258  
	1615	  51.417137	  141.274643	  100.826546  
	1616	  158.760681	  207.699142	  200.596558  
	1620	  113.497162	  261.091553	  128.984619  
	1622	  152.085266	  80.325706	  148.559326  
	1623	  147.055389	  105.041130	  123.306992  
	1630	  93.278252	  208.142456	  183.520004  
	1631	  194.761047	  95.139030	  236.003433  
	1635	  109.511589	  208.880020	  107.846970  
	1639	  201.752686	  113.834457	  208.003830  
	1644	  278.447815	  135.513367	  468.445068  
	1645	  268.935852	  82.284073	  355.914764  
	1647	  170.788788	  240.188171	  279.748779  
	1648	  126.597939	  143.261917	  365.767578  
	1649	  108.052612	  247.812057	  196.448914  
	1650	  146.694778	  152.781876	  292.561401  
	1653	  275.096222	  92.704918	  364.260040  
	1654	  199.286301	  224.582230	  333.769562  
	1658	  109.655685	  255.449997	  120.225792  
	1662	  44.150429	  132.165787	  98.203690  
	1663	  163.387375	  218.831299	  211.393570  
	1667	  154.894211	  85.248260	  163.625732  
	1668	  136.398285	  94.756699	  129.394958  
	1671	  86.274536	  207.164520	  195.412857  
	1676	  196.852173	  149.956406	  114.397385  
	1678	  195.154678	  121.177452	  203.043381  
	1680	  71.372543	  186.614807	  134.043365  
	1681	  176.924164	  20.075779	  111.012383  
	1688	  140.130920	  73.967491	  101.810585  
	1692	  259.194794	  95.608292	  356.800476  
	1693	  172.098877	  254.028641	  282.220612  
	1694	  117.735153	  144.717896	  376.697021  
	1696	  152.464218	  143.558044	  304.590424  
	1698	  20.507475	  91.067024	  376.327454  
	1699	  213.716431	  226.259094	  340.490448  
	1700	  58.310616	  226.638382	  10.561019  
	1702	  33.550922	  120.356209	  95.768242  
	1703	  165.809250	  228.671753	  221.612976  
	1705	  156.796814	  88.875298	  179.318985  
	1708	  178.013733	  90.131897	  261.870605  
	1714	  67.488541	  195.443756	  148.335205  
	1715	  242.711700	  66.195442	  187.112442  
	1718	  133.780548	  87.596779	  95.437973  
	1722	  208.320633	  125.176918	  -0.302591  
	1724	  175.612930	  238.569748	  43.656963  
	1729	  255.092361	  145.257706	  13.379778  
	1734	  250.837036	  109.755821	  357.044281  
	1735	  176.749741	  266.948120	  285.080933  
	1736	  107.945091	  143.513412	  387.626801  
	1738	  157.063004	  135.081238	  317.829681  
	1741	  227.738510	  227.565292	  348.895233  
	1742	  77.984070	  195.114487	  101.949303  
	1743	  22.356985	  110.422646	  95.161438  
	1744	  166.259460	  236.355789	  229.103561  
	1745	  157.012314	  92.314812	  195.320969  
	1746	  168.821762	  89.449089	  275.140198  
	1752	  63.335960	  205.290298	  161.332245  
	1753	  117.459724	  277.929840	  192.777191  
	1759	  231.372284	  155.496078	  97.298439  
	1765	  104.299873	  227.247208	  87.957314  
	1769	  182.941147	  274.973328	  287.678284  
	1770	  98.492302	  139.683441	  398.040070  
	1772	  160.539780	  127.691010	  332.000793  
	1774	  241.396103	  230.402115	  356.528778  
	1775	  270.453949	  102.420807	  96.153610  
	1776	  155.455048	  95.751503	  210.976425  
	1777	  159.667496	  90.601326	  287.926697  
	1780	  218.268402	  117.947937	  150.949478  
	1782	  60.702866	  215.697021	  173.788528  
	1783	  120.184891	  264.541718	  199.002472  
	1787	  236.549820	  143.700851	  74.167221  
	1795	  167.309845	  60.601501	  103.026642  
	1800	  27.667677	  214.835663	  -0.380179  
	1802	  152.271378	  192.626923	  88.166183  
	1803	  40.901615	  197.385620	  463.276520  
	1804	  236.356476	  138.993515	  354.939117  
	1806	  89.737404	  133.302872	  408.235626  
	1808	  162.792007	  121.249199	  347.029114  
	1810	  254.223724	  235.005051	  364.032074  
	1811	  256.859528	  95.200455	  98.314644  
	1812	  153.035583	  97.148666	  225.171219  
	1813	  176.929092	  62.219547	  95.854263  
	1814	  223.950211	  108.818779	  160.580307  
	1816	  59.956284	  225.104385	  186.217590  
	1827	  39.093460	  128.112946	  -0.061490  
	1835	  61.804787	  247.766953	  128.739349  
	1839	  43.448879	  212.895554	  461.597565  
	1840	  231.310928	  153.845490	  353.778259  
	1841	  81.993477	  124.534607	  417.836548  
	1843	  163.777222	  115.874771	  362.402588  
	1845	  135.859268	  16.370737	  371.373688  
	1846	  242.369995	  88.658669	  100.676964  
	1847	  149.069000	  107.521042	  241.019028  
	1848	  228.417526	  99.839790	  168.078064  
	1850	  60.464275	  230.651749	  195.191559  
	1857	  271.470428	  199.441071	  -0.156921  
	1860	  69.679832	  239.346283	  133.402100  
	1862	  188.114685	  241.456070	  -0.195134  
	1864	  204.929306	  135.966125	  127.892899  
	1865	  44.068241	  228.487885	  459.184387  
	1866	  228.640121	  168.319672	  352.243561  
	1867	  75.568748	  114.242004	  425.602600  
	1869	  145.867218	  24.411350	  378.469696  
	1870	  228.604797	  82.620728	  102.237686  
	1871	  144.484528	  114.967354	  254.779724  
	1876	  264.170624	  187.689301	  -0.061579  
	1878	  78.032471	  233.462234	  136.834000  
	1885	  175.444397	  18.227018	  455.102417  
	1887	  154.542221	  34.291309	  385.256500  
	1888	  216.122345	  77.070831	  102.555313  
	1889	  139.461594	  120.641319	  268.930664  
	1890	  194.329697	  88.893623	  -0.189795  
	1894	  259.038055	  173.913574	  -0.429077  
	1898	  195.946213	  230.399048	  -0.126790  
	1900	  178.272018	  29.825714	  450.537689  
	1902	  162.022507	  46.023258	  391.235992  
	1903	  132.751648	  125.019028	  282.681702  
	1907	  255.937714	  159.457504	  4.726701  
	1912	  167.878235	  57.975998	  395.272705  
	1913	  124.452614	  128.369446	  294.011139  
	1919	  173.796127	  71.252975	  453.967499  
	1920	  174.452621	  74.735382	  398.403839  
	1921	  116.246063	  130.375168	  301.291382  
	1928	  171.374588	  85.297882	  456.616211  
	1933	  105.967995	  255.279755	  175.080124  
	1934	  170.291916	  100.702644	  457.641174  
	1940	  170.139435	  116.528732	  456.772491  
	1944	  109.009422	  259.893127	  165.105469  
	1945	  171.116425	  132.646118	  454.360992  
	1949	  173.712341	  148.631149	  452.345795  
	1953	  174.928925	  164.856125	  451.074738  
	1956	  175.210022	  180.779831	  448.502289  
	1958	  176.244553	  196.677444	  446.064911  
	1961	  176.453308	  212.124390	  445.195618  
	1964	  175.612137	  227.035736	  445.673706  
	1967	  173.539734	  242.642670	  447.477509  
	1969	  76.912514	  230.539078	  80.102158  
	1971	  170.828308	  258.306274	  450.919403  
	1975	  169.369705	  274.179291	  453.753204  
	1976	  186.633133	  54.102444	  63.921803  
	1977	  37.590103	  65.497459	  455.047821  
	1978	  183.259949	  57.293697	  72.852158  
	1979	  36.674843	  81.946564	  455.021301  
	1981	  36.796131	  98.099770	  456.331116  
	1982	  35.387268	  113.352615	  459.317932  
	1983	  30.492363	  125.537468	  463.090759  
	1989	  217.953354	  96.708298	  441.019348  
	1990	  192.248489	  38.403175	  434.447815  
	1991	  217.328964	  111.973732	  437.340454  
	1992	  183.066101	  41.082592	  444.479004  
	1993	  215.874878	  125.397842	  432.539276  
	2016	  99.319084	  30.193855	  71.942047  
	2018	  102.041496	  33.450745	  57.875660  
	2019	  189.121048	  232.157242	  104.143730  
	2021	  105.367935	  41.423019	  41.679638  
	2022	  181.313309	  223.885895	  104.619247  
	2025	  173.519409	  218.280838	  108.814423  
	2038	  232.095673	  218.679306	  112.174561  
	2040	  226.538971	  224.864746	  122.716820  
	2041	  99.053322	  31.545769	  86.572647  
	2042	  236.454880	  202.519104	  100.484695  
	2044	  217.808914	  228.288544	  133.064835  
	2046	  237.329147	  187.298431	  98.718842  
	2048	  206.026016	  230.596130	  141.440781  
	2049	  119.229622	  51.158611	  106.606422  
	2050	  235.688492	  171.662384	  98.559326  
	2052	  191.328659	  232.367325	  147.679703  
	2053	  126.520775	  57.058208	  112.231476  
	2057	  175.540451	  232.938217	  152.039230  
	2058	  131.893539	  65.376022	  124.241447  
	2061	  159.797134	  231.396606	  156.413269  
	2062	  133.927780	  74.855461	  137.636246  
	2065	  144.677765	  228.122986	  161.888245  
	2066	  136.309601	  84.508301	  149.623367  
	2068	  129.694687	  226.516312	  168.414566  
	2069	  140.989578	  94.135567	  160.552429  
	2071	  115.294830	  226.075684	  176.723190  
	2072	  147.966782	  104.487404	  169.510117  
	2074	  101.319489	  226.829056	  184.953827  
	2075	  156.432159	  115.853691	  175.515732  
	2077	  88.745010	  229.784149	  193.471176  
	2078	  164.628876	  128.510086	  177.827209  
	2079	  188.600174	  172.980713	  99.439255  
	2080	  108.871513	  46.252045	  105.115555  
	2081	  76.595055	  235.505066	  201.063095  
	2082	  170.839523	  141.136978	  176.161896  
	2083	  176.423752	  180.169754	  93.579796  
	2084	  99.755424	  51.784916	  117.456696  
	2085	  64.159500	  243.923157	  206.991318  
	2088	  91.377098	  58.949310	  129.415436  
	2089	  182.461044	  29.408480	  211.109009  
	2090	  84.420341	  64.734062	  142.401001  
	2092	  172.859009	  41.718525	  214.950577  
	2093	  79.829308	  70.186203	  156.777008  
	2094	  203.895035	  244.420639	  176.732025  
	2095	  165.181152	  55.511295	  219.642395  
	2096	  78.051338	  77.009949	  170.756973  
	2097	  198.492462	  231.247955	  169.716446  
	2098	  159.027557	  70.222816	  223.130630  
	2099	  78.805458	  85.862968	  183.654526  
	2100	  191.588013	  217.269699	  166.449341  
	2101	  154.739044	  85.339584	  224.888535  
	2102	  81.685921	  96.847588	  195.827911  
	2103	  183.857178	  203.185974	  166.829620  
	2104	  174.991333	  189.901443	  170.291443  
	2105	  164.388962	  178.749512	  174.997925  
	2107	  207.095169	  241.144791	  101.802925  
	2108	  213.301529	  243.952484	  110.805290  
	2109	  219.303741	  248.961823	  124.577744  
	2110	  218.654709	  256.553802	  140.812866  
	2111	  95.322556	  38.087593	  153.726151  
	2112	  208.992310	  260.931458	  143.181870  
	2113	  98.727631	  47.985237	  166.410110  
	2114	  195.943329	  269.999359	  147.657471  
	2115	  53.989464	  55.807842	  150.168106  
	2116	  43.321476	  67.793175	  148.847153  
	2117	  36.215118	  81.695885	  144.615143  
	2118	  31.358873	  95.871429	  138.197922  
	2119	  24.222935	  109.828407	  134.861923  
	2120	  20.196985	  125.487297	  135.317459  
	2121	  275.512512	  141.303818	  133.370132  
	2122	  271.740753	  157.136475	  129.980286  
	2123	  270.364532	  173.504776	  127.536873  
	2124	  269.294861	  189.990463	  128.377258  
	2125	  100.651566	  44.574535	  30.225595  
	2126	  270.328156	  205.764130	  133.291916  
	2127	  87.264008	  46.270535	  34.010616  
	2128	  273.172211	  221.594818	  136.652191  
	2129	  199.300232	  192.938248	  60.936562  
	2131	  139.895538	  12.687468	  136.307541  
	2132	  184.915985	  192.124985	  56.506832  
	2134	  136.978485	  28.895897	  133.929077  
	2135	  169.082352	  196.081406	  53.756817  
	2136	  227.510880	  245.202164	  88.277992  
	2137	  134.567169	  45.207222	  131.655014  
	2138	  154.982849	  202.540421	  47.901127  
	2139	  241.871216	  246.372192	  79.944145  
	2140	  140.399017	  207.941254	  42.053314  
	2141	  256.493439	  242.826141	  72.900841  
   2  total number of boundary nodes
node bctyp press/flow   HD    PO2
	1	  0	  100.000000	  0.400000	  100.000000
	14	  0	  20.000000	  0.400000	  18.000000

